3 4 7 6 91.8 175.1 700.7 13.8 26.8 38 6.3 0 0.76 
7 4 9 0 91.7 48.5 696.1 11.1 16.8 45 4.5 0 6.83 
1 2 8 3 92.9 137 706.4 9.2 25.4 27 2.2 0 0 
5 4 2 4 91.7 33.3 77.5 9 15.6 25 6.3 0 0 
6 5 7 2 92.1 111.2 654.1 9.6 16.6 47 0.9 0 2.29 
6 5 8 5 92.2 102.3 751.5 8.4 19.7 35 1.8 0 0 
8 6 7 5 92.2 81.8 480.8 11.9 20.1 34 4.5 0 58.3 
6 3 8 0 91.5 130.1 807.1 7.5 12.2 66 4.9 0 6.1 
7 5 9 0 91.7 48.5 696.1 11.1 16.1 44 4 0 49.37 
6 5 2 0 87.2 15.1 36.9 7.1 10.2 45 5.8 0 3.18 
7 5 3 6 81.9 3 7.9 3.5 13.4 75 1.8 0 0 
2 2 7 0 91.1 103.2 638.8 5.8 23.1 31 3.1 0 0 
8 6 7 6 92.3 85.3 488 14.7 20.8 32 6.3 0 0 
8 6 7 0 91.5 145.4 608.2 10.7 8 86 2.2 0 0 
1 2 7 6 91.4 142.4 601.4 10.6 19.5 39 6.3 0 0 
4 4 7 1 94.8 108.3 647.1 17 16.6 54 5.4 0 0 
7 4 8 4 92.4 117.9 668 12.2 19 34 5.8 0 0 
4 4 3 4 83 23.3 85.3 2.3 16.7 20 3.1 0 0 
3 4 7 1 96.1 181.1 671.2 14.3 32.3 27 2.2 0 14.68 
7 4 8 5 91.2 124.4 795.3 8.5 21.5 28 4.5 0 15.64 
1 4 8 0 92.1 87.7 721.1 9.5 18.1 54 3.1 0 2.13 
6 5 2 4 91.2 48.3 97.8 12.5 14.6 26 9.4 0 2.53 
2 2 2 6 89.3 51.3 102.2 9.6 11.5 39 5.8 0 0 
8 6 7 6 90.2 99.6 631.2 6.3 16.2 59 3.1 0 32.07 
2 4 7 3 91.6 248.4 753.8 6.3 16.6 59 2.7 0 0 
1 4 8 5 92.2 102.3 751.5 8.4 24.2 27 3.1 0 0 
2 2 7 1 92.1 152.6 658.2 14.3 21.8 56 3.1 0 0.52 
4 4 7 2 95.1 141.3 605.8 17.7 28.7 33 4 0 0 
4 6 2 0 87.2 23.9 64.7 4.1 14 39 3.1 0 0 
6 3 3 6 91 14.6 25.6 12.3 13.7 33 9.4 0 61.13 
5 4 7 3 94.8 222.4 698.6 13.9 20.3 42 2.7 0 0 
6 3 3 2 88 17.2 43.5 3.8 15.2 51 2.7 0 0 
3 4 7 4 91.6 112.4 573 8.9 11.2 84 7.6 0 3.3 
2 2 7 2 92.1 111.2 654.1 9.6 18.4 45 3.6 0 1.63 
5 4 8 4 94.3 85.1 692.3 15.9 20.1 47 4.9 0 1.46 
7 6 6 1 93.1 180.4 430.8 11 26.9 28 5.4 0 86.45 
4 5 2 4 91.2 48.3 97.8 12.5 15.8 27 7.6 0 0 
7 4 8 6 89.6 84.1 714.3 5.7 17.1 53 5.4 0 0.41 
1 2 7 1 94.8 108.3 647.1 17 18.6 51 4.5 0 0 
2 3 8 0 91.6 108.4 764 6.2 18 51 5.4 0 0 
1 4 7 5 90.2 96.9 624.2 8.9 14.2 53 1.8 0 3.5 
6 6 7 5 96 164 643 14 30.8 30 4.9 0 8.59 
3 4 8 2 91.2 134.7 817.5 7.2 18.5 30 2.7 0 0 
4 4 11 0 85.4 25.4 349.7 2.6 4.6 21 8.5 0 9.77 
8 6 7 6 81.6 56.7 665.6 1.9 27.8 35 2.7 0 0 
5 4 7 6 91.8 175.1 700.7 13.8 25.7 39 5.4 0 0.09 
6 3 7 4 91.1 141.1 629.1 7.1 19.3 39 3.6 0 1.56 
4 6 8 3 93.7 80.9 685.2 17.9 17.6 42 3.1 0 0 
8 6 7 2 93.1 157.3 666.7 13.5 28.7 28 2.7 0 0 
3 4 8 0 91.8 78.5 724.3 9.2 18.9 35 2.7 0 0 
8 6 7 5 89.4 253.6 768.4 9.7 14.2 73 2.7 0 0 
7 4 6 5 91.6 104.2 474.9 9 22.1 49 2.7 0 0 
6 5 2 2 93.4 17.3 28.3 9.9 13.8 24 5.8 0 0 
1 3 8 0 88.6 91.8 709.9 7.1 12.4 73 6.3 0 30.32 
7 6 6 2 91.2 183.1 437.7 12.5 12.6 90 7.6 0.2 0 
3 4 2 5 91.7 35.8 80.8 7.8 15.2 27 4.9 0 0 
1 4 8 6 91 276.3 825.1 7.1 14.5 76 7.6 0 3.71 
1 4 6 1 92.3 96.2 450.2 12.1 23.4 31 5.4 0 0 
7 4 7 6 81.6 56.7 665.6 1.9 21.2 70 6.7 0 11.16 
6 5 2 6 90.1 37.6 83.7 7.2 12.4 54 3.6 0 12.1 
3 4 7 1 88.8 147.3 614.5 9 14.4 66 5.4 0 0 
3 4 7 0 91.5 145.4 608.2 10.7 10.3 74 2.2 0 0 
8 8 7 2 91.7 191.4 635.9 7.8 26.2 36 4.5 0 185.76 
7 5 5 6 93.1 180.4 430.8 11 22.2 48 1.3 0 0 
4 5 7 3 89.4 266.2 803.3 5.6 17.4 54 3.1 0 0 
2 4 7 2 94.5 139.4 689.1 20 29.2 30 4.9 0 1.95 
2 4 2 1 93.4 15 25.6 11.4 15.2 19 7.6 0 0 
4 4 7 1 93.7 102.2 550.3 14.6 22.1 54 7.6 0 0.79 
3 4 7 0 91.5 145.4 608.2 10.7 17.1 43 5.4 0 0 
6 5 4 5 85.1 28 113.8 3.5 11.3 94 4.9 0 0 
8 6 7 0 92.3 88.9 495.6 8.5 24.1 27 3.1 0 0 
1 2 7 3 91 163.2 744.4 10.1 26.7 35 1.8 0 5.8 
4 3 8 6 90.5 96.7 750.5 11.4 20.4 55 4.9 0 3.64 
8 6 7 6 91.4 142.4 601.4 10.6 18.2 43 4.9 0 0 
5 4 1 6 86.8 15.6 48.3 3.9 12.4 53 2.2 0 6.38 
1 4 7 4 90.5 196.8 649.9 16.3 11.8 88 4.9 0 9.71 
4 3 7 2 94.5 139.4 689.1 20 28.9 29 4.9 0 49.59 
2 5 7 6 94.9 130.3 587.1 14.1 33.1 25 4 0 26.43 
6 3 9 1 90.6 35.4 669.1 6.7 21.7 24 4.5 0 0 
8 6 7 2 85.6 90.4 609.6 6.6 17.4 50 4 0 2.69 
1 4 7 5 90.2 96.9 624.2 8.9 20.3 39 4.9 0 4.53 
2 2 7 6 90.2 99.6 631.2 6.3 20.8 33 2.7 0 0 
7 4 7 6 91.4 142.4 601.4 10.6 20.1 39 5.4 0 2.74 
1 2 7 3 91.7 114.3 661.3 6.3 20.2 45 3.6 0 0 
4 5 8 4 94.3 85.1 692.3 15.9 17.7 37 3.6 0 0 
3 3 8 5 92.2 102.3 751.5 8.4 24.2 27 3.1 0 6.58 
4 4 8 6 89.7 90 704.4 4.8 17.8 64 1.3 0 0 
5 4 8 4 92.1 99 745.3 9.6 12.8 64 3.6 0 1.64 
2 2 6 4 88.3 150.3 309.9 6.8 13.4 79 3.6 0 37.02 
2 5 5 3 93.7 121.7 350.2 18 22.7 40 9.4 0 3.19 
1 2 8 3 92.9 137 706.4 9.2 22.4 34 2.2 0 0 
6 3 8 4 88.6 69.7 706.8 5.8 20.6 37 1.8 0 0 
2 4 7 0 93.6 97.9 542 14.4 28.3 32 4 0 8.85 
8 6 6 1 92.3 88.8 440.9 8.5 17.1 67 3.6 0 6.57 
