6 5 1 0 84.1 4.6 46.7 2.2 5.3 68 1.8 0 0 
1 4 8 1 91 129.5 692.6 7 21.7 38 2.2 0 0.43 
8 6 7 1 92.1 152.6 658.2 14.3 20.1 58 4.5 0 9.27 
4 3 6 6 93.7 101.3 423.4 14.7 26.1 45 4 0 7.36 
8 6 7 4 93.9 135.7 586.7 15.1 20.8 34 4.9 0 6.96 
2 4 8 5 93.4 145.4 721.4 8.1 28.6 27 2.2 0 1.61 
4 5 8 5 92.5 88 698.6 7.1 20.3 45 3.1 0 0 
1 4 7 4 90.6 269.8 811.2 5.5 22.2 45 3.6 0 0 
8 5 8 6 89.7 90 704.4 4.8 17.8 67 2.2 0 2.01 
2 5 7 5 93.7 231.1 715.1 8.4 23.6 53 4 0 6.43 
5 6 2 5 90.6 50.1 100.4 7.8 15.1 64 4 0 13.99 
1 2 7 1 91 121.2 561.6 7 21.6 19 6.7 0 0 
9 9 1 3 84.2 6.8 26.6 7.7 6.7 79 3.1 0 0 
2 5 6 6 93.9 169.7 411.8 12.3 23.4 40 6.3 0 0 
2 2 1 5 79.5 3.6 15.3 1.8 4.6 59 0.9 0 6.84 
5 5 2 5 91.7 35.8 80.8 7.8 15.1 27 5.4 0 0 
3 5 2 1 88.1 25.7 67.6 3.8 14.9 38 2.7 0 0 
8 6 7 0 92.1 207 672.6 8.2 26.8 35 1.3 0 0.54 
3 4 2 4 91.7 33.3 77.5 9 18.8 18 4.5 0 0 
3 4 8 4 92.1 99 745.3 9.6 17.4 57 4.5 0 0 
3 6 5 4 91.1 94.1 232.1 7.1 19.2 38 4.5 0 0 
6 5 3 3 81.5 9.1 55.2 2.7 5.8 54 5.8 0 4.61 
4 5 8 5 92.5 121.1 674.4 8.6 17.7 25 3.1 0 154.88 
4 5 8 2 92.9 133.3 699.6 9.2 19.4 19 1.3 0 31.72 
8 6 7 6 91.4 142.4 601.4 10.6 19.6 41 5.8 0 196.48 
8 6 9 0 84.9 32.8 664.2 3 19.1 32 4 0 5.44 
8 6 5 6 90.4 89.5 290.8 6.4 15.4 45 2.2 0 0 
3 6 8 0 90.9 126.5 686.5 7 15.6 66 3.1 0 0 
5 5 7 6 94 47.9 100.7 10.7 17.3 80 4.5 0 0 
3 4 8 3 91.1 88.2 731.7 8.3 22.8 46 4 0 4.95 
2 2 7 5 93.5 139.4 594.2 20.3 22.9 31 7.2 0 15.45 
6 3 8 6 93.5 149.3 728.6 8.1 22.8 39 3.6 0 0 
2 2 8 4 92.4 117.9 668 12.2 23 37 4.5 0 0 
4 3 8 1 90.3 80.7 730.2 6.3 17.8 63 4.9 0 0 
2 5 9 6 92.6 46.5 691.8 8.8 15.4 35 0.9 0 0 
2 2 7 1 94.8 108.3 647.1 17 24.6 22 4.5 0 10.01 
1 2 7 5 93.7 231.1 715.1 8.4 25.9 32 3.1 0 0 
2 4 8 6 92.4 105.8 758.1 9.9 16 45 1.8 0 0 
8 6 7 0 92.1 207 672.6 8.2 25.5 29 1.8 0 1.23 
4 4 8 2 92.9 133.3 699.6 9.2 26.4 21 4.5 0 88.49 
4 3 7 6 90.2 99.6 631.2 6.3 21.5 34 2.2 0 0 
3 4 2 5 91.7 35.8 80.8 7.8 11.6 30 6.3 0 0 
5 4 7 1 95.1 141.3 605.8 17.7 24.1 43 6.3 0 2 
2 5 7 6 91.6 181.3 613 7.6 24.8 36 4 0 3.05 
6 3 2 5 90.6 50.1 100.4 7.8 15.2 31 8.5 0 1.94 
3 4 11 0 85.4 25.4 349.7 2.6 4.6 21 8.5 0 10.73 
4 4 8 6 92.4 124.1 680.7 8.5 16.9 60 1.3 0 29.48 
3 6 5 4 91.1 94.1 232.1 7.1 19.2 38 4.5 0 0 
8 6 8 0 91.6 108.4 764 6.2 22.7 35 2.2 0 7.48 
2 5 7 3 95.2 131.7 578.8 10.4 24.2 28 2.7 0 8.68 
7 4 9 4 90 41.5 682.6 8.7 11.3 60 5.4 0 0 
7 4 5 6 94.3 96.3 200 56.1 21 44 4.5 0 0 
7 4 8 3 89.7 287.2 849.3 6.8 19.4 45 3.6 0 0 
6 3 6 1 92.7 164.1 575.8 8.9 26.3 39 3.1 0 7.02 
2 4 8 0 91.6 108.4 764 6.2 20.4 41 1.8 0 1.47 
3 6 8 6 92.4 124.1 680.7 8.5 17.2 58 1.3 0 0 
7 4 2 6 90.7 44 92.4 5.5 11.5 60 4 0 8.24 
4 4 11 0 85.4 25.4 349.7 2.6 4.6 21 8.5 0 17.85 
4 6 2 6 89.3 51.3 102.2 9.6 10.6 46 4.9 0 0 
4 3 7 6 81.6 56.7 665.6 1.9 27.8 32 2.7 0 6.44 
7 4 8 6 91 276.3 825.1 7.1 13.8 77 7.6 0 11.06 
5 4 8 5 92.2 102.3 751.5 8.4 24.1 27 3.1 0 0 
6 3 8 0 91.8 78.5 724.3 9.2 21.2 32 2.7 0 0 
3 4 7 3 91.6 248.4 753.8 6.3 16.8 56 3.1 0 0 
1 2 6 5 90 51.3 296.3 8.7 16.6 53 5.4 0 0.71 
3 5 8 3 90.7 136.9 822.8 6.8 12.9 39 2.7 0 2.18 
7 5 8 1 91 129.5 692.6 7 20.7 37 2.2 0 17.2 
9 4 8 1 84.4 73.4 671.9 3.2 24.3 36 3.1 0 105.66 
6 5 5 0 90.4 93.3 298.1 7.5 20.7 25 4.9 0 0 
6 5 8 3 88.1 53.3 726.9 5.4 13.7 56 1.8 0 4.42 
6 4 5 6 90.4 89.5 290.8 6.4 14.3 46 1.8 0 0.9 
7 4 8 0 91.6 108.4 764 6.2 19.3 44 2.2 0 0 
8 3 8 3 93.7 80.9 685.2 17.9 23.2 26 4.9 0 23.41 
5 4 8 4 92.1 99 745.3 9.6 10.1 75 3.6 0 3.71 
3 4 7 2 93.1 157.3 666.7 13.5 21.7 40 0.4 0 2.47 
8 6 7 3 94.8 222.4 698.6 13.9 23.9 38 6.7 0 0 
8 6 7 3 95.2 131.7 578.8 10.4 20.7 45 2.2 0 2.55 
5 4 8 4 90.3 290 855.3 7.4 16.2 58 3.6 0 0 
8 6 7 3 90.7 194.1 643 6.8 21.3 41 3.6 0 0 
6 6 6 0 94.2 62.3 442.9 11 23 36 3.1 0 0 
8 6 7 0 92.1 207 672.6 8.2 21.1 54 2.2 0 0 
4 4 2 4 85.9 19.5 57.3 2.8 13.7 43 5.8 0 0 
4 4 2 1 88.1 25.7 67.6 3.8 14.1 43 2.7 0 0 
3 4 2 2 93.4 17.3 28.3 9.9 8.9 35 8 0 0 
6 5 2 0 90.1 39.7 86.6 6.2 15.2 27 3.1 0 31.86 
6 5 8 5 87.1 291.3 860.6 4 17 67 4.9 0 3.95 
4 3 7 3 91.7 114.3 661.3 6.3 17.6 45 3.6 0 0 
5 4 8 4 93.3 141.2 713.9 13.9 27.6 30 1.3 0 0 
4 4 8 4 92.1 99 745.3 9.6 20.8 35 4.9 0 13.06 
4 4 2 0 87.6 52.2 103.8 5 11 46 5.8 0 0 
4 3 8 5 92.2 102.3 751.5 8.4 23.5 27 4 0 3.33 
2 4 7 4 91 166.9 752.6 7.1 25.9 41 3.6 0 0 
4 4 7 4 94.3 167.6 684.4 13 21.8 53 3.1 0 6.54 
4 5 8 3 92.9 137 706.4 9.2 22.1 34 1.8 0 14.57 
