9 9 7 4 94.8 227 706.7 12 25 36 4 0 0 
8 6 8 4 91.1 91.3 738.1 7.2 20.7 46 2.7 0 30.18 
8 6 2 6 89.3 51.3 102.2 9.6 11.4 99 1.8 0 0 
7 4 7 5 90.2 110.9 537.4 6.2 19.5 43 5.8 0 0 
6 3 8 6 92.4 105.8 758.1 9.9 24.8 28 1.8 0 14.29 
7 4 9 1 90.6 35.4 669.1 6.7 18 33 0.9 0 0 
7 4 7 6 91.4 142.4 601.4 10.6 16.3 60 5.4 0 0 
2 4 7 6 93.6 235.1 723.1 10.1 20.9 66 4.9 0 15.34 
6 5 8 5 91.2 94.3 744.4 8.4 15.4 57 4.9 0 39.35 
5 4 8 3 92.8 119 783.5 7.5 21.6 28 6.3 0 4.41 
1 3 8 6 92.4 124.1 680.7 8.5 23.9 32 6.7 0 5.33 
6 5 3 3 81.5 9.1 55.2 2.7 5.8 54 5.8 0 10.93 
7 4 7 5 91.8 170.9 692.3 13.7 23.7 40 1.8 0 1.38 
4 4 2 5 91.7 35.8 80.8 7.8 17 27 4.9 0 28.66 
9 4 6 5 91.6 104.2 474.9 9 25.3 39 0.9 0 8 
4 4 8 3 92.9 137 706.4 9.2 20.8 17 1.3 0 0 
2 4 8 5 92.5 121.1 674.4 8.6 24.1 29 4.5 0 0 
2 2 7 1 94.6 212.1 680.9 9.5 27.9 27 2.2 0 0 
7 4 1 4 84.6 3.2 43.6 3.3 8.2 53 9.4 0 4.62 
8 6 7 5 93.7 231.1 715.1 8.4 26.9 31 3.6 0 4.96 
1 5 8 0 90.9 126.5 686.5 7 21 42 2.2 0 7.3 
4 5 7 6 92 203.2 664.5 8.1 10.4 75 0.9 0 0 
8 6 7 3 94.8 222.4 698.6 13.9 27.5 27 4.9 0 746.28 
7 3 2 0 87.6 52.2 103.8 5 11 46 5.8 0 27.35 
1 4 8 6 89.6 84.1 714.3 5.7 19 52 2.2 0 0 
2 4 7 2 92.2 91.6 503.6 9.6 20.7 70 2.2 0 0.75 
8 6 2 6 89.3 51.3 102.2 9.6 11.5 39 5.8 0 7.19 
4 3 8 4 90.3 290 855.3 7.4 19.9 44 3.1 0 7.8 
8 6 7 1 88.8 147.3 614.5 9 14.4 66 5.4 0 5.23 
2 5 7 3 87.5 77 694.8 5 22.3 46 4 0 0 
6 4 8 1 91 129.5 692.6 7 18.3 40 2.7 0 0 
8 6 7 5 92.2 81.8 480.8 11.9 16.4 43 4 0 71.3 
3 4 7 6 94.9 130.3 587.1 14.1 23.4 40 5.8 0 1.29 
3 4 6 0 94.6 160 567.2 16.7 17.9 48 2.7 0 0 
7 4 7 0 91.5 238.2 730.6 7.5 17.7 65 4 0 0 
4 4 7 3 95.8 152 624.1 13.8 32.4 21 4.5 0 0 
9 6 7 3 91.6 248.4 753.8 6.3 20.5 58 2.7 0 42.87 
6 5 7 2 93.1 157.3 666.7 13.5 22.1 37 3.6 0 0.21 
6 4 7 4 94.8 227 706.7 12 23.3 34 3.1 0 28.74 
6 3 8 0 91.5 130.1 807.1 7.5 20.6 37 1.8 0 0 
6 5 8 5 91.2 94.3 744.4 8.4 16.8 47 4.9 0 12.64 
4 5 8 3 92.9 137 706.4 9.2 21.5 15 0.9 0 11.06 
4 3 5 3 93 103.8 316.7 10.8 26.4 35 2.7 0 10.08 
5 4 8 4 92.1 99 745.3 9.6 10.1 75 3.6 0 0 
2 4 8 2 87.9 84.8 725.1 3.7 21.8 34 2.2 0 6.04 
4 3 8 3 92.9 137 706.4 9.2 27.7 24 2.2 0 0 
1 2 7 4 91 166.9 752.6 7.1 18.5 73 8.5 0 0 
2 5 8 0 90.9 126.5 686.5 7 21.9 39 1.8 0 0.47 
8 6 8 1 91 129.5 692.6 7 13.1 63 5.4 0 0 
4 4 2 0 87.2 23.9 64.7 4.1 11.8 35 1.8 0 0 
7 5 8 5 92.5 88 698.6 7.1 22.8 40 4 0 0 
2 5 6 5 90.8 84.7 376.6 5.6 23.8 51 1.8 0 0 
6 5 2 5 91.7 35.8 80.8 7.8 17.4 25 4.9 0 0 
2 5 7 2 95.5 99.9 513.3 13.2 23.8 32 5.4 0 0.77 
5 6 8 0 90.9 126.5 686.5 7 14.7 70 3.6 0 0 
5 4 6 2 93.7 101.3 458.8 11.9 19.3 39 7.2 0 7.73 
4 5 1 5 84.7 8.2 55 2.9 14.2 46 4 0 0 
5 4 3 6 91 14.6 25.6 12.3 17.6 27 5.8 0 0 
4 5 8 2 92.9 133.3 699.6 9.2 24.3 25 4 0 9.41 
8 5 7 2 93.1 157.3 666.7 13.5 26.8 25 3.1 0 0.68 
2 4 7 6 94.2 122.3 589.9 12.9 15.4 66 4 0 10.13 
4 5 8 0 88.6 91.8 709.9 7.1 17.4 56 5.4 0 0 
2 2 8 4 92.4 117.9 668 12.2 19.6 33 6.3 0 0 
7 4 8 2 90.1 82.9 735.7 6.2 15.4 57 4.5 0 37.71 
9 5 5 2 93.3 49.5 297.7 14 28 34 4.5 0 0 
7 4 6 6 93.7 101.3 423.4 14.7 18.2 82 4.5 0 2.21 
6 3 8 4 94.3 85.1 692.3 15.9 25.4 24 3.6 0 0 
7 4 1 6 83.9 8.7 32.1 2.1 8.8 68 2.2 0 13.05 
4 4 9 5 90.6 43.7 686.9 6.7 18.4 25 3.1 0 24.23 
8 6 7 5 93.7 231.1 715.1 8.4 18.9 64 4.9 0 0 
8 6 7 3 91.6 248.4 753.8 6.3 20.4 56 2.2 0 0 
7 4 7 6 94.8 108.3 647.1 17 16.4 47 1.3 0 1.56 
7 4 8 2 89.7 284.9 844 10.1 10.5 77 4 0 0 
1 2 7 4 91 166.9 752.6 7.1 25.9 41 3.6 0 0 
6 5 8 4 90.3 290 855.3 7.4 10.3 78 4 0 18.3 
3 4 8 6 92.4 124.1 680.7 8.5 22.5 42 5.4 0 0 
5 6 8 2 94.3 85.1 692.3 15.9 25.9 24 4 0 0 
1 2 8 3 92.9 137 706.4 9.2 21.5 15 0.9 0 0 
6 4 8 1 91 129.5 692.6 7 18.7 43 2.7 0 103.39 
7 4 7 6 91.6 181.3 613 7.6 19.3 61 4.9 0 0 
3 4 7 1 92.1 152.6 658.2 14.3 21 32 3.1 0 0 
8 6 8 5 92.5 121.1 674.4 8.6 17.8 56 1.8 0 1.95 
9 4 5 5 90.5 61.1 252.6 9.4 24.5 50 3.1 0 70.32 
8 6 7 1 96.1 181.1 671.2 14.3 21.6 65 4.9 0.8 0 
4 3 2 0 87.6 52.2 103.8 5 11 46 5.8 0 36.85 
2 4 8 6 50.4 46.2 706.6 0.4 12.2 78 6.3 0 0 
6 5 8 1 91.9 111.7 770.3 6.5 19.6 45 3.1 0 20.03 
6 5 2 3 91.3 20.6 43.5 8.5 13.3 27 3.6 0 6.61 
1 3 7 4 95.9 158 633.6 11.3 27.5 29 4.5 0 43.32 
2 5 8 4 90.3 290 855.3 7.4 16.2 58 3.6 0 9.96 
6 5 7 1 94.3 131.7 607.1 22.7 19.4 55 4 0 0.17 
7 5 7 1 96.1 181.1 671.2 14.3 21.6 65 4.9 0.8 0 
3 5 2 1 88.1 25.7 67.6 3.8 15.5 27 6.3 0 0 
4 3 8 4 92.5 122 789.7 10.2 17.3 45 4 0 3.94 
