2 5 8 0 91.6 108.4 764 6.2 19.3 44 2.2 0 3.93 
4 5 8 1 91.1 132.3 812.1 12.5 16.4 27 3.6 0 0 
6 5 7 4 91 166.9 752.6 7.1 18.2 62 5.4 0 0.43 
5 4 1 4 85.2 4.9 15.8 6.3 7.5 46 8 0 24.24 
3 4 2 0 90.1 39.7 86.6 6.2 10.6 30 4 0 0 
8 6 6 6 88.9 263.1 795.9 5.2 29.3 27 3.6 0 6.3 
3 4 7 6 91.4 142.4 601.4 10.6 19.8 39 5.4 0 0 
6 5 7 2 96 127.1 570.5 16.5 23.4 33 4.5 0 2.51 
6 5 3 0 87.9 24.9 41.6 3.7 10.9 64 3.1 0 3.35 
2 4 8 0 63.5 70.8 665.3 0.8 22.6 38 3.6 0 11.32 
3 4 8 6 90.5 96.7 750.5 11.4 20.6 55 5.4 0 24.59 
7 4 7 4 94.8 227 706.7 12 23.3 34 3.1 0 0 
4 4 7 5 90.2 96.9 624.2 8.9 18.4 42 6.7 0 0 
3 4 8 1 84.4 73.4 671.9 3.2 17.9 45 3.1 0 0 
5 4 2 0 90.1 39.7 86.6 6.2 13.2 40 5.4 0 0.95 
2 4 7 2 95.2 217.7 690 18 30.8 19 4.5 0 0 
3 4 7 6 91.6 181.3 613 7.6 24.6 44 4 0 3.2 
8 6 7 0 91.1 103.2 638.8 5.8 23.4 22 2.7 0 0 
4 6 11 3 84.6 26.4 352 2 5.1 61 4.9 0 5.38 
6 5 7 6 92 203.2 664.5 8.1 19.1 70 2.2 0 0 
6 4 1 1 75.1 4.4 16.2 1.9 5.1 77 5.4 0 2.14 
6 3 8 4 92.5 122 789.7 10.2 19.7 39 2.7 0 0 
3 4 7 6 91.4 142.4 601.4 10.6 19.8 39 5.4 0 0 
8 5 7 2 93.1 157.3 666.7 13.5 24 36 3.1 0 0.24 
1 2 7 2 95.5 99.9 513.3 13.2 23.3 31 4.5 0 0.55 
2 5 7 1 92.1 152.6 658.2 14.3 20.2 47 4 0 3.09 
8 6 7 6 92.3 85.3 488 14.7 22.2 29 5.4 0 0 
7 4 6 0 89.2 103.9 431.6 6.4 22.6 57 4.9 0 278.53 
1 4 8 3 92.8 119 783.5 7.5 16.8 28 4 0 7.21 
1 3 7 4 95.9 158 633.6 11.3 32.4 27 2.2 0 0 
4 4 8 6 93.5 149.3 728.6 8.1 22.9 39 4.9 0 48.55 
4 3 4 4 89.6 25.4 73.7 5.7 18 40 4 0 38.48 
3 4 8 4 94.3 85.1 692.3 15.9 19.8 50 5.4 0 0 
7 4 1 0 84.7 9.5 58.3 4.1 7.5 71 6.3 0 9.96 
3 4 6 2 91.9 133.6 520.5 8 14.2 58 4 0 0 
4 5 7 2 95.2 217.7 690 18 23.4 49 5.4 0 6.43 
2 2 1 4 86.6 13.2 43 5.3 12.3 51 0.9 0 0 
4 4 8 5 92.5 88 698.6 7.1 19.6 48 2.7 0 0 
7 4 8 4 92.1 99 745.3 9.6 20.6 43 3.6 0 2.03 
4 4 8 5 91.2 124.4 795.3 8.5 17.1 41 2.2 0 11.22 
6 3 8 5 93.4 145.4 721.4 8.1 30.2 24 2.7 0 0 
3 4 8 6 89.7 90 704.4 4.8 22.8 39 3.6 0 0 
4 3 6 3 93.5 85.3 395 9.9 27.2 28 1.3 0 1.76 
9 9 6 1 85.8 48.3 313.4 3.9 18 42 2.7 0 0.36 
7 4 2 0 90.1 39.7 86.6 6.2 16.1 29 3.1 0 1.75 
1 2 7 6 90.2 99.6 631.2 6.3 17.9 44 2.2 0 0 
7 4 8 4 92.1 99 745.3 9.6 18.7 50 2.2 0 5.97 
9 9 1 4 86.6 13.2 43 5.3 15.7 43 3.1 0 0 
8 6 7 6 94.9 130.3 587.1 14.1 31 27 5.4 0 0 
7 4 9 5 90.6 43.7 686.9 6.7 14.6 33 1.3 0 0 
9 9 6 3 93.2 114.4 560 9.5 30.2 25 4.5 0 2.75 
7 5 8 5 92.5 88 698.6 7.1 17.8 51 7.2 0 0 
6 5 5 4 92.5 56.4 433.3 7.1 23.2 39 5.4 0 1.19 
8 6 11 2 84 27.8 354.6 5.3 5.1 61 8 0 11.19 
8 6 7 2 95.2 217.7 690 18 28.2 29 1.8 0 5.86 
1 5 8 6 93.5 149.3 728.6 8.1 27.8 27 3.1 0 95.18 
5 5 2 3 90.9 18.9 30.6 8 11.6 48 5.4 0 0 
3 5 7 5 93.5 139.4 594.2 20.3 17.6 52 5.8 0 0 
7 4 7 5 93.5 139.4 594.2 20.3 5.1 96 5.8 0 26 
4 3 8 0 91.6 108.4 764 6.2 9.8 86 1.8 0 0 
3 4 1 5 83.9 8 30.2 2.6 12.7 48 1.8 0 0 
2 2 7 3 93 75.3 466.6 7.7 18.8 35 4.9 0 0 
1 3 7 3 94.8 222.4 698.6 13.9 26.2 34 5.8 0 0 
2 4 7 6 81.6 56.7 665.6 1.9 21.9 71 5.8 0 54.29 
4 3 6 3 93.2 114.4 560 9.5 30.2 22 4.9 0 0 
8 6 7 5 93.7 231.1 715.1 8.4 18.9 64 4.9 0 3.32 
6 3 8 1 90.3 80.7 730.2 6.3 18.2 62 4.5 0 0 
2 5 7 4 93.9 135.7 586.7 15.1 23.5 36 5.4 0 10.02 
2 5 6 5 91.6 104.2 474.9 9 18.7 53 1.8 0 0 
4 4 8 2 92.6 115.4 777.1 8.8 19.7 41 1.8 0 1.58 
6 5 2 4 91.2 48.3 97.8 12.5 11.7 33 4 0 8.31 
4 5 2 3 91.4 30.7 74.3 7.5 18.2 29 3.1 0 0 
8 6 9 2 91.4 37.9 673.8 5.2 20.2 37 2.7 0 13.7 
7 4 6 5 91.6 104.2 474.9 9 24.2 32 1.8 0 0 
6 5 8 5 92.5 121.1 674.4 8.6 25.1 27 4 0 1090.84 
1 3 8 5 91.2 94.3 744.4 8.4 22.3 48 4 0 0.72 
2 5 8 1 91 129.5 692.6 7 17.6 46 3.1 0 7.04 
3 5 2 0 87.6 52.2 103.8 5 9 49 2.2 0 0 
7 4 8 4 92.1 99 745.3 9.6 19.8 47 2.7 0 1.72 
1 3 7 5 92.1 178 605.3 9.6 23.3 40 4 0 6.36 
7 4 7 5 93.5 139.4 594.2 20.3 23.7 32 5.8 0 0 
7 4 8 4 92.4 117.9 668 12.2 19 34 5.8 0 1.69 
4 4 8 4 92.1 99 745.3 9.6 15.4 53 6.3 0 7.31 
4 5 7 0 96.2 175.5 661.8 16.8 32.6 26 3.1 0 2.77 
9 9 6 6 90.1 68.6 355.2 7.2 24.8 29 2.2 0 1.36 
8 6 2 4 91.7 35.8 80.8 7.8 17.4 24 5.4 0 0 
6 5 8 4 92.5 122 789.7 10.2 18.4 42 2.2 0 1.09 
2 2 7 1 92.1 152.6 658.2 14.3 23.7 24 3.1 0 0 
2 2 7 3 91.7 114.3 661.3 6.3 18.6 44 4.5 0 0 
1 3 8 6 91 276.3 825.1 7.1 21.9 43 4 0 70.76 
1 4 7 5 94.4 146 614.7 11.3 25.6 42 4 0 0 
6 5 8 5 92.2 102.3 751.5 8.4 21.2 32 2.2 0 0 
9 5 5 2 93.3 49.5 297.7 14 28 34 4.5 0 8.16 
4 6 11 4 84.7 26.7 352.6 4.1 2.2 59 4.9 0 9.27 
