8 6 2 4 91.7 33.3 77.5 9 8.3 97 4 0.2 0 
6 5 7 4 63.5 70.8 665.3 0.8 17 72 6.7 0 0 
6 5 8 0 90.9 126.5 686.5 7 21.3 42 2.2 0 0 
6 5 8 4 93.3 141.2 713.9 13.9 22.9 44 5.4 0 0 
6 4 2 2 89.2 27.9 70.8 6.3 15.9 35 4 0 0 
6 4 3 5 86.3 27.4 97.1 5.1 9.3 44 4.5 0 0 
6 3 8 0 88.6 91.8 709.9 7.1 11.2 78 7.6 0 0 
6 3 8 6 91.7 75.6 718.3 7.8 17.7 39 3.6 0 0 
7 3 9 5 90.6 43.7 686.9 6.7 17.8 27 4 0 0 
2 2 1 0 84 9.3 34 2.1 13.9 40 5.4 0 0 
2 2 2 6 89.3 51.3 102.2 9.6 5.5 59 6.3 0 0 
2 2 8 4 92.4 117.9 668 12.2 19.6 33 5.4 0 0 
4 5 2 4 91.7 33.3 77.5 9 17.2 26 4.5 0 0 
5 4 7 1 88.8 147.3 614.5 9 17.3 43 4.5 0 0 
1 3 2 0 87.6 52.2 103.8 5 8.3 72 3.1 0 0 
1 2 7 4 90.1 108 529.8 12.5 14.7 66 2.7 0 0 
1 2 7 2 92.1 111.2 654.1 9.6 16.6 47 0.9 0 0 
6 5 7 5 90.2 96.9 624.2 8.9 14.7 59 5.8 0 0 
2 4 7 1 94.8 108.3 647.1 17 20.1 40 4 0 0 
4 5 2 4 85.9 19.5 57.3 2.8 12.7 52 6.3 0 0 
3 4 2 1 88.1 25.7 67.6 3.8 15.8 27 7.6 0 0 
3 4 7 3 93 75.3 466.6 7.7 19.6 36 3.1 0 0 
3 5 9 2 91.4 37.9 673.8 5.2 15.9 46 3.6 0 0 
4 6 1 5 68.2 21.5 87.2 0.8 15.4 40 2.7 0 0 
8 6 7 4 90.1 108 529.8 12.5 21.2 51 8.9 0 0.61 
6 5 7 3 95.2 131.7 578.8 10.4 27.4 22 4 0 0.9 
2 2 7 1 94.8 108.3 647.1 17 17.4 43 6.7 0 1.07 
8 6 8 3 93.7 80.9 685.2 17.9 23.7 25 4.5 0 1.12 
1 5 8 5 93.4 145.4 721.4 8.1 29.6 27 2.7 0 1.46 
2 4 7 2 92.1 111.2 654.1 9.6 20.5 35 4 0 1.64 
6 4 7 3 95.2 131.7 578.8 10.4 20.3 41 4 0 1.9 
6 5 2 3 84.9 18.2 55 3 5.3 70 4.5 0 2.14 
5 4 8 2 92.9 133.3 699.6 9.2 21.9 35 1.8 0 2.57 
4 4 8 0 90.9 126.5 686.5 7 17.7 39 2.2 0 3.07 
2 5 7 6 90.2 99.6 631.2 6.3 19.2 44 2.7 0 4.69 
6 4 2 5 90.8 41.9 89.4 7.9 13.3 42 0.9 0 7.4 
2 2 7 1 94.8 108.3 647.1 17 24.6 22 4.5 0 8.71 
3 4 8 1 91 129.5 692.6 7 13.9 59 6.3 0 11.24 
6 5 8 4 92.4 117.9 668 12.2 19.6 33 6.3 0 19.23 
4 4 2 5 91.7 35.8 80.8 7.8 17 27 4.9 0 28.66 
4 6 8 6 93.5 149.3 728.6 8.1 28.3 26 3.1 0 64.1 
2 2 8 5 92.5 121.1 674.4 8.6 18.2 46 1.8 0 200.94 
1 2 8 1 91 129.5 692.6 7 18.8 40 2.2 0 212.88 
7 4 7 6 91.8 175.1 700.7 13.8 21.9 73 7.6 1 0 
2 4 7 6 91.8 175.1 700.7 13.8 22.4 54 7.6 0 2.87 
7 4 7 3 91.9 109.2 565.5 8 21.4 38 2.7 0 1.52 
8 6 7 5 94.2 117.2 581.1 11 23.9 41 2.2 0 8.02 
4 3 7 5 94.2 117.2 581.1 11 21.4 44 2.7 0 0.68 
3 4 7 5 91.8 170.9 692.3 13.7 20.6 59 0.9 0 0 
2 4 7 4 91.6 112.4 573 8.9 21.4 42 3.1 0 4.25 
4 4 7 1 92.1 152.6 658.2 14.3 19.1 53 2.7 0 4.4 
4 6 11 6 84.4 27.2 353.5 6.8 4.8 57 8.5 0 8.98 
6 5 11 1 85.4 25.4 349.7 2.6 5.1 24 8.5 0 24.77 
7 4 6 5 91.6 104.2 474.9 9 24.3 30 1.8 0 0 
6 5 5 5 53.4 71 233.8 0.4 10.6 90 2.7 0 0 
6 5 5 0 90.4 93.3 298.1 7.5 19.1 39 5.4 0 3.52 
3 4 8 6 89.6 84.1 714.3 5.7 23.8 35 3.6 0 5.18 
2 4 8 6 92.4 105.8 758.1 9.9 24.9 27 2.2 0 0 
7 4 8 6 92.4 105.8 758.1 9.9 25.3 27 2.7 0 0 
6 5 8 2 92.6 115.4 777.1 8.8 24.3 27 4.9 0 0 
4 5 8 3 92.4 96.2 739.4 8.6 18.6 24 5.8 0 0 
6 5 8 3 92.8 119 783.5 7.5 21.6 27 2.2 0 0 
6 3 8 3 92.8 119 783.5 7.5 18.9 34 7.2 0 34.36 
6 5 8 3 92.8 119 783.5 7.5 16.8 28 4 0 1.01 
8 6 8 0 91.9 111.7 770.3 6.5 15.7 51 2.2 0 0 
8 6 8 0 91.5 130.1 807.1 7.5 15.9 51 4.5 0 2.18 
4 4 8 4 92.1 99 745.3 9.6 20.8 35 4.9 0 1.26 
6 3 8 4 92.5 122 789.7 10.2 15.9 55 3.6 0 0 
1 4 8 4 92.5 122 789.7 10.2 21.1 39 2.2 0 8.12 
7 4 8 4 88.2 55.2 732.3 11.6 15.2 64 3.1 0 0.52 
4 3 8 1 91.9 111.7 770.3 6.5 15.9 53 2.2 0 2.93 
6 5 8 1 91.9 111.7 770.3 6.5 21.1 35 2.7 0 5.65 
4 5 8 1 91.1 132.3 812.1 12.5 15.9 38 5.4 0 1.75 
4 5 8 6 91 276.3 825.1 7.1 13.8 77 7.6 0 0 
2 2 7 5 93.7 231.1 715.1 8.4 21.9 42 2.2 0 174.63 
6 5 2 3 90.9 18.9 30.6 8 8.7 51 5.8 0 0 
4 5 0 6 18.7 1.1 171.4 0 5.2 100 0.9 0 0 
2 4 7 6 91.6 181.3 613 7.6 20.9 50 2.2 0 16 
5 6 7 6 91.6 181.3 613 7.6 24.3 33 3.6 0 3.63 
6 3 1 4 84.1 7.3 52.8 2.7 14.7 42 2.7 0 0 
9 4 6 0 92.3 92.1 442.1 9.8 22.8 27 4.5 0 1.63 
2 2 7 3 91.6 248.4 753.8 6.3 20.4 56 2.2 0 0 
1 3 8 4 91.1 91.3 738.1 7.2 19.1 46 2.2 0 0.33 
1 2 6 4 90.7 80.9 368.3 16.8 14.8 78 8 0 0 
1 4 7 2 91.7 191.4 635.9 7.8 19.9 50 4 0 82.75 
7 4 7 5 91.6 273.8 819.1 7.7 15.5 72 8 0 1.94 
2 5 7 5 93.7 231.1 715.1 8.4 18.9 64 4.9 0 0 
6 5 1 1 75.1 4.4 16.2 1.9 4.6 82 6.3 0 5.39 
3 4 2 2 90.2 18.5 41.1 7.3 11.2 41 5.4 0 5.55 
4 4 7 2 95.1 141.3 605.8 17.7 20.6 58 1.3 0 0 
7 5 7 1 96.1 181.1 671.2 14.3 27.3 63 4.9 6.4 10.82 
4 4 7 1 96.1 181.1 671.2 14.3 20.7 69 4.9 0.4 0 
5 4 7 4 91 166.9 752.6 7.1 21.1 71 7.6 1.4 2.17 
6 3 10 1 79.5 3 106.7 1.1 11.8 31 4.5 0 0 
