6.4 0.34 0.2 14.9 0.06 37 162 0.9983 3.13 0.45 9 4 
6.6 0.18 0.28 1.7 0.041 53 161 0.99207 3.13 0.45 10.2 6 
5.2 0.5 0.18 2 0.036 23 129 0.98949 3.36 0.77 13.4 7 
6 0.14 0.37 1.2 0.032 63 148 0.99185 3.32 0.44 11.2 5 
7.5 0.17 0.71 11.8 0.038 52 148 0.99801 3.03 0.46 8.9 5 
6.8 0.37 0.51 11.8 0.044 62 163 0.9976 3.19 0.44 8.8 5 
6.4 0.17 0.32 2.4 0.048 41 200 0.9938 3.5 0.5 9.7 6 
5.7 0.16 0.32 1.2 0.036 7 89 0.99111 3.26 0.48 11 5 
8 0.22 0.42 14.6 0.044 45 163 1.0003 3.21 0.69 8.6 7 
7.6 0.29 0.49 9.6 0.03 45 197 0.9938 3.13 0.38 12.3 7 
7.5 0.18 0.45 4.6 0.041 67 158 0.9927 3.01 0.38 10.6 6 
6 0.32 0.3 1.3 0.025 18 112 0.98802 3.07 0.64 13.3 7 
6.2 0.28 0.27 10.3 0.03 26 108 0.99388 3.2 0.36 10.7 6 
5.6 0.3 0.1 6.4 0.043 34 142 0.99382 3.14 0.48 9.8 5 
6.8 0.18 0.28 8.7 0.047 52 242 0.9952 3.22 0.53 10.5 6 
5.9 0.21 0.28 4.6 0.053 40 199 0.9964 3.72 0.7 10 4 
5.3 0.36 0.27 6.3 0.028 40 132 0.99186 3.37 0.4 11.6 6 
6.4 0.18 0.48 4 0.186 64 150 0.9945 3.06 0.4 9.3 5 
7.2 0.21 0.37 1.6 0.049 23 94 0.9924 3.16 0.48 10.9 7 
6.6 0.32 0.27 10.9 0.041 37 146 0.9963 3.24 0.47 10 5 
4.9 0.47 0.17 1.9 0.035 60 148 0.98964 3.27 0.35 11.5 6 
6.4 0.26 0.21 7.1 0.04 35 162 0.9956 3.39 0.58 9.9 6 
8.2 0.61 0.45 5.4 0.03 15 118 0.9954 3.14 0.34 9.6 5 
6.3 0.35 0.26 17.6 0.061 59 198 0.99918 3.11 0.49 8.8 5 
8.6 0.17 0.28 2.7 0.047 38 150 0.99365 3.1 0.56 10.8 6 
8.2 0.32 0.26 2.1 0.062 26 87 0.98974 3.1 0.47 12.8 6 
6.4 0.25 0.28 4.9 0.03 29 98 0.99024 3.09 0.58 12.8 7 
6.9 0.33 0.28 1.3 0.051 37 187 0.9927 3.27 0.6 10.3 5 
6.6 0.27 0.41 1.3 0.052 16 142 0.9951 3.42 0.47 10 6 
7 0.16 0.3 2.6 0.043 34 90 0.99047 2.88 0.47 11.2 6 
6.2 0.36 0.38 3.2 0.031 20 89 0.98956 3.06 0.33 12 7 
6.6 0.17 0.26 7.4 0.052 45 128 0.99388 3.16 0.37 10 6 
6.5 0.18 0.33 8 0.051 16 131 0.9965 3.28 0.44 8.7 7 
9.4 0.42 0.32 6.5 0.027 20 167 0.99479 3.08 0.43 10.6 5 
6.8 0.21 0.42 1.2 0.045 24 126 0.99234 3.09 0.87 10.9 6 
6.4 0.21 0.28 5.9 0.047 29 101 0.99278 3.15 0.4 11 6 
7 0.21 0.42 5.3 0.037 36 123 0.99321 3.14 0.52 10.9 6 
6.1 0.16 0.24 1.4 0.046 17 77 0.99319 3.66 0.57 10.3 6 
7.4 0.29 0.48 12.8 0.037 61.5 182 0.99808 3.02 0.34 8.8 5 
4.8 0.26 0.23 10.6 0.034 23 111 0.99274 3.46 0.28 11.5 7 
6.6 0.3 0.24 1.2 0.034 17 121 0.9933 3.13 0.36 9.2 5 
7.2 0.29 0.4 7.6 0.024 56 177 0.9928 3.04 0.32 11.5 6 
8.6 0.2 0.42 1.5 0.041 35 125 0.9925 3.11 0.49 11.4 7 
6.3 0.31 0.3 10 0.046 49 212 0.9962 3.74 0.55 11.9 6 
6.4 0.24 0.49 5.8 0.053 25 120 0.9942 3.01 0.98 10.5 6 
5.3 0.585 0.07 7.1 0.044 34 145 0.9945 3.34 0.57 9.7 6 
7.3 0.19 0.24 6.3 0.054 34 231 0.9964 3.36 0.54 10 6 
6.3 0.34 0.33 4.6 0.034 19 80 0.9917 3.38 0.58 12 7 
7.5 0.29 0.67 8.1 0.037 53 166 0.9966 2.9 0.41 8.9 6 
7.4 0.29 0.31 1.7 0.035 23 110 0.9926 3.07 0.38 10.9 5 
7.9 0.27 0.27 1.7 0.034 25 122 0.99088 2.97 0.51 11.9 6 
6.1 0.27 0.32 1.1 0.034 24 110 0.9898 3.36 0.4 12.5 6 
6.8 0.28 0.4 22 0.048 48 167 1.001 2.93 0.5 8.7 5 
6.9 0.28 0.37 9.1 0.037 16 76 0.9948 3.05 0.54 11.1 5 
7 0.16 0.32 8.3 0.045 38 126 0.9958 3.21 0.34 9.2 5 
7.6 0.36 0.44 8.3 0.255 28 142 0.9958 3.12 0.43 10.2 6 
8.9 0.21 0.37 1.2 0.028 20 93 0.99244 3.2 0.37 11.5 5 
6.8 0.26 0.43 11.75 0.045 53 198 0.9969 3.26 0.55 9.5 5 
5.1 0.35 0.26 6.8 0.034 36 120 0.99188 3.38 0.4 11.5 6 
6.3 0.27 0.37 7.9 0.047 58 215 0.99542 3.19 0.48 9.5 6 
7.8 0.965 0.6 65.8 0.074 8 160 1.03898 3.39 0.69 11.7 6 
7.2 0.22 0.49 1 0.045 34 140 0.99 3.05 0.34 12.7 6 
7.3 0.26 0.33 11.8 0.057 48 127 0.99693 3.1 0.55 10 6 
4.7 0.67 0.09 1 0.02 5 9 0.98722 3.3 0.34 13.6 5 
6.6 0.24 0.38 8 0.042 56 187 0.99577 3.21 0.46 9.2 5 
6.8 0.17 0.17 5.1 0.049 26 82 0.993 3 0.38 9.8 6 
6.4 0.16 0.28 2.2 0.042 33 93 0.9914 3.31 0.43 11.1 6 
9.2 0.14 0.37 1.1 0.034 36 84 0.99136 3.05 0.55 11.6 6 
7.3 0.3 0.22 6.4 0.056 44 168 0.9947 3.13 0.35 10.1 6 
5.8 0.27 0.27 12.3 0.045 55 170 0.9972 3.28 0.42 9.3 6 
8 0.22 0.42 14.6 0.044 45 163 1.0003 3.21 0.69 8.6 7 
6.2 0.36 0.22 5.25 0.038 44 145 0.99184 3.22 0.4 11.2 6 
8 0.34 0.25 6.4 0.035 38 103 0.99148 2.91 0.23 12.2 6 
6.8 0.32 0.37 3.4 0.023 19 87 0.9902 3.14 0.53 12.7 6 
9.6 0.29 0.46 1.45 0.039 77.5 223 0.9944 2.92 0.46 9.5 6 
6.2 0.24 0.27 2.9 0.039 30 123 0.98959 3.12 0.37 12.8 6 
8.3 0.49 0.23 6.65 0.034 6 158 0.99344 3.05 0.48 11.2 5 
8 0.36 0.43 10.1 0.053 29 146 0.9982 3.4 0.46 9.5 6 
9 0.24 0.5 1.2 0.048 26 107 0.9918 3.21 0.34 12.4 6 
6.5 0.29 0.3 9.15 0.051 25 166 0.99339 3.24 0.56 11.3333333333333 6 
6.4 0.36 0.2 5.7 0.118 61 172 0.9946 3.24 0.43 9.5 6 
9 0.2 0.33 3.5 0.049 10 40 0.9944 3.14 0.36 9.8 6 
6.6 0.37 0.07 1.4 0.048 58 144 0.9922 3.17 0.38 10 5 
7.3 0.19 0.27 13.9 0.057 45 155 0.99807 2.94 0.41 8.8 8 
6.7 0.26 0.26 4.1 0.073 36 202 0.9956 3.3 0.67 9.5 5 
6.5 0.26 0.24 10.8 0.042 47 130 0.996 3.08 0.4 10.1 6 
5.1 0.165 0.22 5.7 0.047 42 146 0.9934 3.18 0.55 9.9 6 
6.3 0.18 0.24 3.4 0.053 20 119 0.99373 3.11 0.52 9.2 6 
6.8 0.27 0.24 4.6 0.098 36 127 0.99412 3.15 0.49 9.6 6 
8.3 0.26 0.41 9.2 0.042 41 162 0.9944 3.1 0.38 12 7 
7.2 0.16 0.49 1.3 0.037 27 104 0.9924 3.23 0.57 10.6 6 
5.9 0.19 0.21 1.7 0.045 57 135 0.99341 3.32 0.44 9.5 5 
6.5 0.32 0.23 8.5 0.051 20 138 0.9943 3.03 0.42 10.7 5 
6.8 0.11 0.42 1.1 0.042 51 132 0.99059 3.18 0.74 11.3 7 
6.8 0.21 0.62 6.4 0.041 7 113 0.99358 2.96 0.59 10.2 5 
7.3 0.19 0.27 1.6 0.027 35 136 0.99248 3.38 0.54 11 7 
7.8 0.24 0.38 2.1 0.058 14 167 0.994 3.21 0.55 9.9 5 
7.4 0.44 0.2 11.5 0.049 44 157 0.998 3.27 0.44 9 5 
6.8 0.35 0.53 10.1 0.053 37 151 0.9963 3.07 0.4 9.4 5 
6 0.34 0.32 3.8 0.044 13 116 0.99108 3.39 0.44 11.8 7 
7.3 0.4 0.26 5.45 0.016 26 90 0.98951 2.84 0.54 13.2 7 
7.3 0.25 0.26 7.2 0.048 52 207 0.99587 3.12 0.37 9.2 5 
6.6 0.38 0.15 4.6 0.044 25 78 0.9931 3.11 0.38 10.2 6 
6 0.17 0.33 6 0.036 30 111 0.99362 3.32 0.58 10.15 7 
7.9 0.255 0.26 2 0.026 40 190 0.9932 3.04 0.39 11.2 6 
6.6 0.21 0.34 5.6 0.046 30 140 0.99299 3.22 0.38 11 5 
7 0.29 0.37 4.9 0.034 26 127 0.9928 3.17 0.44 10.8 6 
6 0.28 0.24 17.8 0.047 42 111 0.99896 3.1 0.45 8.9 6 
6.1 0.3 0.47 1.4 0.049 50 187 0.9927 3.19 0.45 9.5 5 
5.8 0.3 0.09 6.3 0.042 36 138 0.99382 3.15 0.48 9.7 5 
6.2 0.17 0.3 1.1 0.037 14 79 0.993 3.5 0.54 10.3 6 
7.5 0.18 0.31 6.5 0.029 53 160 0.99276 3.03 0.38 10.9 6 
7.4 0.41 0.34 4.7 0.042 19 127 0.9953 3.25 0.42 10.4 5 
7.1 0.36 0.37 4.8 0.019 39 114 0.99036 3.08 0.49 12.7 7 
7.4 0.38 0.34 8.3 0.052 44 168 0.99627 3.11 0.52 9.2 5 
8 0.22 0.28 14 0.053 83 197 0.9981 3.14 0.45 9.8 6 
7.6 0.21 0.6 2.1 0.046 47 165 0.9936 3.05 0.54 10.1 7 
6.5 0.35 0.36 0.8 0.034 32 111 0.98942 3.11 0.5 12.1 8 
7 0.31 0.31 9.1 0.036 45 140 0.99216 2.98 0.31 12 7 
7.1 0.43 0.25 2.8 0.036 43 132 0.98975 3.21 0.47 13.4 6 
6.4 0.28 0.28 3 0.04 19 98 0.99216 3.25 0.47 11.1 6 
7.5 0.24 0.31 13.1 0.05 26 180 0.99884 3.05 0.53 9.1 6 
6.8 0.33 0.31 7.4 0.045 34 143 0.99226 3.06 0.55 12.2 6 
5.7 0.16 0.26 6.3 0.043 28 113 0.9936 3.06 0.58 9.9 6 
6.7 0.35 0.32 9 0.032 29 113 0.99188 3.13 0.65 12.9 7 
5.7 0.4 0.35 5.1 0.026 17 113 0.99052 3.18 0.67 12.4 6 
7.5 0.18 0.72 9.6 0.039 53 151 0.99802 3.03 0.46 8.9 5 
7.3 0.19 0.27 13.9 0.057 45 155 0.99807 2.94 0.41 8.8 8 
5.7 0.29 0.16 7.9 0.044 48 197 0.99512 3.21 0.36 9.4 5 
5.4 0.46 0.15 2.1 0.026 29 130 0.98953 3.39 0.77 13.4 8 
6.1 0.41 0 1.6 0.063 36 87 0.9914 3.27 0.67 10.8 6 
6.4 0.38 0.19 4.5 0.038 36 119 0.99151 3.07 0.42 11.2 6 
7.5 0.305 0.4 18.9 0.059 44 170 1 2.99 0.46 9 5 
8.6 0.23 0.25 11.3 0.031 13 96 0.99645 3.11 0.4 10.8 5 
6.5 0.22 0.31 3.9 0.046 17 106 0.99098 3.15 0.31 11.5 5 
7.1 0.33 0.25 1.6 0.03 25 126 0.9901 3.22 0.34 12.1 7 
6.2 0.255 0.27 1.3 0.037 30 86 0.98834 3.05 0.59 12.9 7 
7.2 0.46 0.65 10.4 0.05 76 192 0.9976 3.16 0.42 8.7 5 
7.4 0.31 0.48 14.2 0.042 62 204 0.9983 3.06 0.59 9.4 5 
6.2 0.25 0.54 7 0.046 58 176 0.99454 3.19 0.7 10.4 5 
5.7 0.265 0.28 6.9 0.036 46 150 0.99299 3.36 0.44 10.8 7 
7.7 0.28 0.63 11.1 0.039 58 179 0.9979 3.08 0.44 8.8 4 
6.6 0.34 0.27 6.2 0.059 23 136 0.9957 3.3 0.49 10.1 6 
6.5 0.29 0.31 1.7 0.035 24 79 0.99053 3.27 0.69 11.4 7 
5.6 0.34 0.3 6.9 0.038 23 89 0.99266 3.25 0.49 11.1 6 
5.8 0.3 0.27 1.7 0.014 45 104 0.98914 3.4 0.56 12.6 7 
6.4 0.33 0.24 1.6 0.054 25 117 0.9943 3.36 0.5 9.3 5 
6.4 0.3 0.33 5.2 0.05 30 137 0.99304 3.26 0.58 11.1 5 
6.2 0.23 0.36 17.2 0.039 37 130 0.99946 3.23 0.43 8.8 6 
6.7 0.3 0.5 12.1 0.045 38 127 0.9974 3.04 0.53 8.9 6 
7.1 0.55 0.13 1.7 0.073 21 165 0.994 2.97 0.58 9.2 6 
6.6 0.24 0.28 6.7 0.032 26 91 0.99172 3.13 0.32 12.3 6 
7.3 0.37 0.16 14.9 0.048 59 240 0.99902 3.13 0.45 8.9 5 
7 0.22 0.26 9.2 0.027 37 122 0.99228 3.06 0.34 12.5 8 
7.9 0.22 0.24 4.6 0.044 39 159 0.9927 2.99 0.28 11.5 6 
7 0.35 0.24 1.9 0.04 21 144 0.9923 3.35 0.38 11 5 
5.3 0.47 0.1 1.3 0.036 11 74 0.99082 3.48 0.54 11.2 4 
5.9 0.14 0.25 4.5 0.027 34 140 0.9934 3.49 0.51 10.8 6 
7.1 0.21 0.4 1.2 0.069 24 156 0.9928 3.42 0.43 10.6 6 
6.4 0.28 0.17 8.3 0.042 61 195 0.99577 3.22 0.46 9.4 5 
5.8 0.31 0.33 1.2 0.036 23 99 0.9916 3.18 0.6 10.5 6 
7.4 0.19 0.31 14.5 0.045 39 193 0.9986 3.1 0.5 9.2 6 
7.3 0.25 0.36 13.1 0.05 35 200 0.9986 3.04 0.46 8.9 7 
5.9 0.21 0.31 1.8 0.033 45 142 0.98984 3.35 0.5 12.7 6 
7.3 0.27 0.37 9.7 0.042 36 130 0.9979 3.48 0.75 9.9 6 
6.8 0.26 0.56 11.9 0.043 64 226 0.997 3.02 0.63 9.3 5 
7 0.25 0.56 2 0.035 20 95 0.9918 3.23 0.53 11 6 
7.4 0.18 0.24 1.4 0.047 21 106 0.99383 3.52 0.64 10.5 7 
5.7 0.22 0.33 1.9 0.036 37 110 0.98945 3.26 0.58 12.4 6 
6.7 0.21 0.49 1.4 0.047 30 114 0.9914 2.92 0.42 10.8 7 
6.1 0.28 0.27 4.7 0.03 56 140 0.99042 3.16 0.42 12.5 8 
6.1 0.15 0.4 1.2 0.03 19 84 0.98926 3.19 0.96 13 6 
7.8 0.28 0.25 3.4 0.024 27 99 0.98959 2.98 0.37 13 6 
6.6 0.22 0.23 17.3 0.047 37 118 0.99906 3.08 0.46 8.8 6 
6.6 0.27 0.29 5.3 0.045 57 189 0.9953 3.31 0.79 9.8 5 
6.8 0.17 0.35 1.8 0.04 29 84 0.98961 2.91 0.57 12 7 
7.4 0.23 0.38 8.6 0.052 41 150 0.99534 3.06 0.46 10.3 5 
6.4 0.38 0.26 8.2 0.043 28 98 0.99234 2.99 0.31 11.4 6 
6.5 0.31 0.61 13 0.053 31 123 0.99708 3.09 0.5 9.3 6 
5.3 0.21 0.29 0.7 0.028 11 66 0.99215 3.3 0.4 9.8 5 
7.7 0.28 0.33 6.7 0.037 32 155 0.9951 3.39 0.62 10.7 7 
7.1 0.18 0.74 15.6 0.044 44 176 0.9996 3.38 0.67 9 6 
6 0.28 0.49 6.8 0.048 61 222 0.9953 3.19 0.47 9.3 5 
5.4 0.3 0.3 1.2 0.029 25 93 0.98742 3.31 0.4 13.6 7 
7.5 0.38 0.33 5 0.045 30 131 0.9942 3.32 0.44 10.9 6 
7.4 0.4 0.29 5.4 0.044 31 122 0.994 3.3 0.5 11.1 8 
5.8 0.27 0.26 3.5 0.071 26 69 0.98994 3.1 0.38 11.5 6 
7.3 0.205 0.31 1.7 0.06 34 110 0.9963 3.72 0.69 10.5 6 
6.8 0.19 0.71 17.5 0.042 21 114 0.99784 2.85 0.5 9.5 6 
6.3 0.22 0.28 2.4 0.042 38 102 0.98998 3.14 0.37 11.6 7 
7.2 0.24 0.29 2.2 0.037 37 102 0.992 3.27 0.64 11 7 
7.7 0.28 0.29 6.9 0.041 29 163 0.9952 3.44 0.6 10.5 6 
6.9 0.21 0.33 1.8 0.034 48 136 0.9899 3.25 0.41 12.6 7 
6.9 0.13 0.28 13.3 0.05 47 132 0.99655 3.34 0.42 10.1 6 
6.5 0.28 0.35 15.4 0.042 55 195 0.9978 3.23 0.5 9.6 6 
6 0.26 0.15 1.2 0.053 35 124 0.99347 3.08 0.46 8.8 5 
6.9 0.2 0.3 4.7 0.041 40 148 0.9932 3.16 0.35 10.2 6 
6.8 0.24 0.31 18.3 0.046 40 142 1 3.3 0.41 8.7 5 
6.5 0.23 0.36 16.3 0.038 43 133 0.99924 3.26 0.41 8.8 5 
7 0.29 0.33 0.9 0.041 20 117 0.99048 3.21 0.5 11.4 5 
7 0.24 0.18 1.3 0.046 9 62 0.994 3.38 0.47 10.1 4 
6.4 0.225 0.48 2.2 0.115 29 104 0.9918 3.24 0.58 12.1 6 
6.5 0.34 0.36 11 0.052 53 247 0.9984 3.44 0.55 9.3 6 
6.4 0.22 0.34 1.4 0.023 56 115 0.98958 3.18 0.7 11.7 6 
6.7 0.41 0.01 2.8 0.048 39 137 0.9942 3.24 0.35 9.5 5 
6.8 0.39 0.34 7.4 0.02 38 133 0.99212 3.18 0.44 12 7 
5.9 0.12 0.27 4.8 0.03 40 110 0.99226 3.55 0.68 12.1 6 
5.3 0.16 0.39 1 0.028 40 101 0.99156 3.57 0.59 10.6 6 
7.7 0.43 1 19.95 0.032 42 164 0.99742 3.29 0.5 12 6 
7 0.46 0.39 6.2 0.039 46 163 0.9928 3.21 0.35 12.2 7 
6.4 0.13 0.28 0.9 0.045 32 87 0.99175 3.47 0.52 11.2 6 
7.7 0.16 0.41 1.7 0.048 60 173 0.9932 3.24 0.66 11.2 7 
6.1 0.28 0.23 4.2 0.038 13 95 0.98898 2.97 0.7 13.1 6 
6 0.24 0.34 1 0.036 52 184 0.99097 3.44 0.44 11.45 6 
6.2 0.21 0.34 6.6 0.03 36 91 0.9914 3.32 0.45 12.5 7 
6.2 0.22 0.28 2.2 0.04 24 125 0.9917 3.19 0.48 10.5 6 
5.7 0.335 0.34 1 0.04 13 174 0.992 3.27 0.66 10 5 
7 0.25 0.32 9 0.046 56 245 0.9955 3.25 0.5 10.4 6 
6.6 0.22 0.53 15.1 0.052 22 136 0.9986 2.94 0.35 9.4 5 
6.5 0.18 0.26 1.4 0.041 40 141 0.9941 3.34 0.72 9.5 6 
8.7 0.24 0.35 0.6 0.042 11 71 0.9926 3.08 0.38 10.6 5 
6.5 0.08 0.33 1.9 0.028 23 93 0.991 3.34 0.7 12 7 
6.6 0.17 0.28 1.8 0.042 62 178 0.99204 3.15 0.42 10.2 5 
8 0.22 0.42 14.6 0.044 45 163 1.0003 3.21 0.69 8.6 7 
6.6 0.26 0.24 7.2 0.038 28 137 0.9952 3.35 0.6 10.4 6 
6.3 0.55 0.45 13 0.047 33 182 0.9974 3.2 0.46 9.2 6 
8.8 0.33 0.36 2.1 0.034 19 125 0.99166 2.96 0.98 12.7 6 
6.9 0.23 0.34 4 0.047 24 128 0.9944 3.2 0.52 9.7 6 
6.5 0.25 0.45 7.8 0.048 52 188 0.99576 3.2 0.53 9.1 5 
7.9 0.29 0.36 11.1 0.033 43 208 0.9969 3.14 0.46 10.3 5 
6 0.37 0.32 1 0.053 31 218.5 0.9924 3.29 0.72 9.8 6 
6.1 0.22 0.49 1.5 0.051 18 87 0.9928 3.3 0.46 9.6 5 
6.9 0.32 0.13 7.8 0.042 11 117 0.996 3.23 0.37 9.2 5 
6.6 0.28 0.36 1.7 0.038 22 101 0.9912 3.29 0.57 11.6 6 
6.3 0.2 0.19 12.3 0.048 54 145 0.99668 3.16 0.42 9.3 6 
5.5 0.17 0.23 2.9 0.039 10 108 0.99243 3.28 0.5 10 5 
6.3 0.32 0.17 17.75 0.06 51 190 0.99916 3.13 0.48 8.8 6 
7.3 0.25 0.36 2.1 0.034 30 177 0.99085 3.25 0.4 11.9 8 
7.5 0.24 0.29 1.1 0.046 34 84 0.9902 3.04 0.39 11.45 6 
6.3 0.32 0.26 12.3 0.044 24 205 0.99611 3.11 0.58 9.9 5 
5.6 0.15 0.31 5.3 0.038 8 79 0.9923 3.3 0.39 10.5 6 
7.5 0.27 0.31 5.8 0.057 131 313 0.9946 3.18 0.59 10.5 5 
6.2 0.37 0.24 6.1 0.032 19 86 0.98934 3.04 0.26 13.4 8 
6.4 0.23 0.27 2.1 0.042 35 100 0.99094 3.03 0.63 10.9 6 
6.6 0.32 0.41 7.2 0.048 55 178 0.99537 3.2 0.46 9.4 5 
7.4 0.31 0.26 8.6 0.048 47 206 0.9964 3.26 0.36 9.1 5 
6.8 0.26 0.22 7.7 0.047 57 210 0.9959 3.1 0.47 9 5 
8.4 0.22 0.3 1.3 0.038 45 122 0.99178 3.13 0.54 10.8 7 
6.1 0.15 0.29 6.2 0.046 39 151 0.99471 3.6 0.44 10.6 6 
6.2 0.345 0.27 10.1 0.056 38 187 0.99486 3.31 0.56 10.6 5 
5.8 0.26 0.18 1.2 0.031 40 114 0.9908 3.42 0.4 11 7 
6.3 0.27 0.37 7.9 0.047 58 215 0.99542 3.19 0.48 9.5 6 
6.5 0.28 0.34 3.6 0.04 29 121 0.99111 3.28 0.48 12.1 7 
6.2 0.33 0.14 4.8 0.052 27 128 0.99475 3.21 0.48 9.4 5 
6.2 0.3 0.21 1.1 0.032 31 111 0.9889 2.97 0.42 12.2 6 
6.6 0.33 0.41 2 0.027 14 79 0.99063 3.27 0.63 12.4 6 
6.6 0.25 0.34 3 0.054 22 141 0.99338 3.26 0.47 10.4 6 
6.6 0.31 0.28 1.4 0.035 28 107 0.98836 3 0.4 13.2 6 
9.2 0.25 0.34 1.2 0.026 31 93 0.9916 2.93 0.37 11.3 7 
8.3 0.26 0.31 2 0.029 14 141 0.99077 2.95 0.77 12.2 6 
7 0.16 0.25 14.3 0.044 27 149 0.998 2.91 0.46 9.2 6 
7.2 0.32 0.33 1.4 0.029 29 109 0.9902 3.15 0.51 12.8 7 
8.1 0.34 0.28 7.5 0.04 70 230 0.99558 3.14 0.55 9.8 6 
6.5 0.19 0.34 1.6 0.029 39 116 0.98954 3.21 0.68 12.5 6 
7.6 0.23 0.64 12.9 0.033 54 170 0.998 3 0.53 8.8 5 
7 0.13 0.37 12.85 0.042 36 105 0.99581 3.05 0.55 10.7 6 
6.3 0.23 0.3 1.8 0.033 16 91 0.9906 3.28 0.4 11.8 6 
6 0.33 0.38 9.7 0.04 29 124 0.9954 3.47 0.48 11 6 
6.5 0.5 0.22 4.1 0.036 35 131 0.9902 3.26 0.55 13 7 
5.7 0.22 0.2 16 0.044 41 113 0.99862 3.22 0.46 8.9 6 
7.5 0.23 0.29 2.6 0.031 24 98 0.99194 3 0.54 10.9 6 
7.4 0.32 0.55 16.6 0.056 53 238 1.0017 2.96 0.58 8.7 6 
5.9 0.14 0.2 1.6 0.04 26 114 0.99105 3.25 0.45 11.4 6 
6.4 0.21 0.3 5.6 0.044 43 160 0.9949 3.6 0.41 10.6 6 
6.9 0.28 0.3 1.6 0.047 46 132 0.9918 3.35 0.38 11.1 7 
6.4 0.4 0.25 4.2 0.032 15 91 0.98988 3.26 0.52 13.1 6 
7.3 0.39 0.37 1.1 0.043 36 113 0.991 3.39 0.48 12.7 8 
7.3 0.3 0.33 2.3 0.043 28 125 0.99084 3.34 0.44 12.6 7 
6.1 0.25 0.49 7.6 0.052 67 226 0.9956 3.16 0.47 8.9 5 
8.4 0.2 0.38 11.8 0.055 51 170 1.0004 3.34 0.82 8.9 6 
6.1 0.24 0.25 1.6 0.044 24 115 0.9921 3.39 0.59 10.9 6 
6.5 0.38 0.34 3.4 0.036 34 200 0.9937 3.14 0.76 10 5 
6.7 0.22 0.22 1.2 0.038 5 124 0.99098 3.1 0.37 11.2 4 
6.7 0.23 0.17 1.3 0.061 14 100 0.9925 3.07 0.55 9.5 5 
5.1 0.29 0.28 8.3 0.026 27 107 0.99308 3.36 0.37 11 6 
6.8 0.53 0.35 3.8 0.034 26 109 0.9906 3.26 0.57 12.7 8 
6.7 0.23 0.26 1.4 0.06 33 154 0.9934 3.24 0.56 9.5 6 
8.4 0.2 0.38 11.8 0.055 51 170 1.0004 3.34 0.82 8.9 6 
6.7 0.34 0.3 8.5 0.059 24 152 0.99615 3.46 0.64 11 7 
6.6 0.23 0.27 5.6 0.043 43 164 0.9953 3.27 0.76 9.5 5 
7 0.3 0.32 6.4 0.034 28 97 0.9924 3.23 0.44 11.8 6 
6.6 0.38 0.18 1.2 0.042 20 84 0.9927 3.22 0.45 10.1 4 
6.8 0.22 0.35 5.5 0.043 21 114 0.9938 3.3 0.53 10.7 7 
6.8 0.16 0.4 2.3 0.037 18 102 0.9923 3.49 0.42 11.4 7 
6.15 0.21 0.37 3.2 0.021 20 80 0.99076 3.39 0.47 12 5 
7.4 0.22 0.27 1.6 0.057 45 98 0.99299 3.29 0.44 9.9 7 
5.9 0.46 0.14 2.7 0.042 27 160 0.9931 3.46 0.51 10.6 7 
7 0.39 0.21 10.7 0.098 13 91 0.99657 3.03 0.47 9.3 5 
6.6 0.2 0.38 7.9 0.052 30 145 0.9947 3.32 0.56 11 7 
6 0.22 0.28 1.1 0.034 47 90 0.98862 3.22 0.38 12.6 6 
6.9 0.19 0.33 1.6 0.043 63 149 0.9925 3.44 0.52 10.8 5 
6.2 0.36 0.26 13.2 0.051 54 201 0.9976 3.25 0.46 9 5 
6.9 0.3 0.36 0.9 0.037 40 156 0.98968 3.08 0.36 12.1 6 
6.7 0.54 0.27 7.1 0.049 8 178 0.99502 3.16 0.38 9.4 4 
5.7 0.255 0.65 1.2 0.079 17 137 0.99307 3.2 0.42 9.4 5 
8.2 0.34 0.29 5.2 0.076 19 92 0.99138 2.95 0.39 12.5 6 
6.5 0.18 0.31 1.7 0.044 30 127 0.9928 3.49 0.5 10.2 7 
5.5 0.12 0.33 1 0.038 23 131 0.99164 3.25 0.45 9.8 5 
7.2 0.29 0.4 13.6 0.045 66 231 0.9977 3.08 0.59 9.6 6 
7.5 0.27 0.36 7 0.036 45 164 0.9939 3.03 0.33 11 5 
8 0.42 0.36 5 0.037 34 101 0.992 3.13 0.57 12.3 7 
7.9 0.31 0.22 13.3 0.048 46 212 0.99942 3.47 0.59 10 5 
5.9 0.32 0.2 14.4 0.05 29 144 0.99666 3.24 0.41 10.3 6 
6.8 0.31 0.09 1.4 0.04 56 145 0.9922 3.19 0.46 10 5 
6.7 0.3 0.29 2.8 0.025 37 107 0.99159 3.31 0.63 11.3 7 
6 0.28 0.27 4.1 0.046 50 147 0.99126 3.27 0.56 11.6 6 
6.8 0.51 0.3 4.2 0.066 38 165 0.9945 3.2 0.42 9.1 5 
8.3 0.18 0.3 1.1 0.033 20 57 0.99109 3.02 0.51 11 6 
6.1 0.22 0.31 1.4 0.039 40 129 0.99193 3.45 0.59 10.9 5 
8.3 0.28 0.4 7.8 0.041 38 194 0.9976 3.34 0.51 9.6 6 
5.3 0.33 0.3 1.2 0.048 25 119 0.99045 3.32 0.62 11.3 6 
6.7 0.35 0.48 8.8 0.056 35 167 0.99628 3.04 0.47 9.4 5 
6.1 0.27 0.44 6.7 0.041 61 230 0.99505 3.12 0.4 8.9 5 
6.8 0.27 0.28 7.8 0.038 26 89 0.9915 3.24 0.34 12.5 6 
6.1 0.41 0.2 12.6 0.032 54 136 0.99516 2.91 0.43 10.6 6 
8.4 0.36 0.36 11.1 0.032 21 132 0.99313 2.95 0.39 13 6 
7.7 0.25 0.43 4.5 0.062 20 115 0.9966 3.38 0.5 9.9 6 
7.2 0.31 0.35 7.2 0.046 45 178 0.9955 3.14 0.53 9.7 5 
6.2 0.33 0.14 4.8 0.052 27 128 0.99475 3.21 0.48 9.4 5 
5.7 0.39 0.25 4.9 0.033 49 113 0.98966 3.26 0.58 13.1 7 
6 0.27 0.31 5 0.043 54 170 0.9924 3.28 0.52 11 6 
8.8 0.28 0.45 6 0.022 14 49 0.9934 3.01 0.33 11.1 7 
7.3 0.19 0.27 13.9 0.057 45 155 0.99807 2.94 0.41 8.8 8 
6.4 0.16 0.44 1.2 0.051 39 122 0.99058 3.11 0.75 11.3 7 
7.2 0.15 0.39 1.8 0.043 21 159 0.9948 3.52 0.47 10 5 
8.2 0.28 0.42 1.8 0.031 30 93 0.9917 3.09 0.39 11.4 5 
8.2 0.18 0.49 1.1 0.033 28 81 0.9923 3 0.68 10.4 7 
8.7 0.23 0.32 13.4 0.044 35 169 0.99975 3.12 0.47 8.8 7 
7.4 0.27 0.26 11.8 0.053 55 173 0.99699 3.11 0.6 9.8 5 
8.1 0.2 0.3 1.3 0.036 7 49 0.99242 2.99 0.73 10.3 5 
7 0.12 0.29 10.3 0.039 41 98 0.99564 3.19 0.38 9.8 8 
6.4 0.24 0.26 8.2 0.054 47 182 0.99538 3.12 0.5 9.5 5 
7.2 0.2 0.61 16.2 0.043 14 103 0.9987 3.06 0.36 9.2 6 
7.4 0.3 0.22 5.25 0.053 33 180 0.9926 3.13 0.45 11.6 6 
6 0.29 0.41 10.8 0.048 55 149 0.9937 3.09 0.59 10.9666666666667 7 
8.1 0.22 0.28 7.7 0.043 57 176 0.9954 3.12 0.55 10 5 
7.7 0.28 0.39 8.9 0.036 8 117 0.9935 3.06 0.38 12 7 
7.5 0.29 0.36 15.7 0.05 29 124 0.9968 3.06 0.54 10.4 5 
6.4 0.19 0.35 10.2 0.043 40 106 0.99632 3.16 0.5 9.7 6 
6.9 0.29 0.25 12.2 0.04 29 136 0.99552 3.05 0.65 10.4 6 
7.1 0.39 0.79 1.4 0.194 23 90 0.99212 3.17 0.46 10.5 6 
6.3 0.25 0.44 1.7 0.024 36 116 0.98935 3.18 0.4 12.5 6 
8.6 0.33 0.34 11.8 0.059 42 240 0.99882 3.17 0.52 10 6 
8.1 0.29 0.49 7.1 0.042 22 124 0.9944 3.14 0.41 10.8 6 
7.4 0.2 0.43 7.8 0.045 27 153 0.9964 3.19 0.55 9 7 
7.3 0.22 0.49 9.4 0.034 29 134 0.9939 2.99 0.32 11 7 
7.2 0.16 0.26 7.1 0.054 41 224 0.9966 3.38 0.55 10.1 5 
7.3 0.4 0.24 6.7 0.058 41 166 0.995 3.2 0.41 9.9 6 
7.9 0.345 0.51 15.3 0.047 54 171 0.9987 3.09 0.51 9.1 5 
6.4 0.37 0.37 4.85 0.041 39.5 216.5 0.99432 3.1 0.5 9.8 6 
7.5 0.21 0.68 10.9 0.045 38 133 0.9978 3 0.36 8.7 5 
7 0.11 0.32 4.6 0.057 59 144 0.9956 3.55 0.44 9.4 7 
7.3 0.26 0.33 17.85 0.049 41.5 195 1 3.06 0.44 9.1 7 
6.8 0.21 0.36 18.1 0.046 32 133 1 3.27 0.48 8.8 5 
7.1 0.49 0.22 2 0.047 146.5 307.5 0.9924 3.24 0.37 11 3 
7.1 0.28 0.19 7.8 0.04 48 184 0.99579 3.16 0.5 9.4 5 
5.8 0.14 0.15 6.1 0.042 27 123 0.99362 3.06 0.6 9.9 6 
7 0.27 0.74 1.5 0.036 27 122 0.9926 3.35 0.48 11.2 6 
6.6 0.24 0.24 8.6 0.034 25 135 0.99582 3.33 0.59 10.3 6 
6.3 0.27 0.25 5.8 0.038 52 155 0.995 3.28 0.38 9.4 6 
7 0.13 0.37 12.85 0.042 36 105 0.99581 3.05 0.55 10.7 6 
6.1 0.27 0.31 3.9 0.034 42 137 0.99218 3.24 0.46 10.9 6 
6.6 0.25 0.3 14.4 0.052 40 183 0.998 3.02 0.5 9.1 6 
7.1 0.23 0.39 1.6 0.032 12 65 0.9898 3.25 0.4 12.7 7 
6.8 0.23 0.29 15.4 0.073 56 173 0.9984 3.06 0.41 8.7 6 
8.4 0.19 0.43 2.1 0.052 20 104 0.994 2.85 0.46 9.5 5 
6 0.27 0.27 1.6 0.046 32 113 0.9924 3.41 0.51 10.5 7 
8.4 0.23 0.49 7.8 0.035 22 95 0.9935 3.04 0.34 12 6 
6.5 0.33 0.72 1.1 0.061 7 151 0.993 3.09 0.57 9.5 4 
6.7 0.31 0.3 2.4 0.038 30 83 0.98867 3.09 0.36 12.8 7 
6.4 0.24 0.49 5.8 0.053 25 120 0.9942 3.01 0.98 10.5 6 
7.4 0.14 0.3 1.3 0.033 25 91 0.99268 3.53 0.39 10.6 6 
7 0.24 0.34 3 0.035 36 102 0.9905 3.18 0.43 12.2 6 
8.1 0.24 0.38 4.3 0.044 49 172 0.996 3.37 0.74 10.8 6 
7 0.23 0.35 1.4 0.036 31 113 0.9912 3.16 0.48 10.8 7 
9.2 0.23 0.3 1.1 0.031 40 99 0.9929 2.94 0.3 10.4 6 
6 0.18 0.27 1.5 0.089 40 143 0.9923 3.49 0.62 10.8 6 
6.9 0.29 0.4 19.45 0.043 36 156 0.9996 2.93 0.47 8.9 5 
8.4 0.3 0.25 17.75 0.047 25 218 1.00016 2.98 0.66 9.1 5 
7.3 0.17 0.36 8.2 0.028 44 111 0.99272 3.14 0.41 12.4 6 
6.4 0.21 0.44 7.4 0.045 47 182 0.9957 3.24 0.46 9.1 5 
7.3 0.26 0.53 12.7 0.047 60.5 156 0.9984 3.06 0.45 9.1 6 
6.3 0.28 0.3 3.1 0.039 24 115 0.9942 3.05 0.43 8.6 5 
7.2 0.35 0.34 12.4 0.051 6 37 0.9944 3.13 0.39 11.5 6 
8.5 0.19 0.48 1.1 0.026 23 58 0.99184 2.9 0.5 10.5 6 
6.7 0.5 0.63 13.4 0.078 81 238 0.9988 3.08 0.44 9.2 5 
7.7 0.42 0.38 8.1 0.061 49 144 0.9966 3.4 0.58 11 6 
7.4 0.16 0.27 15.5 0.05 25 135 0.9984 2.9 0.43 8.7 7 
6.9 0.2 0.5 10 0.036 78 167 0.9964 3.15 0.55 10.2 6 
8.2 0.23 0.29 1.8 0.047 47 187 0.9933 3.13 0.5 10.2 6 
6.2 0.35 0.29 7.3 0.044 56 244 0.9956 3.36 0.55 10 6 
7.4 0.19 0.3 12.8 0.053 48.5 229 0.9986 3.14 0.49 9.1 7 
6.2 0.24 0.22 7.9 0.053 45 149 0.99545 3.23 0.52 9.3 5 
6.5 0.23 0.36 16.3 0.038 43 133 0.99924 3.26 0.41 8.8 5 
7.6 0.17 0.35 1.6 0.047 43 154 0.9934 3.36 0.69 11.1 6 
6.4 0.22 0.3 11.2 0.046 53 149 0.99479 3.21 0.34 10.8 5 
5.9 0.34 0.22 2.4 0.03 19 135 0.9894 3.41 0.78 13.9 7 
7.1 0.28 0.26 1.9 0.049 12 86 0.9934 3.15 0.38 9.4 5 
6.5 0.22 0.34 12 0.053 55 177 0.9983 3.52 0.44 9.9 6 
6.4 0.3 0.27 5 0.058 27 151 0.99198 3.22 0.49 12.2 6 
7.1 0.64 0.49 1.8 0.05 17 128 0.9946 3.31 0.58 10.6 4 
5.8 0.32 0.38 4.75 0.033 23 94 0.991 3.42 0.42 11.8 7 
6.6 0.26 0.46 6.9 0.047 59 183 0.99594 3.2 0.45 9.3 5 
7.1 0.28 0.49 6.5 0.041 28 111 0.9926 3.41 0.58 12.2 8 
7.3 0.34 0.22 1.4 0.044 43 176 0.99286 3.14 0.46 9.9 5 
4.6 0.445 0 1.4 0.053 11 178 0.99426 3.79 0.55 10.2 5 
6.7 0.24 0.3 3.85 0.042 105 179 0.99189 3.04 0.59 11.3 8 
7.3 0.28 0.35 1.6 0.054 31 148 0.99178 3.18 0.47 10.7 5 
8.5 0.21 0.26 9.25 0.034 73 142 0.9945 3.05 0.37 11.4 6 
7.5 0.14 0.34 1.3 0.055 50 153 0.9945 3.29 0.8 9.6 6 
6.6 0.33 0.32 15.6 0.054 62 227 0.99734 3.25 0.56 10.4 5 
6 0.27 0.32 3.6 0.035 36 133 0.99215 3.23 0.46 10.8 6 
7.2 0.19 0.31 6.3 0.034 17 103 0.99305 3.15 0.52 11.4 7 
6.9 0.31 0.33 12.7 0.038 33 116 0.9954 3.04 0.65 10.4 6 
5.8 0.22 0.25 1.5 0.024 21 109 0.99234 3.37 0.58 10.4 6 
6.4 0.69 0.09 7.6 0.044 34 144 0.9948 3.26 0.38 10.1 6 
5.6 0.32 0.33 7.4 0.037 25 95 0.99268 3.25 0.49 11.1 6 
6.7 0.2 0.42 14 0.038 83 160 0.9987 3.16 0.5 9.4 6 
7.4 0.19 0.31 14.5 0.045 39 193 0.9986 3.1 0.5 9.2 6 
7 0.2 0.3 6.1 0.037 31 120 0.9939 3.24 0.51 10.8 5 
6.4 0.18 0.74 11.9 0.046 54 168 0.9978 3.58 0.68 10.1 5 
6.4 0.24 0.23 7.3 0.069 31 157 0.9962 3.25 0.53 9.1 5 
5.8 0.29 0.05 0.8 0.038 11 30 0.9924 3.36 0.35 9.2 5 
6.9 0.26 0.27 4.2 0.031 20 80 0.99089 3.12 0.39 11.5 6 
8 0.24 0.3 17.45 0.056 43 184 0.9997 3.05 0.5 9.2 6 
6.6 0.22 0.34 11.6 0.05 59 140 0.99526 3.22 0.4 10.8 5 
6.1 0.2 0.34 9.5 0.041 38 201 0.995 3.14 0.44 10.1 3 
6.7 0.28 0.34 8.9 0.048 32 111 0.99455 3.25 0.54 11 7 
6 0.31 0.24 3.3 0.041 25 143 0.9914 3.31 0.44 11.3 6 
7.7 0.25 0.3 7.8 0.038 67 196 0.99555 3.1 0.5 10.1 5 
6.3 0.26 0.49 1.5 0.052 34 134 0.9924 2.99 0.61 9.8 6 
6.6 0.28 0.42 8.2 0.044 60 196 0.99562 3.14 0.48 9.4 5 
7 0.16 0.32 1.1 0.032 29 80 0.98972 3.23 0.36 12.1 6 
6 0.16 0.3 6.7 0.043 43 153 0.9951 3.63 0.46 10.6 5 
6 0.33 0.27 0.8 0.185 12 188 0.9924 3.12 0.62 9.4 5 
7 0.35 0.17 1.1 0.049 7 119 0.99297 3.13 0.36 9.7 6 
6.5 0.36 0.38 10.2 0.028 20 82 0.99274 3.1 0.43 12.1 7 
6.6 0.22 0.28 4.9 0.042 51 180 0.9952 3.3 0.75 9.5 6 
5.6 0.2 0.22 1.3 0.049 25 155 0.99296 3.74 0.43 10 5 
7.3 0.23 0.41 14.6 0.048 73 223 0.99863 3.16 0.71 9.4 6 
5.9 0.26 0.24 2.4 0.046 27 132 0.99234 3.63 0.73 11.3 5 
7 0.22 0.3 1.4 0.04 14 63 0.98985 3.2 0.33 12 6 
7.4 0.41 0.66 10.8 0.051 77 194 0.9976 3.05 0.46 8.7 5 
9.4 0.16 0.23 1.6 0.042 14 67 0.9942 3.07 0.32 9.5 5 
6.5 0.22 0.19 4.5 0.096 16 115 0.9937 3.02 0.44 9.6 5 
6.1 0.15 0.35 15.8 0.042 55 158 0.99642 3.24 0.37 10.6 5 
7.8 0.27 0.35 1.2 0.05 36 140 0.99138 3.09 0.45 11.2 5 
6.4 0.29 0.21 9.65 0.041 36 119 0.99334 2.99 0.34 10.9333333333333 6 
7.4 0.19 0.31 14.5 0.045 39 193 0.9986 3.1 0.5 9.2 6 
6.3 0.2 0.3 5.9 0.034 35 152 0.99642 3.47 0.4 8.5 6 
7 0.21 0.28 8.7 0.045 37 222 0.9954 3.25 0.54 10.4 6 
6.9 0.19 0.35 13.5 0.038 49 118 0.99546 3 0.63 10.7 6 
7 0.12 0.28 6.3 0.057 17 103 0.9957 3.5 0.44 9.6 5 
6.5 0.34 0.28 1.8 0.041 43 188 0.9928 3.13 0.37 9.6 6 
7.1 0.13 0.29 15.5 0.064 56 115.5 0.99737 3.16 0.41 9.7 7 
7.7 0.27 0.49 3.8 0.037 46 139 0.99116 3.04 0.38 11.6 6 
6.7 0.31 0.42 6.4 0.057 25 148 0.9955 3.16 0.45 9.6 5 
5.5 0.335 0.3 2.5 0.071 27 128 0.9924 3.14 0.51 9.6 6 
5.8 0.13 0.22 12.7 0.058 24 183 0.9956 3.32 0.42 11.7 6 
7.2 0.21 0.31 10.5 0.035 36 122 0.99478 3.12 0.4 10.6 6 
6.5 0.19 0.28 1.4 0.046 22 90 0.99038 3.18 0.51 11.7 7 
8.4 0.32 0.35 11.7 0.029 3 46 0.99439 3.02 0.34 11.8 6 
7.6 0.48 0.33 7 0.024 14 130 0.9918 3.25 0.45 12.5 7 
8.7 0.45 0.4 1.5 0.067 17 100 0.9957 3.27 0.57 10.1 6 
7.6 0.27 0.34 5 0.04 18 56 0.99084 3.06 0.48 12.4 6 
7.4 0.34 0.3 14.9 0.037 70 169 0.99698 3.25 0.37 10.4 6 
6.4 0.475 0.06 1 0.03 9 131 0.9904 2.97 0.29 10.8 5 
7.9 0.37 0.3 2.7 0.029 64 158 0.9916 3.12 0.59 12 7 
6.9 0.28 0.24 2.1 0.034 49 121 0.98882 2.98 0.43 13.2 7 
6.2 0.3 0.17 2.8 0.04 24 125 0.9939 3.01 0.46 9 5 
6.8 0.23 0.32 8.6 0.046 47 159 0.99452 3.08 0.52 10.5 6 
5.4 0.5 0.13 5 0.028 12 107 0.99079 3.48 0.88 13.5 7 
7.3 0.41 0.24 6.8 0.057 41 163 0.9949 3.2 0.41 9.9 6 
6.6 0.34 0.28 1.3 0.035 32 90 0.9916 3.1 0.42 10.7 6 
6.9 0.25 0.24 3.6 0.057 13 85 0.9942 2.99 0.48 9.5 4 
6.1 0.27 0.31 1.5 0.035 17 83 0.99076 3.32 0.44 11.1 7 
5.9 0.2 0.23 1.5 0.037 38 93 0.99021 3.36 0.49 12 6 
6.6 0.32 0.22 16.7 0.046 38 133 0.9979 3.22 0.67 10.4 6 
6.4 0.25 0.57 1 0.062 21 122 0.99238 3 0.4 9.5 5 
6.9 0.22 0.31 6.3 0.029 41 131 0.99326 3.08 0.49 10.8 6 
8.4 0.35 0.56 13.8 0.048 55 190 0.9993 3.07 0.58 9.4 6 
6.3 0.41 0.3 3.2 0.03 49 164 0.9927 3.53 0.79 11.7 7 
6.7 0.24 0.33 12.3 0.046 31 145 0.9983 3.36 0.4 9.5 5 
6.7 0.48 0.49 2.9 0.03 28 122 0.98926 3.13 0.4 13 6 
6.8 0.24 0.29 2 0.044 15 96 0.99232 3.23 0.64 10.4 8 
6.2 0.37 0.3 6.6 0.346 79 200 0.9954 3.29 0.58 9.6 5 
6.3 0.32 0.32 1.5 0.037 12 76 0.98993 3.3 0.46 12.3 6 
6.4 0.39 0.21 1.2 0.041 35 136 0.99225 3.15 0.46 10.2 5 
6.5 0.33 0.24 14.5 0.048 20 96 0.99456 3.06 0.3 11.5 8 
7.8 0.26 0.31 3.6 0.025 22 100 0.99066 2.99 0.47 12.1 7 
6.3 0.27 0.51 7.6 0.049 35 200 0.99548 3.16 0.54 9.4 4 
7.1 0.39 0.39 11.1 0.034 25 204 0.99616 3.05 0.52 10 6 
6.5 0.26 0.31 3.6 0.03 36 92 0.99026 3.22 0.62 12.6 8 
6.9 0.3 0.25 3.3 0.041 26 124 0.99428 3.18 0.5 9.3 6 
6.4 0.31 0.4 6.2 0.04 46 169 0.9953 3.15 0.46 9.3 6 
6.9 0.14 0.38 1 0.041 22 81 0.99043 3.03 0.54 11.4 6 
8.1 0.28 0.39 1.9 0.029 18 79 0.9923 3.23 0.52 11.8 6 
6.2 0.39 0.24 4.8 0.037 45 138 0.99174 3.23 0.43 11.2 7 
6.3 0.33 0.27 1.2 0.046 34 175 0.9934 3.37 0.54 9.4 6 
6.2 0.24 0.27 16.8 0.04 48 129 0.99691 3.23 0.38 10.5 6 
6.7 0.41 0.24 5.4 0.035 33 115 0.9901 3.12 0.44 12.8933333333333 7 
7.3 0.22 0.37 14.3 0.063 48 191 0.9978 2.89 0.38 9 6 
6.8 0.22 0.26 1.2 0.041 29 182 0.99104 3.04 0.35 11.2 5 
6.6 0.2 0.14 4.4 0.184 35 168 0.99396 2.93 0.45 9.4 6 
6.5 0.19 0.26 5.2 0.04 31 140 0.995 3.26 0.68 9.5 6 
6.2 0.25 0.25 1.4 0.03 35 105 0.9912 3.3 0.44 11.1 7 
6.8 0.2 0.27 1.2 0.034 19 68 0.9902 3.14 0.37 11.7 4 
7.6 0.31 0.26 1.7 0.073 40 157 0.9938 3.1 0.46 9.8 5 
5.6 0.18 0.3 10.2 0.028 28 131 0.9954 3.49 0.42 10.8 7 
8.5 0.21 0.26 9.25 0.034 73 142 0.9945 3.05 0.37 11.4 6 
6.5 0.43 0.31 3.6 0.046 19 143 0.99022 3.15 0.34 12 8 
7.4 0.25 0.36 13.2 0.067 53 178 0.9976 3.01 0.48 9 6 
7.2 0.26 0.4 6.3 0.047 52 172 0.99573 3.18 0.53 9.5 6 
7 0.13 0.3 5 0.056 31 122 0.9945 3.47 0.42 10.5 6 
7.5 0.32 0.26 1.8 0.042 13 133 0.9938 3.07 0.38 9.5 5 
7.4 0.24 0.29 10.1 0.05 21 105 0.9962 3.13 0.35 9.5 5 
7.1 0.31 0.17 1 0.042 21 144 0.99304 3.13 0.4 9.6 5 
7 0.31 0.26 7.4 0.069 28 160 0.9954 3.13 0.46 9.8 6 
6.3 0.32 0.32 1.5 0.03 24 101 0.98923 3.21 0.42 13 5 
8.5 0.56 0.74 17.85 0.051 51 243 1.0005 2.99 0.7 9.2 5 
7.7 0.4 0.27 4.5 0.034 27 95 0.99175 3.21 0.59 12.3 8 
6.7 0.28 0.28 4.5 0.051 14 92 0.99224 3.36 0.58 11.9 6 
7.8 0.25 0.41 3.7 0.042 37 149 0.9954 3.36 0.45 10 6 
8.2 0.2 0.49 3.5 0.057 14 108 0.9928 3.19 0.35 11.5 6 
6.9 0.25 0.33 1.2 0.035 35 158 0.99082 3.02 0.58 11.3 6 
7.5 0.42 0.19 6.9 0.041 62 150 0.99508 3.23 0.37 10 6 
6.5 0.13 0.37 1 0.036 48 114 0.9911 3.41 0.51 11.5 8 
6 0.3 0.33 2.1 0.042 31 127 0.98964 3.32 0.42 12.5 6 
6 0.42 0.41 12.4 0.032 50 179 0.99622 3.14 0.6 9.7 5 
8.2 0.18 0.31 11.8 0.039 96 249 0.9976 3.07 0.52 9.5 6 
6.9 0.4 0.37 8.9 0.053 36 148 0.996 3.16 0.5 9.3 5 
6.1 0.22 0.4 1.85 0.031 25 111 0.98966 3.03 0.3 11.8 7 
7 0.26 0.46 15.55 0.037 61 171 0.9986 2.94 0.35 8.8 6 
6.6 0.27 0.31 5.3 0.137 35 163 0.9951 3.2 0.38 9.3 5 
7.3 0.28 0.36 12.7 0.04 38 140 0.998 3.3 0.79 9.6 6 
7.2 0.4 0.62 10.8 0.041 70 189 0.9976 3.08 0.49 8.6 4 
6.5 0.15 0.32 1.3 0.036 19 76 0.98964 3.18 0.41 12.3 6 
5.9 0.28 0.14 8.6 0.032 30 142 0.99542 3.28 0.44 9.5 6 
7.3 0.51 0.29 11.3 0.034 61 224 0.99683 3.14 0.56 9.5 6 
7.4 0.27 0.28 1.8 0.04 45 121 0.99043 3.02 0.4 11.9 5 
6.4 0.26 0.35 7.7 0.056 45 191 0.99527 3.16 0.5 9.5 5 
7 0.17 0.36 6.4 0.055 42 123 0.99318 3.11 0.5 11 8 
8.3 0.25 0.33 2.5 0.053 12 72 0.99404 2.89 0.48 9.5 5 
6.9 0.35 0.39 2.4 0.048 25 157 0.99133 3.2 0.54 11.1 7 
8.1 0.2 0.4 2 0.037 19 87 0.9921 3.12 0.54 11.2 6 
6.8 0.19 0.71 17.5 0.042 21 114 0.99784 2.85 0.5 9.5 6 
7.5 0.21 0.34 1.2 0.06 26 111 0.9931 3.51 0.47 10.7 6 
9.4 0.16 0.3 1.4 0.042 26 176 0.9954 3.15 0.46 9.1 5 
7.4 0.25 0.37 2.6 0.05 24 132 0.99138 3.04 0.53 11.2 6 
6.4 0.26 0.21 7.1 0.04 35 162 0.9956 3.39 0.58 9.9 6 
7 0.32 0.34 1.3 0.042 20 69 0.9912 3.31 0.65 12 7 
6.2 0.28 0.27 10.3 0.03 26 108 0.99388 3.2 0.36 10.7 6 
7.1 0.33 0.18 6.3 0.094 27 166 0.99474 2.9 0.49 9.5 5 
6.6 0.26 0.29 1.4 0.039 13 67 0.9915 3.05 0.49 10.9 6 
6.7 0.22 0.39 1.2 0.049 26 152 0.99346 3.5 0.47 10 6 
6.8 0.22 0.37 15.2 0.051 68 178 0.99935 3.4 0.85 9.3 6 
6.2 0.34 0.3 11.1 0.047 28 237 0.9981 3.18 0.49 8.7 5 
6.5 0.3 0.27 4 0.038 37 97 0.99026 3.2 0.6 12.6 8 
9.4 0.26 0.53 1.2 0.047 25 109 0.9921 3.23 0.28 12.5 6 
8.2 0.25 0.46 3.75 0.05 14 102 0.99524 3.28 0.58 9.7 5 
6.6 0.27 0.3 1.9 0.025 14 153 0.9928 3.29 0.62 10.5 6 
7.4 0.31 0.26 8.6 0.048 47 206 0.9964 3.26 0.36 9.1 5 
5.2 0.36 0.02 1.6 0.031 24 104 0.9896 3.44 0.35 12.2 6 
7.3 0.26 0.31 1.6 0.04 39 173 0.9918 3.19 0.51 11.4 6 
7.6 0.34 0.39 7.6 0.04 45 215 0.9965 3.11 0.53 9.2 6 
6.2 0.25 0.38 7.9 0.045 54 208 0.99572 3.17 0.46 9.1 5 
6.4 0.31 0.5 5.8 0.038 42 111 0.99189 3.18 0.53 11.9 7 
8.5 0.16 0.35 1.6 0.039 24 147 0.9935 2.96 0.36 10 5 
7.4 0.19 0.3 1.4 0.057 33 135 0.993 3.12 0.5 9.6 6 
7.8 0.16 0.41 1.7 0.026 29 140 0.991 3.02 0.78 12.5 6 
7.6 0.31 0.27 8.8 0.021 57 156 0.99442 3.08 0.38 11 7 
8.7 0.34 0.46 13.8 0.055 68 198 0.9988 3.36 0.37 9.5 6 
6 0.16 0.37 1.5 0.025 43 117 0.9928 3.46 0.51 9.7 6 
5.5 0.18 0.22 5.5 0.037 10 86 0.99156 3.46 0.44 12.2 5 
5.6 0.18 0.29 2.3 0.04 5 47 0.99126 3.07 0.45 10.1 4 
5.8 0.36 0.5 1 0.127 63 178 0.99212 3.1 0.45 9.7 5 
6 0.24 0.33 2.5 0.026 31 85 0.99014 3.13 0.5 11.3 7 
6.2 0.16 0.54 1.4 0.126 37 110 0.9932 3.23 0.37 8.9 6 
7.6 0.13 0.34 9.3 0.062 40 126 0.9966 3.21 0.39 9.6 5 
7 0.2 0.34 2.1 0.049 12 136 0.9922 3.25 0.46 11.6 7 
7.8 0.28 0.22 1.4 0.056 24 130 0.9944 3.28 0.48 9.5 5 
5.7 0.41 0.21 1.9 0.048 30 112 0.99138 3.29 0.55 11.2 6 
7.2 0.51 0.24 10 0.093 35 197 0.9981 3.41 0.47 9 5 
7.2 0.27 0.27 2.4 0.048 30 149 0.9936 3.1 0.51 9.2 6 
6.5 0.29 0.42 10.6 0.042 66 202 0.99674 3.24 0.53 9.5 6 
7.1 0.26 0.34 14.4 0.067 35 189 0.9986 3.07 0.53 9.1 7 
6.15 0.21 0.37 3.2 0.021 20 80 0.99076 3.39 0.47 12 5 
6.5 0.22 0.45 8 0.053 52 196 0.9959 3.23 0.48 9.1 6 
7.3 0.24 0.34 7.5 0.048 29 152 0.9962 3.1 0.54 9 5 
6.9 0.17 0.3 2 0.047 13 117 0.99152 3.16 0.51 11.6 6 
7.6 0.3 0.22 10.2 0.049 57 191 0.9966 3.08 0.4 9.3 6 
5.2 0.155 0.33 1.6 0.028 13 59 0.98975 3.3 0.84 11.9 8 
6.7 0.23 0.33 8.1 0.048 45 176 0.99472 3.11 0.52 10.1 6 
6.4 0.24 0.23 2 0.046 30 133 0.9908 3.12 0.54 11.4 7 
6.8 0.23 0.3 1.7 0.043 19 95 0.99207 3.17 0.46 10.7 7 
7.9 0.21 0.4 1.2 0.039 38 107 0.992 3.21 0.54 10.8 6 
8.6 0.18 0.36 1.8 0.04 24 187 0.9956 3.25 0.55 9.5 6 
7 0.55 0.05 8 0.036 19 164 0.99269 3.26 0.46 12.2 6 
7.1 0.33 0.64 13.2 0.056 12 105 0.9972 3.05 0.39 9.2 5 
7.1 0.34 0.49 1.5 0.027 26 126 0.99 3.3 0.33 12.2 7 
8.1 0.4 0.32 7.9 0.031 23 118 0.99176 3.05 0.46 13.3 7 
6.4 0.42 0.74 12.8 0.076 48 209 0.9978 3.12 0.58 9 6 
5.9 0.22 0.45 22.6 0.12 55 122 0.99636 3.1 0.35 12.8 5 
8 0.45 0.28 10.8 0.051 25 157 0.9957 3.06 0.47 11.4 7 
7.7 0.42 0.31 9.2 0.048 22 221 0.9969 3.06 0.61 9.2 6 
7 0.3 0.28 2.2 0.042 21 177 0.99166 3.2 0.57 11.4 5 
6.8 0.17 0.32 1.4 0.04 35 106 0.99026 3.16 0.66 12 5 
6 0.29 0.41 10.8 0.048 55 149 0.9937 3.09 0.59 10.9666666666667 7 
7.4 0.26 0.31 2.4 0.043 58 178 0.9941 3.42 0.68 10.6 6 
6.9 0.115 0.35 5.4 0.048 36 108 0.9939 3.32 0.42 10.2 6 
8.8 0.27 0.25 5 0.024 52 99 0.9925 2.87 0.49 11.4 5 
7.5 0.33 0.39 12.4 0.065 29 119 0.9974 3.16 0.39 9.4 5 
6.3 0.37 0.51 6.3 0.048 35 146 0.9943 3.1 1.01 10.5 6 
6.6 0.25 0.29 1.1 0.068 39 124 0.9914 3.34 0.58 11 7 
6.6 0.25 0.51 8 0.047 61 189 0.99604 3.22 0.49 9.2 5 
7.6 0.2 0.26 4.5 0.086 37 133 0.9963 3.15 0.42 9.2 5 
7.1 0.23 0.39 13.7 0.058 26 172 0.99755 2.9 0.46 9 6 
6.9 0.16 0.37 1.8 0.034 36 95 0.98952 2.93 0.59 12 6 
8.2 0.2 0.36 8.1 0.035 60 163 0.9952 3.05 0.3 10.3 6 
7.1 0.24 0.34 1.2 0.045 6 132 0.99132 3.16 0.46 11.2 4 
7.2 0.3 0.3 8.7 0.022 14 111 0.99576 3.11 0.61 10.6 5 
6.6 0.38 0.29 2.9 0.035 15 101 0.98916 3.04 0.37 12.5 6 
7 0.24 0.35 1.5 0.052 51 128 0.9941 3.41 0.59 10.4 7 
6.3 0.23 0.49 7.1 0.05 67 210 0.9951 3.23 0.34 9.5 5 
6.8 0.19 0.4 9.85 0.055 41 103 0.99532 2.98 0.56 10.5 6 
6 0.395 0 1.4 0.042 7 55 0.99135 3.37 0.38 11.2 4 
7.2 0.24 0.29 3 0.036 17 117 0.99411 3.36 0.68 10.1 6 
6.6 0.435 0.38 9.2 0.058 66 243 0.99833 3.23 0.54 9.1 6 
6.4 0.68 0.26 3.4 0.069 25 146 0.99347 3.18 0.4 9.3 5 
6.9 0.44 0.42 8.5 0.048 10 147 0.9974 3.32 0.46 9.5 6 
7.9 0.26 0.41 15.15 0.04 38 216 0.9976 2.96 0.6 10 6 
9.7 0.24 0.49 4.9 0.032 3 18 0.99368 2.85 0.54 10 6 
7.2 0.23 0.19 13.7 0.052 47 197 0.99865 3.12 0.53 9 5 
7.6 0.27 0.3 9.2 0.018 23 96 0.9938 3.08 0.29 11 6 
7.5 0.23 0.68 11 0.047 37 133 0.9978 2.99 0.38 8.8 5 
6 0.26 0.33 4.35 0.04 15 80 0.98934 3.29 0.5 12.7 6 
6.9 0.41 0.33 10.1 0.043 28 152 0.9968 3.2 0.52 9.4 5 
6.2 0.24 0.25 12.5 0.055 47 134 0.99758 3.3 0.51 9 5 
5.8 0.27 0.22 12.7 0.058 42 206 0.9946 3.32 0.38 12.3 6 
5.6 0.41 0.24 1.9 0.034 10 53 0.98815 3.32 0.5 13.5 7 
7.7 0.27 0.34 1.8 0.028 26 168 0.9911 2.99 0.48 12.1 7 
6.9 0.28 0.27 2.1 0.036 42 121 0.9926 3.42 0.49 10.8 7 
5.5 0.14 0.27 4.6 0.029 22 104 0.9949 3.34 0.44 9 5 
8.2 0.22 0.3 1.8 0.047 47 185 0.9933 3.13 0.5 10.2 6 
6.9 0.25 0.35 9.2 0.034 42 150 0.9947 3.21 0.36 11.5 6 
6.1 0.25 0.24 12.1 0.046 51 172 0.998 3.35 0.45 9.5 5 
10.3 0.25 0.48 2.2 0.042 28 164 0.998 3.19 0.59 9.7 5 
7.1 0.26 0.32 5.9 0.037 39 97 0.9934 3.31 0.4 11.6 6 
6.8 0.3 0.35 2.8 0.038 10 164 0.9912 3.09 0.53 12 6 
7.8 0.18 0.46 12.6 0.042 41 143 1 3.24 0.76 8.5 8 
5 0.455 0.18 1.9 0.036 33 106 0.98746 3.21 0.83 14 7 
6.6 0.23 0.37 8.5 0.036 46 153 0.99576 3.2 0.48 9.4 6 
8.9 0.32 0.49 1.6 0.05 17 131 0.9956 3.13 0.34 9.4 5 
6.3 0.25 0.23 14.9 0.039 47 142 0.99705 3.14 0.35 9.7 6 
7.1 0.25 0.32 10.3 0.041 66 272 0.9969 3.17 0.52 9.1 6 
6.8 0.24 0.33 3.2 0.049 68 161 0.99324 3.1 0.69 10.2 6 
7.8 0.21 0.49 1.2 0.036 20 99 0.99 3.05 0.28 12.1 7 
6.6 0.35 0.35 6 0.063 31 150 0.99537 3.1 0.47 9.4 6 
8.6 0.22 0.33 1.2 0.031 38 95 0.99239 2.83 0.31 10.3 5 
6.6 0.29 0.73 2.2 0.027 21 92 0.99 3.12 0.48 12.4 6 
7 0.12 0.29 10.3 0.039 41 98 0.99564 3.19 0.38 9.8 8 
6.9 0.15 0.29 2.3 0.033 14 82 0.99132 3.1 0.58 11.2 7 
5.8 0.36 0.26 3.3 0.038 40 153 0.9911 3.34 0.55 11.3 6 
7.9 0.22 0.38 8 0.043 46 152 0.9934 3.12 0.32 11.5 7 
9.8 0.42 0.48 9.85 0.034 5 110 0.9958 2.87 0.29 10 5 
6.5 0.43 0.28 12 0.056 23 174 0.9986 3.31 0.55 9.3 5 
7.6 0.38 0.28 4.2 0.029 7 112 0.9906 3 0.41 12.6 6 
7.1 0.15 0.34 5.3 0.034 33 104 0.9953 3.37 0.52 9.3 7 
7.1 0.18 0.26 1.3 0.041 20 71 0.9926 3.04 0.74 9.9 6 
7 0.17 0.42 1 0.075 19 71 0.99103 3.32 0.62 11.4 6 
7.2 0.21 0.33 3 0.036 35 132 0.9928 3.25 0.4 11 6 
6.2 0.22 0.28 2.2 0.04 24 125 0.9917 3.19 0.48 10.5 6 
6.6 0.17 0.36 1.9 0.036 38 110 0.99056 3.05 0.54 11.4 6 
6.9 0.32 0.26 2.3 0.03 11 103 0.99106 3.06 0.42 11.1 6 
7.6 0.36 0.49 11.3 0.046 87 221 0.9984 3.01 0.43 9.2 5 
5.2 0.37 0.33 1.2 0.028 13 81 0.9902 3.37 0.38 11.7 6 
5.6 0.35 0.14 5 0.046 48 198 0.9937 3.3 0.71 10.3 5 
6.8 0.22 0.35 17.5 0.039 38 153 0.9994 3.24 0.42 9 6 
6.3 0.17 0.32 4.2 0.04 37 117 0.99182 3.24 0.43 11.3 6 
5.7 0.26 0.24 17.8 0.059 23 124 0.99773 3.3 0.5 10.1 5 
7.4 0.27 0.48 1.1 0.047 17 132 0.9914 3.19 0.49 11.6 6 
6.3 0.25 0.22 3.3 0.048 41 161 0.99256 3.16 0.5 10.5 6 
7.2 0.23 0.32 8.5 0.058 47 186 0.9956 3.19 0.4 9.9 6 
9.2 0.71 0.23 6.2 0.042 15 93 0.9948 2.89 0.34 10.1 6 
7 0.57 0.1 8.3 0.094 23 188 0.9972 3.4 0.47 9.2 4 
7 0.28 0.39 8.7 0.051 32 141 0.9961 3.38 0.53 10.5 6 
6.6 0.3 0.25 8 0.036 21 124 0.99362 3.06 0.38 10.8 6 
7.5 0.38 0.56 9.7 0.055 15 170 0.99605 3.13 0.65 9.9 6 
6.5 0.26 0.27 12.9 0.044 69 215 0.9967 3.17 0.43 10 6 
7 0.15 0.28 14.7 0.051 29 149 0.99792 2.96 0.39 9 7 
6.5 0.3 0.29 2.25 0.037 8 210 0.9937 3.19 0.62 9.9 5 
5.6 0.28 0.4 6.1 0.034 36 118 0.99144 3.21 0.43 12.1 7 
8 0.29 0.29 13.2 0.046 26 113 0.9983 3.25 0.37 9.7 6 
5.9 0.23 0.28 8.6 0.046 37 142 0.99432 3.23 0.53 10.6 6 
7 0.21 0.31 6 0.046 29 108 0.9939 3.26 0.5 10.8 6 
7.5 0.3 0.32 1.4 0.032 31 161 0.99154 2.95 0.42 10.5 5 
7.3 0.655 0.2 10.2 0.071 28 212 0.9971 2.96 0.58 9.2 6 
6.5 0.28 0.26 8.8 0.04 44 139 0.9956 3.32 0.37 10.2 6 
7.1 0.34 0.32 2 0.051 29 130 0.99354 3.3 0.5 10.4 6 
7.2 0.24 0.4 1.4 0.045 31 106 0.9914 2.88 0.38 10.8 6 
6.9 0.21 0.24 1.8 0.021 17 80 0.98992 3.15 0.46 12.3 7 
6.6 0.21 0.6 1.1 0.135 61 144 0.9927 3.12 0.39 9.3 7 
7.8 0.25 0.37 1 0.043 10 80 0.99128 3.08 0.38 11.4 5 
5.8 0.28 0.66 9.1 0.039 26 159 0.9965 3.66 0.55 10.8 5 
6.3 0.22 0.34 1.2 0.036 32 96 0.98961 3.06 0.74 11.6 6 
5.5 0.31 0.29 3 0.027 16 102 0.99067 3.23 0.56 11.2 6 
6.6 0.18 0.28 3.3 0.044 18 91 0.993 3.42 0.64 10.8 6 
6.3 0.2 0.24 1.7 0.052 36 135 0.99374 3.8 0.66 10.8 6 
6.9 0.32 0.26 8.3 0.053 32 180 0.9965 3.25 0.51 9.2 6 
6.8 0.73 0.2 6.6 0.054 25 65 0.99324 3.12 0.28 11.1 4 
6.3 0.34 0.27 2.5 0.024 40 152 0.99095 3.35 0.6 11.9 7 
6.2 0.25 0.25 1.4 0.03 35 105 0.9912 3.3 0.44 11.1 7 
7.3 0.32 0.35 1.4 0.05 8 163 0.99244 3.24 0.42 10.7 5 
7.2 0.3 0.26 1.5 0.041 46 178 0.99154 3.19 0.56 11.3 6 
7.1 0.17 0.38 7.4 0.052 49 182 0.9958 3.35 0.52 9.6 6 
6.7 0.22 0.39 10.2 0.038 60 149 0.99725 3.17 0.54 10 7 
7.4 0.25 0.28 7.25 0.028 14 78 0.99238 2.94 0.37 11.5 7 
7.3 0.23 0.34 9.3 0.052 19 86 0.99574 3.04 0.56 10 5 
7.3 0.26 0.32 1.2 0.041 29 94 0.98978 3.07 0.45 12 6 
7.6 0.27 0.29 2.5 0.059 37 115 0.99328 3.09 0.37 9.8 5 
8 0.25 0.35 1.1 0.054 13 136 0.99366 3.08 0.55 9.5 5 
5.1 0.14 0.25 0.7 0.039 15 89 0.9919 3.22 0.43 9.2 6 
6.4 0.23 0.26 8.1 0.054 47 181 0.9954 3.12 0.49 9.4 5 
6.7 0.28 0.34 8.9 0.048 32 111 0.99455 3.25 0.54 11 7 
6.1 0.34 0.46 4.7 0.029 21 94 0.991 3.29 0.62 12.3 6 
6.7 0.47 0.34 8.9 0.043 31 172 0.9964 3.22 0.6 9.2 5 
7.4 0.16 0.27 15.5 0.05 25 135 0.9984 2.9 0.43 8.7 7 
7.2 0.29 0.2 7.7 0.046 51 174 0.99582 3.16 0.52 9.5 5 
7.8 0.3 0.36 4.6 0.024 20 198 0.99222 3.06 0.66 11.9 6 
7.7 0.24 0.31 1.3 0.047 33 106 0.993 3.22 0.55 10.8 6 
7.2 0.39 0.63 11 0.044 55 156 0.9974 3.09 0.44 8.7 6 
6.9 0.42 0.2 15.4 0.043 57 201 0.99848 3.08 0.54 9.4 5 
6.6 0.56 0.15 10 0.037 38 157 0.99642 3.28 0.52 9.4 5 
7.8 0.3 0.74 1.8 0.033 33 156 0.991 3.29 0.52 12.8 6 
6.6 0.39 0.39 11.9 0.057 51 221 0.99851 3.26 0.51 8.9 6 
6.5 0.41 0.22 4.8 0.052 49 142 0.9946 3.14 0.62 9.2 5 
7.1 0.2 0.41 2.1 0.054 24 166 0.9948 3.48 0.62 10.5 6 
7.2 0.08 0.49 1.3 0.05 18 148 0.9945 3.46 0.44 10.2 6 
6.3 0.32 0.35 11.1 0.039 29 198 0.9984 3.36 0.5 9.4 7 
5.6 0.13 0.27 4.8 0.028 22 104 0.9948 3.34 0.45 9.2 6 
7.8 0.2 0.32 5 0.016 31 101 0.99186 2.99 0.39 11 6 
6.7 0.265 0.22 8.6 0.048 54 198 0.9955 3.25 0.41 10.2 5 
7.3 0.21 0.29 1.6 0.034 29 118 0.9917 3.3 0.5 11 8 
7 0.21 0.28 8.6 0.045 37 221 0.9954 3.25 0.54 10.4 6 
6.1 0.28 0.32 2.5 0.042 23 218.5 0.9935 3.27 0.6 9.8 5 
7.6 0.39 0.32 3.6 0.035 22 93 0.99144 3.08 0.6 12.5 7 
7.9 0.26 0.33 10.3 0.039 73 212 0.9969 2.93 0.49 9.5 6 
6.8 0.29 0.49 1.4 0.142 52 148 0.9937 3.08 0.49 9 6 
5.3 0.3 0.2 1.1 0.077 48 166 0.9944 3.3 0.54 8.7 4 
7.4 0.29 0.28 10.2 0.032 43 138 0.9951 3.1 0.47 10.6 6 
6.4 0.55 0.26 9.6 0.027 20 104 0.9924 3.22 0.73 13.1 6 
6.5 0.41 0.24 14 0.048 24 113 0.9982 3.44 0.53 9.8 6 
7.1 0.26 0.3 2 0.031 13 128 0.9917 3.19 0.49 11.4 5 
6.3 0.19 0.33 10.1 0.063 63 133 0.99561 2.86 0.41 9.1 5 
6.3 0.13 0.42 1.1 0.043 63 146 0.99066 3.13 0.72 11.2 7 
5.6 0.15 0.26 5.55 0.051 51 139 0.99336 3.47 0.5 11 6 
7.4 0.18 0.36 13.1 0.056 72 163 1 3.42 0.35 9.1 6 
5.8 0.18 0.37 1.1 0.036 31 96 0.98942 3.16 0.48 12 6 
6.2 0.1 0.41 1 0.04 17 76 0.98988 3.14 0.56 11.4 7 
6.3 0.3 0.2 3.7 0.039 34 132 0.99158 3 0.38 10.7 5 
6.6 0.27 0.52 8.1 0.044 53 202 0.99548 3.18 0.48 9.5 5 
7.3 0.19 0.25 1.4 0.051 41 107 0.99382 3.53 0.66 10.5 7 
6.8 0.18 0.3 12.8 0.062 19 171 0.99808 3 0.52 9 7 
6.1 0.24 0.3 1.5 0.045 22 61 0.992 3.31 0.54 10.4 5 
4.8 0.33 0 6.5 0.028 34 163 0.9937 3.35 0.61 9.9 5 
7.3 0.35 0.67 8.3 0.053 10 100 0.9959 3.19 0.5 10.9 5 
6.8 0.3 0.22 6.2 0.06 41 190 0.99858 3.18 0.51 9.2 5 
7.4 0.28 0.36 14.6 0.048 35 161 0.9968 3.14 0.56 10.6 5 
5.1 0.29 0.28 8.3 0.026 27 107 0.99308 3.36 0.37 11 6 
7 0.31 0.26 7.4 0.069 28 160 0.9954 3.13 0.46 9.8 6 
6.7 0.24 0.26 5.4 0.03 15 94 0.99045 3.15 0.38 12.7 6 
6.8 0.14 0.35 1.5 0.047 40 117 0.99111 3.07 0.72 11.1 6 
7.3 0.18 0.65 1.4 0.046 28 157 0.9946 3.33 0.62 9.4 6 
7.4 0.32 0.22 1.7 0.051 50 179 0.9955 3.28 0.69 8.9 5 
6.1 0.44 0.28 4.25 0.032 43 132 0.9916 3.26 0.47 11.2666666666667 7 
5.9 0.17 0.28 0.7 0.027 5 28 0.98985 3.13 0.32 10.6 5 
7.5 0.23 0.32 9.2 0.038 54 191 0.9966 3.04 0.56 9.7 6 
6.7 0.25 0.31 1.35 0.061 30.5 218 0.99388 3.16 0.53 9.5 5 
5.3 0.32 0.23 9.65 0.026 26 119 0.99168 3.18 0.53 12.2 6 
7.1 0.44 0.62 11.8 0.044 52 152 0.9975 3.12 0.46 8.7 6 
6.7 0.24 0.41 2.9 0.039 48 122 0.99052 3.25 0.43 12 5 
6.4 0.34 0.1 1.1 0.048 19 84 0.9927 3.21 0.38 9.8 5 
6.2 0.34 0.29 7.6 0.047 45 232 0.9955 3.35 0.62 10 6 
7.6 0.33 0.41 13.7 0.045 44 197 0.9989 3.18 0.64 9.1 5 
6.3 0.24 0.35 2.3 0.039 43 109 0.99056 3.34 0.44 11.8 6 
6 0.24 0.27 1.9 0.048 40 170 0.9938 3.64 0.54 10 7 
7.2 0.23 0.46 6.4 0.036 17 85 0.99279 3.1 0.78 11.7 6 
7.6 0.1 0.33 1 0.031 33 93 0.99094 3.06 0.68 11.2 6 
6.1 0.21 0.19 1.4 0.046 51 131 0.99184 3.22 0.39 10.5 5 
5 0.27 0.32 4.5 0.032 58 178 0.98956 3.45 0.31 12.6 7 
7 0.29 0.33 0.9 0.041 20 117 0.99048 3.21 0.5 11.4 5 
6.5 0.18 0.41 14.2 0.039 47 129 0.99678 3.28 0.72 10.3 7 
6.6 0.32 0.33 2.5 0.052 40 219.5 0.99316 3.15 0.6 10 5 
6.3 0.22 0.22 5.6 0.039 31 128 0.99296 3.12 0.46 10.4 6 
6.6 0.26 0.46 7.8 0.047 48 186 0.9958 3.2 0.54 9.1 5 
8.7 0.3 0.34 4.8 0.018 23 127 0.99474 3.12 0.49 11.2 7 
5.8 0.315 0.19 19.4 0.031 28 106 0.99704 2.97 0.4 10.55 6 
6.4 0.15 0.44 1.2 0.043 67 150 0.9907 3.14 0.73 11.2 7 
8.6 0.23 0.4 4.2 0.035 17 109 0.9947 3.14 0.53 9.7 5 
6.2 0.35 0.03 1.2 0.064 29 120 0.9934 3.22 0.54 9.1 5 
7.2 0.32 0.24 5.6 0.033 23 120 0.99334 2.92 0.66 10.3 7 
6.1 0.17 0.27 1.5 0.056 45 135 0.9924 3.2 0.43 10.2 6 
7.1 0.47 0.29 14.8 0.024 22 142 0.99518 3.12 0.48 12 8 
8.5 0.17 0.31 1 0.024 13 91 0.993 2.79 0.37 10.1 5 
7.5 0.28 0.34 4.2 0.028 36 116 0.991 2.99 0.41 12.3 8 
5.7 0.22 0.2 16 0.044 41 113 0.99862 3.22 0.46 8.9 6 
6.8 0.17 0.17 5.1 0.049 26 82 0.993 3 0.38 9.8 6 
5.7 0.33 0.15 1.9 0.05 20 93 0.9934 3.38 0.62 9.9 5 
6.9 0.25 0.29 2.4 0.038 28 76 0.99088 3.01 0.36 11.7 7 
7.4 0.38 0.27 7.5 0.041 24 160 0.99535 3.17 0.43 10 5 
7 0.22 0.26 9.2 0.027 37 122 0.99228 3.06 0.34 12.5 8 
6.4 0.22 0.32 4.9 0.046 50 156 0.99316 3.38 0.55 11.2 6 
5.6 0.26 0.18 1.4 0.034 18 135 0.99174 3.32 0.35 10.2 6 
7.3 0.22 0.4 14.75 0.042 44.5 129.5 0.9998 3.36 0.41 9.1 7 
5.6 0.46 0.24 4.8 0.042 24 72 0.9908 3.29 0.37 12.6 6 
8.3 0.28 0.45 7.8 0.059 32 139 0.9972 3.33 0.77 11.2 6 
7.3 0.145 0.33 1.1 0.042 14 64 0.99012 3.1 0.37 11.8 7 
6.8 0.15 0.41 12.9 0.044 79.5 183 0.99742 3.24 0.78 10.2 6 
5.1 0.33 0.22 1.6 0.027 18 89 0.9893 3.51 0.38 12.5 7 
6.5 0.28 0.38 7.8 0.031 54 216 0.99154 3.03 0.42 13.1 6 
5.8 0.2 0.27 1.4 0.031 12 77 0.9905 3.25 0.36 10.9 7 
8.1 0.3 0.31 1.1 0.041 49 123 0.9914 2.99 0.45 11.1 6 
6.9 0.28 0.41 1.7 0.05 10 136 0.993 3.16 0.71 11.4 6 
6.8 0.31 0.42 6.9 0.046 50 173 0.9958 3.19 0.46 9 5 
6.1 0.38 0.2 6.6 0.033 25 137 0.9938 3.3 0.69 10.4 6 
7.6 0.52 0.49 14 0.034 37 156 0.9958 3.14 0.38 11.8 7 
6.7 0.11 0.26 14.8 0.053 44 95 0.99676 3.2 0.35 9.8 6 
7.7 0.34 0.58 11.1 0.039 41 151 0.9978 3.06 0.49 8.6 5 
7.4 0.28 0.5 12.1 0.049 48 122 0.9973 3.01 0.44 9 5 
6.2 0.28 0.41 5 0.043 50 188 0.99318 3.23 0.64 10.8 6 
6.7 0.24 0.32 9 0.023 20 109 0.99262 3.34 0.35 12.6 6 
8.7 0.23 0.32 13.4 0.044 35 169 0.99975 3.12 0.47 8.8 7 
6.7 0.28 0.14 1.4 0.043 64 159 0.992 3.17 0.39 10 5 
6.4 0.22 0.32 7.2 0.028 15 83 0.993 3.13 0.55 10.9 8 
6.6 0.22 0.23 17.3 0.047 37 118 0.99906 3.08 0.46 8.8 6 
6.9 0.3 0.45 1.4 0.039 36 122 0.99059 3.07 0.47 11.1 7 
7.7 0.24 0.3 1.4 0.041 15 102 0.9929 3.26 0.53 10.4 6 
6.2 0.34 0.28 7.5 0.034 40 197 0.99485 3.14 0.6 9.7 5 
7.6 0.51 0.24 1.2 0.04 10 104 0.992 3.05 0.29 10.8 6 
6.7 0.23 0.42 11.2 0.047 52 171 0.99758 3.54 0.74 10.4 5 
7 0.21 0.28 8.7 0.045 37 222 0.9954 3.25 0.54 10.4 6 
8.5 0.24 0.47 15.2 0.057 40 234 1.0005 3.02 0.66 9 5 
7.9 0.28 0.32 3.6 0.038 9 76 0.992 3.05 0.31 11.7 4 
5.3 0.26 0.23 5.15 0.034 48 160 0.9952 3.82 0.51 10.5 7 
6.9 0.2 0.4 7.7 0.032 51 176 0.9939 3.22 0.27 11.4 5 
7.5 0.31 0.51 14.8 0.039 62 204 0.9982 3.06 0.6 9.5 5 
7.4 0.19 0.31 14.5 0.045 39 193 0.9986 3.1 0.5 9.2 6 
6.8 0.3 0.33 12.8 0.041 60 168 0.99659 3.1 0.56 9.8 5 
6.8 0.26 0.44 8.2 0.046 52 183 0.99584 3.2 0.51 9.4 5 
6.9 0.19 0.28 5 0.058 14 146 0.9952 3.29 0.36 9.1 6 
7 0.14 0.4 1.7 0.035 16 85 0.9911 3.19 0.42 11.8 6 
7.6 0.38 0.2 3.4 0.046 9 116 0.9944 3.15 0.41 9.4 5 
7.2 0.3 0.3 8.1 0.05 40 188 0.99652 3.15 0.49 9.1 6 
7.5 0.25 0.47 4.1 0.041 95 163 0.99184 2.92 0.59 11.3 6 
6.6 0.22 0.53 15.1 0.052 22 136 0.9986 2.94 0.35 9.4 5 
6.8 0.25 0.34 14 0.032 47 133 0.9952 3.37 0.5 12.2 7 
7.2 0.23 0.38 14.3 0.058 55 194 0.9979 3.09 0.44 9 6 
8 0.27 0.25 19.1 0.045 50 208 1.00051 3.05 0.5 9.2 6 
7.2 0.24 0.27 11.4 0.034 40 174 0.99773 3.2 0.44 9 5 
6.6 0.22 0.23 17.3 0.047 37 118 0.99906 3.08 0.46 8.8 6 
6.6 0.25 0.42 11.3 0.049 77 231 0.9966 3.24 0.52 9.5 6 
6.6 0.39 0.38 9.7 0.053 49 226 0.99787 3.3 0.57 9.4 6 
6.9 0.18 0.36 1.3 0.036 40 117 0.9934 3.27 0.95 9.5 7 
7.4 0.21 0.8 12.3 0.038 77 183 0.99778 2.95 0.48 9 5 
6.8 0.27 0.35 7.8 0.048 76 197 0.9959 3.24 0.43 9.5 6 
8.9 0.34 0.32 1.3 0.041 12 188 0.9953 3.17 0.49 9.5 5 
7.5 0.24 0.49 9.4 0.048 50 149 0.9962 3.17 0.59 10.5 7 
6.9 0.37 0.28 13.8 0.031 34 137 0.9948 3.1 0.37 11.6 6 
7.7 0.25 0.49 2.5 0.047 31 169 0.99252 3.07 0.57 10.6 6 
5.6 0.695 0.06 6.8 0.042 9 84 0.99432 3.44 0.44 10.2 5 
6.8 0.28 0.37 7 0.057 35 208 0.9973 3.57 0.55 10.2 5 
6.4 0.41 0.01 6.1 0.048 20 70 0.99362 3.19 0.42 10 5 
6.8 0.18 0.3 12.8 0.062 19 171 0.99808 3 0.52 9 7 
6.2 0.32 0.16 7 0.045 30 136 0.9949 3.18 0.47 9.6 6 
7.1 0.26 0.31 2.2 0.044 29 128 0.9937 3.34 0.64 10.9 8 
7.7 0.28 0.24 2.4 0.044 29 157 0.99312 3.27 0.56 10.6 6 
5.2 0.3 0.34 1.5 0.038 18 96 0.98942 3.56 0.48 13 8 
8 0.29 0.49 11.7 0.035 40 131 0.9958 3.14 0.34 10.8 5 
6.6 0.25 0.41 7.4 0.043 29 151 0.9946 3.15 0.6 10.2 7 
7 0.34 0.26 10.3 0.041 51 166 0.99382 3.08 0.35 11.6 6 
