6.2 0.53 0.02 0.9 0.035 6 81 0.99234 3.24 0.35 9.5 4 
6.6 0.26 0.31 4.8 0.138 41 168 0.9951 3.2 0.38 9.3 5 
6.3 0.41 0.22 7.3 0.035 23 117 0.99172 3.2 0.39 11.94 7 
6.1 0.16 0.37 1.1 0.031 37 97 0.9922 3.4 0.58 10.5 6 
7.9 0.19 0.45 1.5 0.045 17 96 0.9917 3.13 0.39 11 6 
7 0.28 0.26 1.7 0.042 34 130 0.9925 3.43 0.5 10.7 8 
6.3 0.3 0.28 5 0.042 36 168 0.99505 3.22 0.69 9.5 6 
7.9 0.12 0.49 5.2 0.049 33 152 0.9952 3.18 0.47 10.6 6 
6.6 0.25 0.31 12.4 0.059 52 181 0.9984 3.51 0.47 9.8 6 
7 0.14 0.41 0.9 0.037 22 95 0.9914 3.25 0.43 10.9 6 
6 0.41 0.23 1.1 0.066 22 148 0.99266 3.3 0.47 9.63333333333333 5 
6.3 0.21 0.4 1.7 0.031 48 134 0.9917 3.42 0.49 11.5 6 
6.6 0.28 0.42 8.2 0.044 60 196 0.99562 3.14 0.48 9.4 5 
6.1 0.35 0.07 1.4 0.069 22 108 0.9934 3.23 0.52 9.2 5 
7.8 0.22 0.36 1.4 0.056 21 153 0.993 3.2 0.53 10.4 6 
7.4 0.33 0.26 15.6 0.049 67 210 0.99907 3.06 0.68 9.5 5 
6.6 0.19 0.41 8.9 0.046 51 169 0.9954 3.14 0.57 9.8 6 
5.9 0.15 0.31 5.8 0.041 53 155 0.9945 3.52 0.46 10.5 6 
7.2 0.21 0.36 15.7 0.045 68 183 0.99922 3.25 0.76 9.4 5 
6.4 0.32 0.23 16.2 0.055 36 176 0.9986 3.26 0.54 9.1 5 
6.3 0.36 0.5 8.3 0.053 51 202 0.9955 3.2 0.51 9.6 6 
6.4 0.15 0.31 1.1 0.044 25 96 0.9932 3.54 0.51 10.3 6 
5.6 0.12 0.33 2.9 0.044 21 73 0.98896 3.17 0.32 12.9 8 
6.7 0.27 0.31 15.7 0.036 44 179 0.9979 3.26 0.56 9.6 5 
7.8 0.25 0.34 13.7 0.044 66 184 0.99976 3.22 0.75 8.9 5 
7 0.22 0.29 8.9 0.05 24 90 0.99556 3.29 0.46 9.8 6 
7.4 0.3 0.49 8.2 0.055 49 188 0.9974 3.52 0.58 9.7 6 
8.4 0.4 0.7 13.1 0.042 29 197 0.998 3.06 0.64 9.7 5 
7.6 0.32 0.58 16.75 0.05 43 163 0.9999 3.15 0.54 9.2 5 
8 0.2 0.4 5.2 0.055 41 167 0.9953 3.18 0.4 10.6 7 
6.9 0.4 0.17 12.9 0.033 59 186 0.99754 3.08 0.49 9.4 5 
7.1 0.22 0.33 2.8 0.033 48 153 0.9899 3.15 0.38 12.7 7 
6.6 0.28 0.09 10.9 0.051 37 131 0.99566 2.93 0.62 9.5 6 
7.6 0.16 0.44 1.4 0.043 25 109 0.9932 3.11 0.75 10.3 6 
6.6 0.23 0.26 1.3 0.045 16 128 0.9934 3.36 0.6 10 6 
7.4 0.18 0.31 1.4 0.058 38 167 0.9931 3.16 0.53 10 7 
5.8 0.31 0.31 7.5 0.052 55 230 0.9949 3.19 0.46 9.8 5 
7.2 0.17 0.34 6.4 0.042 16 111 0.99278 2.99 0.4 10.8 6 
6.9 0.25 0.35 9.2 0.034 42 150 0.9947 3.21 0.36 11.5 6 
7.2 0.36 0.36 5.7 0.038 26 98 0.9914 2.93 0.59 12.5 7 
6.7 0.25 0.36 8.6 0.037 63 206 0.99553 3.18 0.5 9.6 5 
6.8 0.16 0.36 1.3 0.034 32 98 0.99058 3.02 0.58 11.3 6 
8.3 0.21 0.4 1.6 0.032 35 110 0.9907 3.02 0.6 12.9 7 
6.7 0.31 0.18 7.7 0.043 57 200 0.99566 3.17 0.44 9.4 6 
7.4 0.25 0.37 6.9 0.02 14 93 0.9939 3 0.48 10.7 7 
7.4 0.27 0.49 1.1 0.037 33 156 0.992 3.15 0.54 11.1 6 
6.5 0.19 0.1 1.3 0.046 23 107 0.9937 3.29 0.45 10 5 
6.4 0.44 0.44 14.4 0.048 29 228 0.99955 3.26 0.54 8.8 7 
6.6 0.22 0.28 12.05 0.058 25 125 0.99856 3.45 0.45 9.4 5 
6.9 0.19 0.35 13.5 0.038 49 118 0.99546 3 0.63 10.7 6 
6.2 0.37 0.22 8.3 0.025 36 216 0.9964 3.33 0.6 9.6 6 
8.3 0.25 0.49 16.8 0.048 50 228 1.0001 3.03 0.52 9.2 6 
6.2 0.38 0.42 2.5 0.038 34 117 0.99132 3.36 0.59 11.6 7 
7.5 0.32 0.49 1.7 0.031 44 109 0.9906 3.07 0.46 12.5 6 
6.2 0.28 0.57 1 0.043 50 92 0.99004 3.17 0.36 11.5 6 
5.5 0.29 0.3 1.1 0.022 20 110 0.98869 3.34 0.38 12.8 7 
7.5 0.32 0.24 4.6 0.053 8 134 0.9958 3.14 0.5 9.1 3 
6.5 0.2 0.5 18.1 0.054 50 221 0.99941 2.94 0.64 8.8 6 
6.7 0.31 0.3 2.1 0.038 18 130 0.9928 3.36 0.63 10.6 6 
5.8 0.23 0.31 4.5 0.046 42 124 0.99324 3.31 0.64 10.8 6 
7 0.31 0.35 1.6 0.063 13 119 0.99184 3.22 0.5 10.7 5 
7.5 0.26 0.31 1.6 0.032 36 109 0.99044 2.97 0.43 11.9 6 
6.4 0.26 0.22 5.1 0.037 23 131 0.9944 3.29 0.32 10.1 5 
8.1 0.43 0.42 6.6 0.033 36 141 0.9918 2.98 0.39 13.3 7 
6.8 0.21 0.27 2.1 0.03 26 139 0.99 3.16 0.61 12.6 7 
7.3 0.31 0.69 10.2 0.041 58 160 0.9977 3.06 0.45 8.6 5 
6.4 0.29 0.57 1 0.06 15 120 0.9924 3.06 0.41 9.5 5 
6.2 0.3 0.31 1.6 0.035 40 106 0.98914 3.26 0.39 12.9 7 
7.7 0.34 0.27 8.8 0.063 39 184 0.9969 3.09 0.63 9.2 6 
6.3 0.22 0.34 5 0.032 36 93 0.99012 3.27 0.36 13.5 7 
7 0.16 0.25 14.3 0.044 27 149 0.998 2.91 0.46 9.2 6 
7.1 0.2 0.35 3.2 0.034 21 107 0.99195 3.11 0.54 11.1 6 
6.8 0.26 0.24 7.8 0.052 54 214 0.9961 3.13 0.47 8.9 5 
8 0.36 0.39 1.6 0.024 26 93 0.99116 3.15 0.49 11.9 6 
7.5 0.32 0.49 1.7 0.031 44 109 0.9906 3.07 0.46 12.5 6 
6.8 0.3 0.33 12.8 0.041 60 168 0.99659 3.1 0.56 9.8 5 
7.9 0.21 0.39 2 0.057 21 138 0.99176 3.05 0.52 10.9 5 
7 0.16 0.36 2.6 0.029 28 98 0.99126 3.11 0.37 11.2 7 
7.4 0.24 0.36 2 0.031 27 139 0.99055 3.28 0.48 12.5 9 
6.1 0.38 0.14 3.9 0.06 27 113 0.99344 3.07 0.34 9.2 4 
5.2 0.38 0.26 7.7 0.053 20 103 0.9925 3.27 0.45 12.2 6 
6.7 0.42 0.46 9.7 0.054 67 234 0.99848 3.23 0.5 9 5 
7.6 0.39 0.46 11.7 0.084 55 170 0.99773 2.91 0.51 9 5 
7.3 0.22 0.41 15.4 0.05 55 191 1 3.32 0.59 8.9 6 
7.1 0.44 0.27 8.4 0.057 60 160 0.99257 3.16 0.36 11.8 6 
7 0.24 0.36 2.8 0.034 22 112 0.99 3.19 0.38 12.6 8 
8.2 0.345 1 18.2 0.047 55 205 0.99965 2.96 0.43 9.6 5 
6.1 0.28 0.24 19.95 0.074 32 174 0.99922 3.19 0.44 9.3 6 
7.1 0.28 0.35 3.5 0.028 35 91 0.99022 2.96 0.33 12.1 5 
8.1 0.24 0.26 11 0.043 41 211 0.99676 3.11 0.49 10 6 
7 0.24 0.34 1.4 0.031 27 107 0.99 3.06 0.39 11.9 6 
7.6 0.2 0.3 14.2 0.056 53 212.5 0.999 3.14 0.46 8.9 8 
6.9 0.19 0.35 5 0.067 32 150 0.995 3.36 0.48 9.8 5 
6.2 0.27 0.43 7.8 0.056 48 244 0.9956 3.1 0.51 9 6 
6.8 0.23 0.29 12.2 0.035 38 236 0.9976 3.35 0.52 9.8 6 
6 0.25 0.4 5.7 0.052 56 152 0.99398 3.16 0.88 10.5 6 
6.1 0.38 0.42 5 0.016 31 113 0.99007 3.15 0.31 12.4 7 
5.7 0.255 0.65 1.2 0.079 17 137 0.99307 3.2 0.42 9.4 5 
7.4 0.31 0.26 8.6 0.048 47 206 0.9964 3.26 0.36 9.1 5 
4.7 0.335 0.14 1.3 0.036 69 168 0.99212 3.47 0.46 10.5 5 
7.4 0.25 0.37 13.5 0.06 52 192 0.9975 3 0.44 9.1 5 
6.4 0.16 0.32 8.75 0.038 38 118 0.99449 3.19 0.41 10.7 5 
7.5 0.42 0.2 1.4 0.06 15 168 0.9944 3.06 0.4 9.4 6 
6.4 0.31 0.53 8.8 0.057 36 221 0.99642 3.17 0.44 9.1 5 
7.5 0.28 0.78 12.1 0.041 53 161 0.99838 2.98 0.44 8.7 5 
7.8 0.3 0.29 16.85 0.054 23 135 0.9998 3.16 0.38 9 6 
6.6 0.26 0.21 2.9 0.026 48 126 0.99089 3.22 0.38 11.3 7 
6.7 0.41 0.24 5.4 0.035 33 115 0.9901 3.12 0.44 12.8933333333333 7 
5.9 0.29 0.28 3.2 0.035 16 117 0.98959 3.26 0.42 12.6 6 
6.2 0.25 0.39 1.3 0.051 42 135 0.9906 3.23 0.4 11.1 6 
6.5 0.18 0.41 14.2 0.039 47 129 0.99678 3.28 0.72 10.3 7 
6.4 0.69 0.09 7.6 0.044 34 144 0.9948 3.26 0.38 10.1 6 
6.1 0.41 0 1.6 0.063 36 87 0.9914 3.27 0.67 10.8 6 
6.8 0.39 0.35 11.6 0.044 57 220 0.99775 3.07 0.53 9.3 5 
7.7 0.29 0.29 4.8 0.06 27 156 0.99572 3.49 0.59 10.3 6 
7.6 0.445 0.44 14.5 0.045 68 212 0.9986 3.48 0.36 10 6 
7.4 0.37 0.35 5.7 0.061 12 94 0.9965 3.48 0.69 10.7 6 
7 0.23 0.42 18.05 0.05 35 144 0.9999 3.22 0.42 8.8 5 
5.9 0.2 0.28 1 0.043 45 100 0.99033 3.4 0.41 11.4 6 
5.1 0.35 0.26 6.8 0.034 36 120 0.99188 3.38 0.4 11.5 6 
6.4 0.24 0.32 14.9 0.047 54 162 0.9968 3.28 0.5 10.2 6 
6.7 0.22 0.37 1.6 0.028 24 102 0.9913 3.29 0.59 11.6 7 
7.4 0.44 0.2 11.5 0.049 44 157 0.998 3.27 0.44 9 5 
6.6 0.16 0.25 9.8 0.049 59.5 137 0.995 3.16 0.38 10 6 
6.8 0.45 0.28 26.05 0.031 27 122 1.00295 3.06 0.42 10.6 6 
6.7 0.33 0.42 6.4 0.058 27 151 0.9954 3.16 0.44 9.6 5 
6.6 0.21 0.5 8.7 0.036 41 191 0.99294 2.96 0.56 11 6 
5.9 0.24 0.3 2 0.033 28 92 0.99225 3.39 0.69 10.9 7 
7.6 0.31 0.23 12.7 0.054 20 139 0.99836 3.16 0.5 9.7 4 
9.2 0.32 0.42 1.3 0.046 14 186 0.9949 3.08 0.48 9.6 5 
8.5 0.2 0.4 1.1 0.046 31 106 0.99194 3 0.35 10.5 4 
4.9 0.335 0.14 1.3 0.036 69 168 0.99212 3.47 0.46 10.4666666666667 5 
7.2 0.27 0.74 12.5 0.037 47 156 0.9981 3.04 0.44 8.7 5 
8 0.3 0.49 9.4 0.046 47 188 0.9964 3.14 0.48 10 5 
6.1 0.41 0.24 1.6 0.049 16 137 0.993 3.32 0.5 10.4 6 
7 0.3 0.51 13.6 0.05 40 168 0.9976 3.07 0.52 9.6 7 
6.4 0.43 0.32 1.4 0.048 10 67 0.992 3.08 0.41 11.4 5 
7.7 0.16 0.49 2 0.056 20 124 0.9948 3.32 0.49 10.7 6 
7.8 0.29 0.36 7 0.042 38 161 0.9941 3.26 0.37 11.2 8 
7.4 0.16 0.3 1.4 0.064 34 166 0.99136 3.11 0.42 11.4333333333333 6 
8.1 0.2 0.28 0.9 0.023 49 87 0.99062 2.92 0.36 11.1 6 
6.7 0.16 0.28 2.5 0.046 40 153 0.9921 3.38 0.51 11.4 7 
6.2 0.32 0.24 4.1 0.051 34 149 0.99306 3.36 0.52 11 5 
6.3 0.15 0.34 11.4 0.05 25 96 0.99754 3.21 0.49 10 6 
6.1 0.33 0.32 7.8 0.052 52 183 0.99657 3.39 0.65 9.5 5 
6.5 0.29 0.53 1.7 0.04 41 192 0.9922 3.26 0.59 10.4 7 
6.1 0.3 0.56 2.8 0.044 47 179 0.9924 3.3 0.57 10.9 7 
6.6 0.15 0.32 6 0.033 59 128 0.99192 3.19 0.71 12.1 8 
6.4 0.32 0.5 10.7 0.047 57 206 0.9968 3.08 0.6 9.4 5 
9.1 0.27 0.32 1.1 0.031 15 151 0.9936 3.03 0.41 10.6 5 
7.3 0.18 0.31 17.3 0.055 32 197 1.0002 3.13 0.46 9 6 
7.7 0.3 0.42 14.3 0.045 45 213 0.9991 3.18 0.63 9.2 5 
7.2 0.23 0.39 2.3 0.033 29 102 0.9908 3.26 0.54 12.3 7 
6.4 0.45 0.07 1.1 0.03 10 131 0.9905 2.97 0.28 10.8 5 
6.6 0.25 0.32 5.6 0.039 15 68 0.99163 2.96 0.52 11.1 6 
5.5 0.375 0.38 1.7 0.036 17 98 0.99142 3.29 0.39 10.5 6 
7.5 0.33 0.32 11.1 0.036 25 119 0.9962 3.15 0.34 10.5 6 
6.6 0.43 0.24 11.9 0.04 54 159 0.99622 3.14 0.54 9.8 6 
6.6 0.21 0.29 5.35 0.029 43 106 0.99112 2.93 0.43 11.5 7 
6.8 0.29 0.5 13.3 0.053 48 194 0.9974 3.09 0.45 9.4 5 
6.7 0.16 0.32 12.5 0.035 18 156 0.99666 2.88 0.36 9 6 
7.7 0.3 0.34 1.2 0.048 4 119 0.99084 3.18 0.34 12.1 6 
6.7 0.28 0.42 3.5 0.035 43 105 0.99021 3.18 0.38 12.2 6 
6 0.31 0.38 4.8 0.04 41 101 0.98968 3.24 0.56 13.1 6 
6.7 0.17 0.37 2 0.039 34 125 0.9922 3.26 0.6 10.8 7 
7.4 0.25 0.49 1.1 0.042 35 156 0.9917 3.13 0.55 11.3 5 
6.4 0.22 0.34 1.8 0.057 29 104 0.9959 3.81 0.57 10.3 6 
5.7 0.21 0.24 2.3 0.047 60 189 0.995 3.65 0.72 10.1 6 
6.3 0.41 0.33 4.7 0.023 28 110 0.991 3.3 0.38 12.5 7 
5 0.55 0.14 8.3 0.032 35 164 0.9918 3.53 0.51 12.5 8 
6 0.38 0.26 3.5 0.035 38 111 0.98872 3.18 0.47 13.6 7 
6.3 0.27 0.46 11.75 0.037 61 212 0.9971 3.25 0.53 9.5 6 
7.6 0.27 0.52 3.2 0.043 28 152 0.99129 3.02 0.53 11.4 6 
7.5 0.21 0.29 1.5 0.046 35 107 0.99123 3.15 0.45 11.3 6 
5.4 0.27 0.22 4.6 0.022 29 107 0.98889 3.33 0.54 13.8 6 
8.1 0.19 0.58 16.65 0.049 48 181 1.0006 3.2 0.62 9.1 6 
7.7 0.46 0.18 3.3 0.054 18 143 0.99392 3.12 0.51 10.8 6 
7.6 0.29 0.42 1.3 0.035 18 86 0.9908 2.99 0.39 11.3 5 
7.2 0.35 0.25 5.6 0.032 23 120 0.99334 2.93 0.66 10.3 7 
6.8 0.33 0.3 2.1 0.047 35 147 0.9886 3.24 0.56 13.4 6 
5.9 0.27 0.32 2 0.034 31 102 0.98952 3.16 0.56 12.3 6 
7 0.34 0.3 1.8 0.045 44 142 0.9914 2.99 0.45 10.8 6 
6.5 0.17 0.33 1.4 0.028 14 99 0.9928 3.23 0.55 10.1 6 
6.5 0.32 0.12 11.5 0.033 35 165 0.9974 3.22 0.32 9 5 
7.9 0.33 0.28 31.6 0.053 35 176 1.0103 3.15 0.38 8.8 6 
6.1 0.38 0.47 1.4 0.051 59 210 0.99309 3.24 0.5 9.6 5 
7.7 0.29 0.48 2.3 0.049 36 178 0.9931 3.17 0.64 10.6 6 
7.4 0.21 0.27 1.2 0.041 27 99 0.9927 3.19 0.33 9.8 6 
6.4 0.25 0.33 1.7 0.037 35 113 0.99164 3.23 0.66 10.6 6 
7.4 0.2 0.37 1.2 0.028 28 89 0.99132 3.14 0.61 11.8 6 
8.2 0.18 0.38 1.1 0.04 41 92 0.99062 2.88 0.6 12 6 
10.7 0.22 0.56 8.2 0.044 37 181 0.998 2.87 0.68 9.5 6 
6.2 0.18 0.3 1 0.031 23 73 0.99032 3.23 0.52 11.3 6 
7 0.23 0.26 7.2 0.041 21 90 0.99509 3.22 0.55 9.5 6 
8 0.23 0.41 1.1 0.048 35 150 0.99168 3.09 0.47 11.2 5 
5.7 0.26 0.3 1.8 0.039 30 105 0.98995 3.48 0.52 12.5 7 
6.3 0.27 0.18 7.7 0.048 45 186 0.9962 3.23 0.47 9 5 
7.5 0.33 0.39 12.4 0.065 29 119 0.9974 3.16 0.39 9.4 5 
6.9 0.27 0.4 14 0.05 64 227 0.9979 3.18 0.58 9.6 6 
6.2 0.76 0.01 3.2 0.041 18 120 0.99026 3.2 0.94 13.7 7 
5.9 0.24 0.3 2 0.033 28 92 0.99225 3.39 0.69 10.9 7 
6.4 0.28 0.41 6.8 0.045 61 216 0.9952 3.09 0.46 9.4 5 
6.8 0.19 0.32 7.05 0.019 54 188 0.9935 3.25 0.37 11.1 8 
7 0.44 0.24 12.1 0.056 68 210 0.99718 3.05 0.5 9.5 5 
6.3 0.23 0.31 1.5 0.022 11 82 0.9892 3.3 0.4 12.9 7 
7.2 0.21 0.35 14.5 0.048 35 178 0.9982 3.05 0.47 8.9 6 
8.2 0.29 0.33 9.1 0.036 28 118 0.9953 2.96 0.4 10.9 7 
6.8 0.26 0.26 2 0.019 23.5 72 0.99041 3.16 0.47 11.8 6 
7.4 0.16 0.49 1.2 0.055 18 150 0.9917 3.23 0.47 11.2 6 
6.4 0.32 0.31 1.9 0.037 34 126 0.99 3.06 0.45 11.8 6 
6.3 0.23 0.21 5.1 0.035 29 142 0.9942 3.36 0.33 10.1 7 
6.9 0.21 0.33 1.4 0.056 35 136 0.9938 3.63 0.78 10.3 6 
7.4 0.26 0.3 7.9 0.049 38 157 0.9963 3.13 0.48 8.9 6 
6.5 0.18 0.33 1.4 0.029 35 138 0.99114 3.36 0.6 11.5 7 
5 0.33 0.16 1.5 0.049 10 97 0.9917 3.48 0.44 10.7 6 
5.7 0.15 0.28 3.7 0.045 57 151 0.9913 3.22 0.27 11.2 6 
7.3 0.22 0.37 15.5 0.048 70 203 0.99899 3.25 0.77 9.4 5 
6.4 0.32 0.26 7.9 0.05 53 180 0.99514 3.14 0.5 9.6 5 
6.3 0.34 0.28 14.7 0.047 49 198 0.9977 3.23 0.46 9.5 5 
5 0.33 0.16 1.5 0.049 10 97 0.9917 3.48 0.44 10.7 6 
5.8 0.17 0.3 1.4 0.037 55 130 0.9909 3.29 0.38 11.3 6 
7.1 0.38 0.4 2.2 0.042 54 201 0.99177 3.03 0.5 11.4 5 
7.4 0.64 0.47 14.15 0.168 42 185 0.9984 2.9 0.49 9.3 5 
7.4 0.36 0.33 1.4 0.025 27 55 0.9915 3.21 0.33 11.2 6 
6.1 0.25 0.3 1.2 0.036 42 107 0.991 3.34 0.56 10.8 7 
6.5 0.22 0.25 17.1 0.05 44 138 1.0001 3.3 0.37 8.8 5 
8.4 0.24 0.49 7.4 0.039 46 108 0.9934 3.03 0.33 11.9 7 
7.9 0.18 0.36 5.9 0.058 31 132 0.995 3.25 0.52 10.9 6 
6.7 0.29 0.45 14.3 0.054 30 181 0.99869 3.14 0.57 9.1 5 
7.6 0.4 0.27 5.2 0.03 32 101 0.99172 3.22 0.62 12.3 7 
7.4 0.34 0.28 12.1 0.049 31 149 0.99677 3.22 0.49 10.3 5 
6.8 0.31 0.25 10.5 0.043 30 165 0.9972 3.36 0.55 10.55 6 
6.8 0.28 0.6 1.1 0.132 42 127 0.9934 3.09 0.44 9.1 6 
6.4 0.16 0.22 1.4 0.04 41 149 0.9933 3.49 0.58 10 6 
8 0.37 0.32 1.6 0.04 32 166 0.992 3 0.55 11.3 7 
6.4 0.22 0.49 7.5 0.054 42 151 0.9948 3.27 0.52 10.1 6 
5.9 0.22 0.3 1.3 0.052 42 86 0.99069 3.31 0.47 11.55 6 
7.3 0.28 0.42 1.2 0.033 29 142 0.99205 3.17 0.43 10.7 4 
7.1 0.17 0.43 1.3 0.023 33 132 0.99067 3.11 0.56 11.7 6 
6.9 0.25 0.26 5.2 0.024 36 135 0.9948 3.16 0.72 10.7 7 
6.4 0.24 0.25 20.2 0.083 35 157 0.99976 3.17 0.5 9.1 5 
6.2 0.23 0.36 17.2 0.039 37 130 0.99946 3.23 0.43 8.8 6 
7.6 0.31 0.49 3.95 0.044 27 131 0.9912 3.08 0.67 12.8 7 
6.9 0.19 0.35 1.7 0.036 33 101 0.99315 3.21 0.54 10.8 7 
6 0.19 0.71 1.5 0.152 9 55 0.9927 3.12 0.46 9.8 6 
7.1 0.2 0.27 9.6 0.037 19 105 0.99444 3.04 0.37 10.5 7 
7.2 0.26 0.32 10.4 0.062 23 114 0.9966 3.23 0.49 10.5 5 
6.1 0.17 0.42 15.1 0.033 28 124 0.99684 2.87 0.47 9.5 5 
6.4 0.35 0.21 2.1 0.051 46 171 0.9932 3.16 0.5 9.5 5 
7 0.44 0.24 12.1 0.056 68 210 0.99718 3.05 0.5 9.5 5 
7.3 0.3 0.74 13.5 0.039 46 165 0.9982 3.02 0.4 8.7 5 
6.6 0.23 0.3 14.9 0.051 33 118 0.99835 3.04 0.54 9 6 
6.1 0.3 0.32 2.2 0.042 41 142 0.98952 3.31 0.44 12.7 7 
6.3 0.24 0.74 1.4 0.172 24 108 0.9932 3.27 0.39 9.9 6 
5.2 0.25 0.23 1.4 0.047 20 77 0.99001 3.32 0.62 11.4 5 
5.6 0.245 0.32 1.1 0.047 24 152 0.9927 3.12 0.42 9.3 6 
7.5 0.18 0.37 6.2 0.05 21 138 0.99546 3.2 0.55 10.5 6 
5.9 0.18 0.28 5.1 0.039 50 139 0.99165 3.16 0.44 11.3 6 
6 0.26 0.42 5.2 0.027 70 178 0.9914 3.4 0.4 12.3 8 
8.3 0.16 0.48 1.7 0.057 31 98 0.9943 3.15 0.41 10.3 6 
7.7 0.38 0.23 10.8 0.03 28 95 0.99164 2.93 0.41 13.6 6 
7.1 0.21 0.32 2.2 0.037 28 141 0.993 3.2 0.57 10 7 
5.8 0.12 0.21 1.3 0.056 35 121 0.9908 3.32 0.33 11.4 6 
7.6 0.17 0.27 4.6 0.05 23 98 0.99422 3.08 0.47 9.5 6 
6.45 0.14 0.42 1.2 0.05 51 129 0.99116 3.27 0.69 11.1 7 
7.8 0.17 0.23 1.7 0.029 39 128 0.99272 3.37 0.41 10.7 7 
5.8 0.15 0.28 0.8 0.037 43 127 0.99198 3.24 0.51 9.3 5 
6.6 0.21 0.38 2.2 0.026 40 104 0.9914 3.25 0.4 11.1 8 
6.1 0.34 0.29 2.2 0.036 25 100 0.98938 3.06 0.44 11.8 6 
7.3 0.25 0.36 13.1 0.05 35 200 0.9986 3.04 0.46 8.9 7 
6.8 0.21 0.37 7 0.038 27 107 0.99206 2.98 0.82 11.5 6 
7.4 0.36 0.23 1.9 0.017 31 69 0.9892 2.93 0.36 12.5 6 
6.1 0.32 0.25 1.7 0.034 37 136 0.992 3.47 0.5 10.8 7 
7.3 0.23 0.37 1.9 0.041 51 165 0.9908 3.26 0.4 12.2 8 
6.4 0.3 0.16 7.5 0.05 55 191 0.9959 3.17 0.49 9 5 
8 0.23 0.46 1.5 0.03 30 125 0.9907 3.23 0.47 12.5 6 
5.6 0.2 0.36 2.5 0.048 16 125 0.99282 3.49 0.49 10 6 
6 0.45 0.42 1.1 0.051 61 197 0.9932 3.02 0.4 9 5 
6.4 0.41 0.24 14 0.048 24 113 0.9982 3.44 0.53 9.8 6 
7.8 0.22 0.38 10.3 0.059 28 99 0.9967 3.12 0.47 10 6 
6.3 0.22 0.43 4.55 0.038 31 130 0.9918 3.35 0.33 11.5 7 
4.4 0.46 0.1 2.8 0.024 31 111 0.98816 3.48 0.34 13.1 6 
6 0.555 0.26 4.5 0.053 17 126 0.9943 3.24 0.46 9.1 5 
6.4 0.17 0.27 1.5 0.037 20 98 0.9916 3.46 0.42 11 7 
6.3 0.22 0.3 2 0.05 23 120 0.99204 3.24 0.47 10.4 6 
5.5 0.32 0.13 1.3 0.037 45 156 0.99184 3.26 0.38 10.7 5 
6.8 0.44 0.37 5.1 0.047 46 201 0.9938 3.08 0.65 10.5 4 
7.2 0.37 0.4 11.6 0.032 34 214 0.9963 3.1 0.51 9.8 6 
5 0.2 0.4 1.9 0.015 20 98 0.9897 3.37 0.55 12.05 6 
6.2 0.26 0.37 7.1 0.047 54 201 0.99523 3.19 0.48 9.5 6 
6.4 0.23 0.3 7.1 0.037 63 236 0.9952 3.06 0.34 9.2 6 
7.4 0.17 0.29 1.4 0.047 23 107 0.9939 3.52 0.65 10.4 6 
7.1 0.44 0.23 5.8 0.035 24 100 0.99062 3.15 0.57 13.2 7 
5.6 0.49 0.13 4.5 0.039 17 116 0.9907 3.42 0.9 13.7 7 
7.1 0.16 0.36 1.2 0.043 21 90 0.9925 3.16 0.42 11 7 
6.8 0.31 0.19 3.5 0.086 30 130 0.993 2.83 0.44 9.6 5 
7.5 0.33 0.48 19.45 0.048 55 243 1.001 2.95 0.4 8.8 5 
8.5 0.25 0.31 2.8 0.032 11 61 0.99189 3.06 0.44 11.5 6 
5.7 0.27 0.16 9 0.053 32 111 0.99474 3.36 0.37 10.4 6 
6.7 0.23 0.33 1.8 0.036 23 96 0.9925 3.32 0.4 10.8 6 
8.3 0.2 0.49 1.7 0.038 38 167 0.9939 3.05 0.37 10.1 6 
5.2 0.44 0.04 1.4 0.036 43 119 0.9894 3.36 0.33 12.1 8 
8 0.59 0.71 17.35 0.038 61 228 1 2.95 0.75 9.3 5 
6.2 0.3 0.3 2.5 0.041 29 82 0.99065 3.31 0.61 11.8 7 
7.1 0.17 0.38 7.4 0.052 49 182 0.9958 3.35 0.52 9.6 6 
6.9 0.33 0.26 5 0.027 46 143 0.9924 3.25 0.43 11.2 7 
6.9 0.36 0.34 4.2 0.018 57 119 0.9898 3.28 0.36 12.7 9 
8.1 0.45 0.34 8.3 0.037 33 216 0.9976 3.31 0.64 9.7 5 
6.5 0.3 0.27 4 0.038 37 97 0.99026 3.2 0.6 12.6 8 
6.7 0.3 0.29 2.8 0.025 37 107 0.99159 3.31 0.63 11.3 7 
6.2 0.47 0.21 1 0.044 13 98 0.99345 3.14 0.46 9.2 5 
7.1 0.18 0.26 1.3 0.041 20 71 0.9926 3.04 0.74 9.9 6 
9.2 0.18 0.49 1.5 0.041 39 130 0.9945 3.04 0.49 9.8 7 
6.7 0.31 0.18 7.7 0.043 57 200 0.99566 3.17 0.44 9.4 6 
8 0.66 0.72 17.55 0.042 62 233 0.9999 2.92 0.68 9.4 4 
6 0.26 0.15 1.3 0.06 51 154 0.99354 3.14 0.51 8.7 5 
5.6 0.25 0.26 3.6 0.037 18 115 0.9904 3.42 0.5 12.6 6 
6 0.19 0.26 12.4 0.048 50 147 0.9972 3.3 0.36 8.9 6 
8.1 0.26 0.27 4.3 0.03 43 123 0.99212 3.16 0.33 11.2 6 
6.2 0.24 0.28 12.2 0.049 54 133 0.9952 3.19 0.37 10.7 6 
6.7 0.54 0.27 7.1 0.049 8 178 0.99502 3.16 0.38 9.4 4 
6.7 0.33 0.36 6.6 0.042 34 116 0.99123 2.97 0.31 12.2 8 
6.4 0.37 0.19 3.5 0.068 18 101 0.9934 3.03 0.38 9 6 
7.3 0.3 0.42 7.35 0.025 51 175 0.9928 3.04 0.32 11.4 6 
7 0.23 0.42 18.05 0.05 35 144 0.9999 3.22 0.42 8.8 5 
7.1 0.13 0.38 1.8 0.046 14 114 0.9925 3.32 0.9 11.7 6 
6.3 0.29 0.29 3.3 0.037 32 140 0.9895 3.17 0.36 12.8 7 
5.8 0.28 0.18 1.2 0.058 7 108 0.99288 3.23 0.58 9.55 4 
6.6 0.2 0.27 10.9 0.038 29 130 0.99496 3.11 0.44 10.5 7 
6.8 0.22 0.49 0.9 0.052 26 128 0.991 3.25 0.35 11.4 6 
7.8 0.15 0.34 1.1 0.035 31 93 0.99096 3.07 0.72 11.3 7 
6 0.26 0.34 1.3 0.046 6 29 0.9924 3.29 0.63 10.4 5 
6.9 0.3 0.3 10.55 0.037 4 28 0.99184 3.07 0.32 12.7 6 
6.4 0.3 0.27 4.4 0.055 17 135 0.9925 3.23 0.44 12.2 6 
6.8 0.31 0.3 8 0.028 33 122 0.99164 3.13 0.63 12.6 7 
6.3 0.4 0.24 5.1 0.036 43 131 0.99186 3.24 0.44 11.3 6 
7 0.36 0.32 10.5 0.045 35 135 0.9935 3.09 0.33 11.6 8 
7 0.26 0.26 10.8 0.039 37 184 0.99787 3.47 0.58 10.3 7 
9 0.55 0.3 8.1 0.026 14 71 0.993 2.94 0.36 11.8 5 
7.2 0.15 0.39 1.8 0.043 21 159 0.9948 3.52 0.47 10 5 
8.1 0.25 0.34 10.1 0.05 30 121 0.99724 3.17 0.49 10.1 6 
6.1 0.22 0.4 1.85 0.031 25 111 0.98966 3.03 0.3 11.8 7 
6.5 0.35 0.31 10.2 0.069 58 170 0.99692 3.18 0.49 9.4 5 
6.8 0.28 0.34 7.5 0.035 34 177 0.99692 3.33 0.43 9.1 5 
5.4 0.53 0.16 2.7 0.036 34 128 0.98856 3.2 0.53 13.2 8 
6.4 0.31 0.4 6.4 0.039 39 191 0.99513 3.14 0.52 9.8 5 
7.2 0.25 0.39 18.95 0.038 42 155 0.9999 2.97 0.47 9 6 
6.7 0.26 0.29 5.8 0.025 26 74 0.9929 3.28 0.53 11 6 
6.9 0.25 0.47 8.4 0.042 36 156 0.99604 3.15 0.55 9.4 6 
9.5 0.21 0.47 1.3 0.039 21 123 0.9959 2.9 0.64 9.5 5 
7 0.28 0.33 14.6 0.043 47 168 0.9994 3.34 0.67 8.8 6 
6.6 0.24 0.33 10.1 0.032 8 81 0.99626 3.19 0.51 9.8 6 
8.5 0.25 0.27 4.7 0.031 31 92 0.9922 3.01 0.33 12 6 
7.7 0.26 0.31 1.3 0.043 47 155 0.9937 3.42 0.5 10.1 6 
6.6 0.21 0.29 1.8 0.026 35 128 0.99183 3.37 0.48 11.2 6 
7.3 0.26 0.49 5 0.028 32 107 0.9936 3.24 0.54 10.8 6 
6.3 0.34 0.36 4.9 0.035 31 185 0.9946 3.15 0.49 9.7 5 
8.2 0.21 0.32 10.65 0.053 53 145 0.9972 3.17 0.48 10.2 6 
5.4 0.185 0.19 7.1 0.048 36 110 0.99438 3.26 0.41 9.5 6 
7.5 0.18 0.31 11.7 0.051 24 94 0.997 3.19 0.44 9.5 7 
6.2 0.25 0.21 15.55 0.039 28 159 0.9982 3.48 0.64 9.6 6 
8.1 0.26 0.37 1.9 0.072 48 159 0.9949 3.37 0.7 10.9 6 
5.8 0.35 0.29 3.2 0.034 41 151 0.9912 3.35 0.58 11.6333333333333 7 
5.6 0.34 0.25 2.5 0.046 47 182 0.99093 3.21 0.4 11.3 5 
6.7 0.25 0.23 7.2 0.038 61 220 0.9952 3.14 0.35 9.5 5 
9.6 0.23 0.4 1.5 0.044 19 135 0.9937 2.96 0.49 10.9 5 
6.1 0.27 0.43 7.5 0.049 65 243 0.9957 3.12 0.47 9 5 
6.4 0.32 0.26 7.9 0.05 53 180 0.99514 3.14 0.5 9.6 5 
8.5 0.23 0.4 9.9 0.036 24 88 0.9951 3.02 0.42 10.5 6 
7.1 0.18 0.32 12.2 0.048 36 125 0.9967 2.92 0.54 9.4 6 
6.1 0.28 0.27 8 0.048 41 162 0.99498 3.21 0.51 9.9 5 
6.8 0.36 0.32 1.6 0.039 10 124 0.9948 3.3 0.67 9.6 5 
7.6 0.3 0.27 10.6 0.039 31 119 0.99815 3.27 0.3 9.3 6 
5 0.31 0 6.4 0.046 43 166 0.994 3.3 0.63 9.9 6 
5.9 0.655 0 5.6 0.033 8 31 0.9936 3.32 0.51 10.5 4 
6.2 0.19 0.29 4.3 0.045 33 126 0.99658 3.18 0.42 9.3 6 
9 0.26 0.34 6.7 0.029 21 162 0.99497 3.08 0.5 10.6 6 
6.3 0.27 0.38 0.9 0.051 7 140 0.9926 3.45 0.5 10.5 7 
6.8 0.37 0.51 11.8 0.044 62 163 0.9976 3.19 0.44 8.8 5 
6.4 0.12 0.49 6.4 0.042 49 161 0.9945 3.34 0.44 10.4 6 
6.9 0.22 0.32 5.8 0.041 20 119 0.99296 3.17 0.55 11.2 6 
5.7 0.22 0.28 1.3 0.027 26 101 0.98948 3.35 0.38 12.5 7 
5.8 0.25 0.24 13.3 0.044 41 137 0.9972 3.34 0.42 9.5 5 
7.4 0.25 0.36 13.2 0.067 53 178 0.9976 3.01 0.48 9 6 
8 0.19 0.3 2 0.053 48 140 0.994 3.18 0.49 9.6 6 
8.8 0.17 0.38 1.8 0.04 39 148 0.9942 3.16 0.67 10.2 6 
6.7 0.31 0.44 6.7 0.054 29 160 0.9952 3.04 0.44 9.6 5 
6 0.19 0.29 1.1 0.047 67 152 0.9916 3.54 0.59 11.1 7 
7.4 0.2 1.66 2.1 0.022 34 113 0.99165 3.26 0.55 12.2 6 
4.7 0.455 0.18 1.9 0.036 33 106 0.98746 3.21 0.83 14 7 
5.3 0.23 0.56 0.9 0.041 46 141 0.99119 3.16 0.62 9.7 5 
7.1 0.25 0.39 2.1 0.036 30 124 0.9908 3.28 0.43 12.2 8 
7.1 0.38 0.42 11.8 0.041 32 193 0.99624 3.04 0.49 10 6 
6.8 0.43 0.26 5.2 0.043 40 176 0.99116 3.17 0.41 12.3 6 
8 0.14 0.49 1.5 0.035 42 120 0.9928 3.26 0.4 10.6 7 
4.9 0.235 0.27 11.75 0.03 34 118 0.9954 3.07 0.5 9.4 6 
5.8 0.15 0.32 1.2 0.037 14 119 0.99137 3.19 0.5 10.2 6 
7.8 0.25 0.34 13.7 0.044 66 184 0.99976 3.22 0.75 8.9 5 
5.7 0.26 0.25 10.4 0.02 7 57 0.994 3.39 0.37 10.6 5 
7.3 0.34 0.3 9.4 0.057 34 178 0.99554 3.15 0.44 10.4 6 
6.6 0.26 0.38 6.5 0.17 68 201 0.9956 3.19 0.38 9.4 6 
5.7 0.21 0.37 4.5 0.04 58 140 0.99332 3.29 0.62 10.6 6 
6.8 0.32 0.23 3.3 0.026 31 99 0.9896 3.1 0.4 12.4 6 
7.9 0.19 0.26 2.1 0.039 8 143 0.9942 3.05 0.74 9.8 5 
8.2 0.26 0.49 5.2 0.04 19 100 0.9941 3.12 0.34 10.1 6 
6.4 0.21 0.34 16.05 0.04 56 142 0.99678 3.11 0.38 10.6 5 
6.5 0.26 0.32 6.65 0.059 34 104 0.99254 3.18 0.42 11.1 5 
6.3 0.41 0.16 0.9 0.032 25 98 0.99274 3.16 0.42 9.5 5 
6.3 0.27 0.23 2.9 0.047 13 100 0.9936 3.28 0.43 9.8 5 
7.1 0.44 0.37 2.7 0.041 35 128 0.9896 3.07 0.43 13.5 7 
6.6 0.18 0.28 1.7 0.041 53 161 0.99207 3.13 0.45 10.2 6 
7.2 0.39 0.62 11 0.047 66 178 0.9976 3.16 0.5 8.7 5 
7.5 0.3 0.21 6.55 0.026 33 143 0.99244 2.92 0.35 11.1 5 
7.9 0.17 0.32 1.6 0.053 47 150 0.9948 3.29 0.76 9.6 6 
8.3 0.22 0.34 1.1 0.043 20 116 0.9927 3 0.47 10.2 6 
6.8 0.23 0.31 2.8 0.047 40 122 0.99126 3.06 0.64 10.9 7 
7.3 0.24 0.29 1.2 0.037 37 97 0.9926 3.19 0.7 10.1 6 
6.8 0.23 0.48 1.5 0.036 35 165 0.99162 3.18 0.45 11.3 6 
6.9 0.4 0.56 11.2 0.043 40 142 0.9975 3.14 0.46 8.7 5 
6.6 0.24 0.3 11.3 0.026 11 77 0.99381 3.13 0.55 12.8 7 
8.4 0.23 0.32 1.3 0.048 59 113 0.99178 3.1 0.55 11 6 
6.4 0.15 0.4 1.3 0.053 61 146 0.99112 3.17 0.68 11 6 
8.5 0.19 0.49 3.5 0.044 29 117 0.9938 3.14 0.51 10.1 6 
6.3 0.41 0.3 3.2 0.03 49 164 0.9927 3.53 0.79 11.7 7 
6.6 0.28 0.23 10.4 0.049 45 190 0.99754 3.12 0.51 8.8 5 
6.8 0.21 0.74 1.2 0.047 25 111 0.9916 3.13 0.41 10.7 6 
6.1 0.41 0.14 10.4 0.037 18 119 0.996 3.38 0.45 10 5 
7.8 0.26 0.49 3.2 0.027 28 87 0.9919 3.03 0.32 11.3 7 
6.5 0.36 0.49 2.9 0.03 16 94 0.9902 3.1 0.49 12.1 7 
7.4 0.25 0.49 1.1 0.042 35 156 0.9917 3.13 0.55 11.3 5 
6.4 0.22 0.34 1.4 0.023 56 115 0.98958 3.18 0.7 11.7 6 
6.6 0.21 0.29 5.35 0.029 43 106 0.99112 2.93 0.43 11.5 7 
6.8 0.16 0.29 10.4 0.046 59 143 0.99518 3.2 0.4 10.8 6 
6.7 0.64 0.3 1.2 0.03 18 76 0.9892 3.16 0.6 12.9 4 
5.9 0.34 0.31 2 0.03 38 142 0.98892 3.4 0.41 12.9 7 
6.3 0.37 0.28 6.3 0.034 45 152 0.9921 3.29 0.46 11.6 7 
7.2 0.19 0.27 11.2 0.061 46 149 0.99772 2.99 0.59 9.3 6 
8 0.28 0.42 7.1 0.045 41 169 0.9959 3.17 0.43 10.6 5 
6 0.2 0.26 1.1 0.033 38 67 0.98954 3.14 0.38 11.5 6 
6.6 0.26 0.56 15.4 0.053 32 141 0.9981 3.11 0.49 9.3 5 
7.3 0.22 0.49 9.9 0.031 48 161 0.9937 3.01 0.28 11.2 6 
6 0.25 0.4 5.7 0.052 56 152 0.99398 3.16 0.88 10.5 6 
5.9 0.29 0.25 12 0.057 48 224 0.9981 3.23 0.41 9 6 
6.8 0.11 0.27 8.6 0.044 45 104 0.99454 3.2 0.37 9.9 6 
6.6 0.24 0.27 1.4 0.057 33 152 0.9934 3.22 0.56 9.5 6 
7.6 0.14 0.74 1.6 0.04 27 103 0.9916 3.07 0.4 10.8 7 
6.5 0.24 0.32 7.6 0.038 48 203 0.9958 3.45 0.54 9.7 7 
6.4 0.31 0.27 7.4 0.049 48 169 0.99323 3.27 0.45 11.1 6 
4.8 0.29 0.23 1.1 0.044 38 180 0.98924 3.28 0.34 11.9 6 
7.8 0.31 0.4 1.6 0.027 20 87 0.9911 3.15 0.48 11.9 6 
7.2 0.18 0.41 1.2 0.048 41 97 0.9919 3.14 0.45 10.4 5 
7 0.15 0.28 14.7 0.051 29 149 0.99792 2.96 0.39 9 7 
6.2 0.3 0.26 13.4 0.046 57 206 0.99775 3.17 0.43 9.5 6 
7.5 0.27 0.36 7 0.036 45 164 0.9939 3.03 0.33 11 5 
7.4 0.21 0.3 7.9 0.039 14 118 0.9942 2.96 0.34 10.4 5 
7.5 0.17 0.44 11.3 0.046 65 146 0.997 3.17 0.45 10 6 
7.6 0.18 0.28 7.1 0.041 29 110 0.99652 3.2 0.42 9.2 6 
6.3 0.48 0.04 1.1 0.046 30 99 0.9928 3.24 0.36 9.6 6 
6.8 0.25 0.31 13.3 0.05 69 202 0.9972 3.22 0.48 9.7 6 
8 0.28 0.42 7.1 0.045 41 169 0.9959 3.17 0.43 10.6 5 
5.9 0.26 0.25 12.5 0.034 38 152 0.9977 3.33 0.43 9.4 5 
7.8 0.15 0.24 7.7 0.047 21 98 0.9951 2.94 0.31 9.6 6 
6.1 0.3 0.56 2.7 0.046 46 184 0.9924 3.31 0.57 10.9 6 
7.8 0.27 0.33 2.4 0.053 36 175 0.992 3.2 0.55 11 6 
7.1 0.145 0.33 4.6 0.05 33 131 0.9942 3.28 0.4 9.6 6 
8.2 0.3 0.44 12.4 0.043 52 154 0.99452 3.04 0.33 12 6 
6.7 0.48 0.32 1.4 0.021 22 121 0.9889 3.15 0.53 12.7 7 
6.2 0.36 0.45 10.4 0.06 22 184 0.99711 3.31 0.56 9.8 6 
6.6 0.26 0.27 11.8 0.048 28 112 0.99606 2.87 0.49 9.7 6 
5.8 0.36 0.38 0.9 0.037 3 75 0.9904 3.28 0.34 11.4 4 
6.5 0.23 0.39 1.9 0.036 41 98 0.99 3.19 0.43 11.9 7 
6.7 0.17 0.42 10.4 0.038 85 182 0.99628 3.04 0.44 8.9 6 
7.1 0.16 0.36 10.7 0.044 20 90 0.9959 3.16 0.44 10.9 7 
5.7 0.21 0.25 1.1 0.035 26 81 0.9902 3.31 0.52 11.4 6 
5.9 0.65 0.23 5 0.035 20 128 0.99016 3.46 0.48 12.8 6 
7.2 0.34 0.23 8.9 0.105 22 155 0.99692 3.01 0.58 9.5 5 
6.4 0.16 0.42 1 0.036 29 113 0.9908 3.18 0.52 11 6 
6.6 0.22 0.58 1.1 0.133 52 136 0.9932 3.1 0.3 9.1 5 
6.2 0.29 0.32 3.6 0.026 39 138 0.9892 3.31 0.37 13.1 7 
5.6 0.29 0.05 0.8 0.038 11 30 0.9924 3.36 0.35 9.2 5 
6.7 0.31 0.32 14.5 0.038 6 79 0.99412 3.14 0.34 12.5 5 
7.6 0.27 0.52 3.2 0.043 28 152 0.99129 3.02 0.53 11.4 6 
7.4 0.19 0.31 14.5 0.045 39 193 0.9986 3.1 0.5 9.2 6 
7.3 0.2 0.29 19.9 0.039 69 237 1.00037 3.1 0.48 9.2 6 
7 0.26 0.34 10.9 0.038 25 84 0.99432 3.11 0.34 10.9 6 
6.4 0.14 0.31 1.2 0.034 53 138 0.99084 3.38 0.35 11.5 7 
5.8 0.31 0.32 4.5 0.024 28 94 0.98906 3.25 0.52 13.7 7 
6.4 0.15 0.36 1.8 0.034 43 150 0.9922 3.42 0.69 11 8 
6.1 0.32 0.24 1.5 0.036 38 124 0.9898 3.29 0.42 12.4 7 
6.4 0.27 0.49 7.3 0.046 53 206 0.9956 3.24 0.43 9.2 6 
8.2 0.37 0.36 1 0.034 17 93 0.9906 3.04 0.32 11.7 8 
7.1 0.27 0.24 12.6 0.044 48 118 0.99726 3.04 0.56 10 7 
7.6 0.15 0.4 1.3 0.036 24 112 0.9932 3.14 0.76 10 5 
7 0.27 0.74 1.3 0.173 34 121 0.99334 3.04 0.46 9.2 6 
7.4 0.22 0.26 1.2 0.035 18 97 0.99245 3.12 0.41 9.7 6 
7.8 0.4 0.26 9.5 0.059 32 178 0.9955 3.04 0.43 10.9 6 
9.4 0.17 0.55 1.6 0.049 14 94 0.9949 3.02 0.61 10.3 6 
6 0.26 0.32 3.8 0.029 48 180 0.99011 3.15 0.34 12 6 
6.3 0.23 0.3 1.8 0.033 16 91 0.9906 3.28 0.4 11.8 6 
7.4 0.19 0.3 12.8 0.053 48.5 229 0.9986 3.14 0.49 9.1 7 
7.5 0.22 0.32 2.4 0.045 29 100 0.99135 3.08 0.6 11.3 7 
8.1 0.2 0.49 8.1 0.051 51 205 0.9954 3.1 0.52 11 6 
6.8 0.28 0.36 8 0.045 28 123 0.9928 3.02 0.37 11.4 6 
6.9 0.32 0.26 2.3 0.03 11 103 0.99106 3.06 0.42 11.1 6 
6.4 0.29 0.3 6.5 0.209 62 156 0.99478 3.1 0.4 9.4 5 
8.1 0.33 0.36 7.4 0.037 36 156 0.99592 3.19 0.54 10.6 6 
5.7 0.28 0.35 1.2 0.052 39 141 0.99108 3.44 0.69 11.3 6 
6.8 0.25 0.3 11.8 0.043 53 133 0.99524 3.03 0.58 10.4 6 
6.8 0.24 0.34 4.6 0.032 37 135 0.9927 3.2 0.39 10.6 5 
5.9 0.22 0.18 6.4 0.041 28 120 0.99403 3.27 0.5 9.9 5 
7 0.21 0.37 7.2 0.042 36 167 0.9958 3.26 0.56 9.8 6 
5.7 0.26 0.24 17.8 0.059 23 124 0.99773 3.3 0.5 10.1 5 
8.6 0.16 0.49 7.3 0.043 9 63 0.9953 3.13 0.59 10.5 6 
9.2 0.19 0.42 2 0.047 16 104 0.99517 3.09 0.66 10 4 
7.5 0.28 0.33 7.7 0.048 42 180 0.9974 3.37 0.59 10.1 6 
6.7 0.12 0.3 5.2 0.048 38 113 0.99352 3.33 0.44 10.1 7 
7.2 0.31 0.5 13.3 0.056 68 195 0.9982 3.01 0.47 9.2 5 
6.1 0.36 0.41 19.35 0.07 67 207 1.00118 3.39 0.53 9.1 5 
6.4 0.35 0.51 7.8 0.055 53 177 0.99502 3.12 0.45 9.6 5 
8.1 0.28 0.34 1.3 0.035 11 126 0.99232 3.14 0.5 9.8 6 
7.6 0.22 0.34 9.7 0.035 26 143 0.9965 3.08 0.49 9.8 6 
6.4 0.26 0.3 2.2 0.025 33 134 0.992 3.21 0.47 10.6 6 
6.6 0.2 0.27 10.9 0.038 29 130 0.99496 3.11 0.44 10.5 7 
7.6 0.32 0.36 1.6 0.04 32 155 0.993 3.23 0.52 11.3 6 
7.2 0.19 0.27 11.2 0.061 46 149 0.99772 2.99 0.59 9.3 6 
6.4 0.29 0.44 3.6 0.2 75 181 0.9942 3.02 0.41 9.1 5 
7.4 0.23 0.25 1.4 0.049 43 141 0.9934 3.42 0.54 10.2 7 
5.2 0.31 0.2 2.4 0.027 27 117 0.98886 3.56 0.45 13 7 
6.6 0.295 0.24 1.6 0.039 29 140 0.99304 3.35 0.61 10.4 7 
7 0.2 0.4 1.1 0.058 30 93 0.99322 3.03 0.38 9.2 6 
7.6 0.27 0.25 13.9 0.05 45 199 0.9984 3.34 0.5 9.8 6 
6.3 0.23 0.5 10.4 0.043 61 132 0.99542 2.86 0.46 9.1 6 
7.9 0.37 0.31 2.85 0.037 5 24 0.9911 3.19 0.36 11.9 6 
6.6 0.425 0.25 2.35 0.034 23 87 0.99082 3.05 0.41 11.4 6 
7.3 0.28 0.36 12.7 0.04 38 140 0.998 3.3 0.79 9.6 6 
5.3 0.2 0.31 3.6 0.036 22 91 0.99278 3.41 0.5 9.8 6 
8.7 0.3 0.59 1.7 0.046 10 70 0.99373 3.06 0.56 10.8 4 
7.6 0.15 0.35 4.3 0.051 23 98 0.99422 3.1 0.44 9.5 6 
6.4 0.29 0.18 15 0.04 21 116 0.99736 3.14 0.5 9.2 5 
6.1 0.32 0.33 10.7 0.036 27 98 0.99521 3.34 0.52 10.2 6 
5.5 0.12 0.33 1 0.038 23 131 0.99164 3.25 0.45 9.8 5 
6.4 0.18 0.35 1 0.045 39 108 0.9911 3.31 0.35 10.9 6 
7.2 0.24 0.29 3 0.036 17 117 0.99411 3.36 0.68 10.1 6 
7.1 0.21 0.27 8.6 0.056 26 111 0.9956 2.95 0.52 9.5 5 
8.3 0.2 0.74 4.45 0.044 33 130 0.9924 3.25 0.42 12.2 6 
7.8 0.25 0.34 13.7 0.044 66 184 0.99976 3.22 0.75 8.9 5 
6.9 0.23 0.24 14.2 0.053 19 94 0.9982 3.17 0.5 9.6 5 
7.3 0.26 0.49 5 0.028 32 107 0.9936 3.24 0.54 10.8 6 
7.5 0.16 0.38 12.7 0.043 70.5 163 0.99706 3.15 0.82 10.4 7 
6.1 0.27 0.25 1.8 0.041 9 109 0.9929 3.08 0.54 9 5 
6 0.25 0.28 7.7 0.053 37 132 0.99489 3.06 0.5 9.4 6 
8.7 0.31 0.73 14.35 0.044 27 191 1.00013 2.96 0.88 8.7 5 
6.2 0.33 0.41 16.8 0.037 58 173 0.99882 3.25 0.57 9.4 6 
6 0.3 0.44 1.5 0.046 15 182 0.99455 3.5 0.52 10.4 5 
6.1 0.36 0.26 8.15 0.035 14 88 0.99031 3.06 0.27 13 7 
6.5 0.33 0.3 3.8 0.036 34 88 0.99028 3.25 0.63 12.5 7 
7.9 0.18 0.37 3 0.061 25 178 0.995 3.22 0.51 10 6 
7.4 0.2 0.29 1.7 0.047 16 100 0.99243 3.28 0.45 10.6 6 
7.7 0.24 0.29 15.3 0.044 39 194 0.9982 3.06 0.47 9.6 7 
6 0.27 0.19 1.7 0.02 24 110 0.9898 3.32 0.47 12.6 7 
7.3 0.22 0.26 1.5 0.04 32 172 0.99194 3.27 0.48 11.2 6 
6.1 0.36 0.33 1.1 0.05 24 169 0.9927 3.15 0.78 9.5 6 
6.6 0.64 0.28 4.4 0.032 19 78 0.99036 3.11 0.62 12.9 6 
5.2 0.31 0.36 5.1 0.031 46 145 0.9897 3.14 0.31 12.4 7 
5.8 0.54 0 1.4 0.033 40 107 0.98918 3.26 0.35 12.4 5 
5.8 0.58 0 1.5 0.02 33 96 0.98918 3.29 0.38 12.4 6 
5.8 0.3 0.38 4.9 0.039 22 86 0.98963 3.23 0.58 13.1 7 
6.6 0.44 0.32 3 0.095 13 75 0.98954 3.1 0.63 12.8 6 
7 0.35 0.3 6.5 0.028 27 87 0.9936 3.4 0.42 11.4 7 
6.9 0.38 0.29 13.65 0.048 52 189 0.99784 3 0.6 9.5 6 
6.4 0.42 0.46 8.4 0.05 58 180 0.99495 3.18 0.46 9.7 6 
6.1 0.36 0.27 2.1 0.035 16 100 0.9917 3.4 0.71 11.5 7 
8.3 0.16 0.37 7.9 0.025 38 107 0.99306 2.93 0.37 11.9 6 
8.4 0.27 0.46 8.7 0.048 39 197 0.9974 3.14 0.59 9.6 6 
7.2 0.23 0.38 14.3 0.058 55 194 0.9979 3.09 0.44 9 6 
7.4 0.39 0.23 7 0.033 29 126 0.994 3.14 0.42 10.5 5 
7.5 0.21 0.68 10.9 0.045 38 133 0.9978 3 0.36 8.7 5 
5.6 0.21 0.4 1.3 0.041 81 147 0.9901 3.22 0.95 11.6 8 
6.3 0.21 0.28 1.5 0.051 46 142 0.9928 3.23 0.42 10.1 6 
7.9 0.27 0.27 1.7 0.034 25 122 0.99088 2.97 0.51 11.9 6 
6.6 0.17 0.3 1.1 0.031 13 73 0.99095 3.17 0.58 11 6 
6.2 0.36 0.27 3.2 0.032 13 73 0.98942 2.9 0.69 12.6 7 
5.8 0.34 0.21 7.2 0.041 48 146 0.99441 3.16 0.49 9.8 5 
5.2 0.24 0.15 7.1 0.043 32 134 0.99378 3.24 0.48 9.9 6 
6.2 0.25 0.48 10 0.044 78 240 0.99655 3.25 0.47 9.5 6 
6.7 0.24 0.35 13.1 0.05 64 205 0.997 3.15 0.5 9.5 5 
7.4 0.15 0.42 1.7 0.045 49 154 0.992 3 0.6 10.4 6 
6.9 0.24 0.39 1.3 0.063 18 136 0.9928 3.31 0.48 10.4 7 
6.9 0.24 0.37 6.1 0.027 38 112 0.99086 3.19 0.34 12.4 6 
7 0.34 0.1 3.5 0.044 17 63 0.9937 3.01 0.39 9.2 5 
6.5 0.28 0.25 4.8 0.029 54 128 0.99074 3.17 0.44 12.2 7 
6.7 0.62 0.24 1.1 0.039 6 62 0.9934 3.41 0.32 10.4 5 
8.2 0.37 0.36 1 0.034 17 93 0.9906 3.04 0.32 11.7 8 
6.3 0.32 0.17 17.75 0.06 51 190 0.99916 3.13 0.48 8.8 6 
6.4 0.28 0.23 6 0.051 50 162 0.994 3.15 0.52 10.2 5 
7.6 0.2 0.3 14.2 0.056 53 212.5 0.999 3.14 0.46 8.9 8 
7.6 0.26 0.36 1.6 0.032 6 106 0.993 3.15 0.4 10.4 4 
6.8 0.18 0.28 1.1 0.027 32 112 0.99089 3.15 0.45 11 7 
7.7 0.29 0.48 2.3 0.049 36 178 0.9931 3.17 0.64 10.6 6 
8.5 0.22 0.34 0.7 0.04 5 25 0.9918 3.04 0.37 10.5 4 
7.3 0.18 0.29 1.2 0.044 12 143 0.9918 3.2 0.48 11.3 7 
6.6 0.24 0.27 15.8 0.035 46 188 0.9982 3.24 0.51 9.2 5 
7.2 0.2 0.25 4.5 0.044 31 109 0.9949 3.23 0.36 9.4 5 
7.4 0.18 0.42 2.1 0.036 33 187 0.9938 3.4 0.41 10.6 7 
7.2 0.18 0.31 1.1 0.045 20 73 0.9925 3.32 0.4 10.8 7 
6.2 0.44 0.18 7.7 0.096 28 210 0.99771 3.56 0.72 9.2 5 
5.6 0.185 0.49 1.1 0.03 28 117 0.9918 3.55 0.45 10.3 6 
6.7 0.3 0.49 4.8 0.034 36 158 0.9945 3.12 0.45 9.9 6 
7.4 0.25 0.37 13.5 0.06 52 192 0.9975 3 0.44 9.1 5 
8.6 0.55 0.35 15.55 0.057 35.5 366.5 1.0001 3.04 0.63 11 3 
7.3 0.28 0.54 12.9 0.049 62 152 0.9984 3.06 0.45 9.1 6 
8.9 0.21 0.34 7.1 0.037 33 150 0.9962 3.1 0.45 9.7 6 
6.5 0.39 0.81 1.2 0.217 14 74 0.9936 3.08 0.53 9.5 5 
6.1 0.28 0.27 4.7 0.03 56 140 0.99042 3.16 0.42 12.5 8 
6.7 0.18 0.25 14.3 0.048 79 149 0.9975 3.12 0.37 9.7 5 
6.2 0.22 0.28 2.2 0.04 24 125 0.9917 3.19 0.48 10.5 6 
5 0.255 0.22 2.7 0.043 46 153 0.99238 3.75 0.76 11.3 6 
7.4 0.27 0.52 15.7 0.054 36 139 0.99788 3.04 0.62 10.0333333333333 6 
7.4 0.25 0.29 6.8 0.02 31 113 0.99338 3.13 0.29 10.8 6 
6.8 0.32 0.32 8.7 0.029 31 105 0.99146 3 0.34 12.3 7 
6 0.33 0.18 3 0.036 5 85 0.99125 3.28 0.4 11.5 4 
6.9 0.18 0.38 6.5 0.039 20 110 0.9943 3.1 0.42 10.5 5 
6.5 0.27 0.26 8.2 0.042 21 133 0.99612 3.43 0.64 9.8 6 
6.6 0.285 0.49 11.4 0.035 57 137 0.99732 3.08 0.54 8.9 6 
6.8 0.18 0.35 5.4 0.054 53 143 0.99287 3.1 0.54 11 7 
8.2 0.18 0.28 8.5 0.035 41 140 0.9952 3.04 0.37 10.1 7 
8 0.25 0.26 14 0.043 41 248 0.9986 3.03 0.57 8.7 6 
7.5 0.19 0.49 1.8 0.055 19 110 0.9946 3.33 0.44 9.9 5 
6 0.33 0.2 1.8 0.031 49 159 0.9919 3.41 0.53 11 6 
6.6 0.24 0.28 1.8 0.028 39 132 0.99182 3.34 0.46 11.4 5 
6.3 0.4 0.32 10.6 0.049 38 209 0.9981 3.47 0.59 9.3 6 
6.4 0.125 0.36 1.4 0.044 22 68 0.99014 3.15 0.5 11.7 7 
7.3 0.25 0.36 13.1 0.05 35 200 0.9986 3.04 0.46 8.9 7 
6.4 0.43 0.27 1.1 0.054 5 110 0.9939 3.24 0.52 9.1 4 
6.4 0.4 0.19 3.2 0.033 28 124 0.9904 3.22 0.54 12.7 7 
6.3 0.3 0.91 8.2 0.034 50 199 0.99394 3.39 0.49 11.7 6 
6 0.19 0.37 9.7 0.032 17 50 0.9932 3.08 0.66 12 6 
7.8 0.21 0.27 1.2 0.051 20 89 0.9936 3.06 0.46 9.1 5 
6.4 0.29 0.44 3.6 0.197 75 183 0.9942 3.01 0.38 9.1 5 
6 0.28 0.24 17.8 0.047 42 111 0.99896 3.1 0.45 8.9 6 
8.4 0.2 0.38 11.8 0.055 51 170 1.0004 3.34 0.82 8.9 6 
6.4 0.29 0.24 3.2 0.037 31 95 0.98942 2.9 0.66 12.6 7 
7 0.32 0.24 6.2 0.048 31 228 0.9957 3.23 0.62 9.4 6 
6.4 0.27 0.29 3.9 0.034 62 140 0.99237 3.1 0.59 11.1 6 
5.1 0.42 0.01 1.5 0.017 25 102 0.9894 3.38 0.36 12.3 7 
6.8 0.32 0.18 7.5 0.041 71 223 0.9959 3.14 0.41 8.9 5 
10 0.23 0.27 14.1 0.033 45 166 0.9988 2.72 0.43 9.7 6 
7.2 0.39 0.63 11 0.044 55 156 0.9974 3.09 0.44 8.7 6 
6.8 0.32 0.21 2.2 0.044 15 68 0.9932 3.17 0.39 9.4 6 
7.2 0.25 0.28 14.4 0.055 55 205 0.9986 3.12 0.38 9 7 
6.8 0.19 0.71 17.5 0.042 21 114 0.99784 2.85 0.5 9.5 6 
6.5 0.22 0.5 16.4 0.048 36 182 0.99904 3.02 0.49 8.8 6 
6.2 0.35 0.2 18.1 0.069 33 158 0.99908 3.15 0.5 8.8 6 
7.4 0.16 0.3 13.7 0.056 33 168 0.99825 2.9 0.44 8.7 7 
6.9 0.28 0.37 9.1 0.037 16 76 0.9948 3.05 0.54 11.1 5 
6.6 0.41 0.16 1.4 0.037 28 160 0.99167 2.95 0.45 10.6 6 
7.2 0.24 0.27 1.4 0.038 31 122 0.9927 3.15 0.46 10.3 6 
6.6 0.35 0.29 14.4 0.044 54 177 0.9991 3.17 0.58 8.9 6 
5.8 0.33 0.2 16.05 0.047 26 166 0.9976 3.09 0.46 8.9 5 
6.7 0.24 0.32 10.3 0.079 37 122 0.99662 3.02 0.45 8.8 5 
5.8 0.39 0.47 7.5 0.027 12 88 0.9907 3.38 0.45 14 6 
6.6 0.38 0.28 2.8 0.043 17 67 0.98924 3.21 0.47 13.2 6 
9.2 0.28 0.41 1 0.042 14 59 0.9922 2.96 0.25 10.5 6 
7.7 0.24 0.27 1.8 0.051 52 190 0.9928 3.23 0.5 10.8 6 
5.5 0.3 0.25 1.9 0.029 33 118 0.98972 3.36 0.66 12.5 6 
7.1 0.36 0.4 1.95 0.033 26 118 0.98934 3.2 0.45 13.5 7 
6.4 0.17 0.27 9.9 0.047 26 101 0.99596 3.34 0.5 9.9 6 
6.5 0.28 0.34 3.6 0.04 29 121 0.99111 3.28 0.48 12.1 7 
5 0.35 0.25 7.8 0.031 24 116 0.99241 3.39 0.4 11.3 6 
7 0.33 0.32 1.2 0.053 38 138 0.9906 3.13 0.28 11.2 6 
5.9 0.34 0.25 2 0.042 12 110 0.99034 3.02 0.54 11.4 6 
7.9 0.33 0.26 1.2 0.044 23 103 0.9932 3.19 0.54 10.5 6 
6.8 0.11 0.27 8.6 0.044 45 104 0.99454 3.2 0.37 9.9 6 
6.6 0.36 0.21 1.5 0.049 39 184 0.9928 3.18 0.41 9.9 6 
7.1 0.36 0.37 4.8 0.019 39 114 0.99036 3.08 0.49 12.7 7 
7.6 0.19 0.42 1.5 0.044 6 114 0.9914 3.04 0.74 12.8 6 
6.6 0.3 0.24 1.2 0.034 17 121 0.9933 3.13 0.36 9.2 5 
6.8 0.27 0.29 4.6 0.046 6 88 0.99458 3.34 0.48 10.6 4 
7 0.19 0.33 6.3 0.032 42 127 0.99182 3.31 0.38 12.2 6 
6.9 0.43 0.28 9.4 0.056 29 183 0.99594 3.17 0.43 9.4 5 
7 0.32 0.24 6.2 0.048 31 228 0.9957 3.23 0.62 9.4 6 
7.9 0.25 0.35 6.7 0.039 22 64 0.99362 2.93 0.49 10.7 5 
7.6 0.18 0.46 10.2 0.055 58 135 0.9968 3.14 0.43 9.9 6 
6.7 0.18 0.19 4.7 0.046 57 161 0.9946 3.32 0.66 10.5 6 
7.4 0.28 0.42 19.8 0.066 53 195 1 2.96 0.44 9.1 5 
6.3 0.29 0.23 14.2 0.037 24 99 0.99528 3.08 0.38 10.6 6 
5.9 0.29 0.32 1.4 0.022 17 47 0.9899 3.35 0.35 11.5 6 
6 0.36 0.39 3.2 0.027 20 125 0.991 3.38 0.39 11.3 7 
8.3 0.3 0.36 10 0.042 33 169 0.9982 3.23 0.51 9.3 6 
6.6 0.19 0.25 1.2 0.052 34 181 0.99352 3.3 0.42 9.4 7 
8.7 0.31 0.73 14.35 0.044 27 191 1.00013 2.96 0.88 8.7 5 
8 0.23 0.37 9.6 0.054 23 159 0.99795 3.32 0.47 9.8 4 
6.1 0.29 0.27 1.7 0.024 13 76 0.9893 3.21 0.51 12.6 7 
6.5 0.24 0.32 7.6 0.038 48 203 0.9958 3.45 0.54 9.7 7 
6.9 0.19 0.4 1.4 0.036 14 55 0.9909 3.08 0.68 11.5 7 
6.9 0.25 0.4 1.3 0.038 22 101 0.9901 3.03 0.39 11.4 6 
6.2 0.16 0.47 1.4 0.029 23 81 0.99 3.26 0.42 12.2 6 
6.5 0.36 0.31 4.1 0.061 20 134 0.99475 3.18 0.45 9 6 
6.8 0.19 0.33 4.9 0.047 42 130 0.99283 3.12 0.56 11 6 
7.2 0.25 0.28 14.4 0.055 55 205 0.9986 3.12 0.38 9 7 
8.2 0.38 0.49 13.6 0.042 58 166 0.99855 3.1 0.54 9.4 5 
7 0.23 0.42 5.1 0.042 37 144 0.99518 3.5 0.59 10.2 6 
7.3 0.29 0.37 8.3 0.044 45 227 0.9966 3.12 0.47 9 5 
6.8 0.33 0.44 7 0.05 29 155 0.9955 3.14 0.42 9.5 5 
6.7 0.22 0.33 1.2 0.036 36 86 0.99058 3.1 0.76 11.4 6 
6.4 0.32 0.25 5 0.055 28 138 0.99171 3.27 0.5 12.4 8 
6.8 0.27 0.22 8.1 0.034 55 203 0.9961 3.19 0.52 8.9 5 
6.7 0.42 0.39 12.1 0.04 61 248 0.99794 3.31 0.58 9.7 5 
6.2 0.3 0.2 6.6 0.045 42 170 0.9944 3.36 0.45 10.4 6 
5.8 0.24 0.44 3.5 0.029 5 109 0.9913 3.53 0.43 11.7 3 
7 0.19 0.23 5.7 0.123 27 104 0.9954 3.04 0.54 9.4 6 
6.8 0.27 0.49 1.2 0.044 35 126 0.99 3.13 0.48 12.1 7 
6.6 0.23 0.3 14.9 0.051 33 118 0.99835 3.04 0.54 9 6 
6.5 0.24 0.29 8.2 0.043 32 156 0.99453 3.13 0.7 10.1 6 
6.8 0.23 0.33 1.9 0.047 20 101 0.9914 3.1 0.46 11.1 6 
6 0.2 0.71 1.6 0.15 10 54 0.9927 3.12 0.47 9.8 5 
6.2 0.2 0.32 2.8 0.05 17 126 0.9936 3.18 0.55 9.4 6 
6.6 0.25 0.36 8.1 0.045 54 180 0.9958 3.08 0.42 9.2 5 
5.8 0.29 0.38 10.7 0.038 49 136 0.99366 3.11 0.59 11.2 6 
6 0.16 0.22 1.6 0.042 36 106 0.9905 3.24 0.32 11.4 6 
6.6 0.22 0.29 14.4 0.046 39 118 0.99834 3.05 0.5 9.1 6 
6.7 0.27 0.25 8 0.053 54 202 0.9961 3.22 0.43 9.3 5 
7.4 0.3 0.32 1.7 0.03 23 128 0.9929 3.17 0.66 10.9 5 
8.3 0.39 0.7 10.6 0.045 33 169 0.9976 3.09 0.57 9.4 5 
8.6 0.16 0.38 3.4 0.04 41 143 0.9932 2.95 0.39 10.2 6 
7.5 0.34 0.35 6 0.034 12 126 0.9924 3.16 0.39 12 7 
9 0.2 0.33 3.5 0.049 10 40 0.9944 3.14 0.36 9.8 6 
6.3 0.24 0.37 1.8 0.031 6 61 0.9897 3.3 0.34 12.2 4 
7 0.35 0.3 6.5 0.028 27 87 0.9936 3.4 0.42 11.4 7 
6.8 0.32 0.18 7.5 0.041 71 223 0.9959 3.14 0.41 8.9 5 
7.4 0.29 0.5 1.8 0.042 35 127 0.9937 3.45 0.5 10.2 7 
6 0.2 0.24 5.3 0.075 49 201 0.99466 3.21 0.43 9.5 5 
8 0.43 0.4 12.4 0.168 29 190 0.9991 3.07 0.64 9.2 5 
5 0.3 0.33 3.7 0.03 54 173 0.9887 3.36 0.3 13 7 
7.3 0.41 0.29 1.8 0.032 26 74 0.98889 2.96 0.35 13 8 
7.4 0.16 0.3 13.7 0.056 33 168 0.99825 2.9 0.44 8.7 7 
5.2 0.24 0.45 3.8 0.027 21 128 0.992 3.55 0.49 11.2 8 
7.6 0.17 0.45 11.2 0.054 56 137 0.997 3.15 0.47 10 5 
6.4 0.15 0.29 1.8 0.044 21 115 0.99166 3.1 0.38 10.2 5 
7.1 0.21 0.72 1.6 0.167 65 120 0.99324 2.97 0.51 9.2 5 
6.8 0.32 0.39 9.6 0.026 34 124 0.99286 3.18 0.35 12.1 6 
7.1 0.23 0.28 1.9 0.046 33 103 0.98997 3.12 0.31 12 5 
6.6 0.32 0.36 8 0.047 57 168 0.9949 3.15 0.46 9.6 5 
6.7 0.47 0.29 4.75 0.034 29 134 0.99056 3.29 0.46 13 7 
6.9 0.4 0.42 6.2 0.066 41 176 0.99552 3.12 0.54 9.4 5 
7.1 0.43 0.61 11.8 0.045 54 155 0.9974 3.11 0.45 8.7 5 
6.8 0.17 0.74 2.4 0.053 61 182 0.9953 3.63 0.76 10.5 6 
7.3 0.22 0.37 14.3 0.063 48 191 0.9978 2.89 0.38 9 6 
6 0.2 0.26 6.8 0.049 22 93 0.9928 3.15 0.42 11 6 
9 0.26 0.34 6.7 0.029 21 162 0.99497 3.08 0.5 10.6 6 
6.1 0.27 0.3 16.7 0.039 49 172 0.99985 3.4 0.45 9.4 5 
7.4 0.24 0.42 14 0.066 48 198 0.9979 2.89 0.42 8.9 6 
5.6 0.16 0.27 1.4 0.044 53 168 0.9918 3.28 0.37 10.1 6 
5.7 0.245 0.33 1.1 0.049 28 150 0.9927 3.13 0.42 9.3 5 
6.9 0.21 0.49 1.4 0.041 15 164 0.9927 3.25 0.63 11 5 
5.9 0.29 0.16 7.9 0.044 48 197 0.99512 3.21 0.36 9.4 5 
8.8 0.19 0.3 5 0.028 34 120 0.99242 2.94 0.47 11.2 5 
6.6 0.26 0.22 18.15 0.05 23 139 0.99904 3.06 0.5 9.2 5 
8.8 0.2 0.43 15 0.053 60 184 1.0008 3.28 0.79 8.8 6 
5.7 0.15 0.28 3.7 0.045 57 151 0.9913 3.22 0.27 11.2 6 
7 0.22 0.33 2.1 0.052 15 76 0.993 3.2 0.41 10.6 6 
6.3 0.495 0.22 1.8 0.046 31 140 0.9929 3.39 0.54 10.4 6 
6.3 0.23 0.33 6.9 0.052 23 118 0.9938 3.23 0.46 10.4 6 
7.1 0.21 0.31 3.8 0.021 40 142 0.99215 3.17 0.39 10.8 7 
6.8 0.3 0.35 2.8 0.038 10 164 0.9912 3.09 0.53 12 6 
8.9 0.33 0.34 1.4 0.056 14 171 0.9946 3.13 0.47 9.7 5 
7.2 0.24 0.29 2.2 0.037 37 102 0.992 3.27 0.64 11 7 
5.1 0.39 0.21 1.7 0.027 15 72 0.9894 3.5 0.45 12.5 6 
6.9 0.25 0.3 4.1 0.054 23 116 0.994 2.99 0.38 9.4 6 
6.6 0.32 0.33 2.5 0.052 40 210 0.99316 3.15 0.6 10 5 
7.2 0.34 0.28 10.4 0.108 43 187 0.99738 2.96 0.57 9.4 5 
6.7 0.18 0.28 10.2 0.039 29 115 0.99469 3.11 0.45 10.9 7 
6.4 0.33 0.31 5.5 0.048 42 173 0.9951 3.19 0.66 9.3 6 
5.2 0.335 0.2 1.7 0.033 17 74 0.99002 3.34 0.48 12.3 6 
6.4 0.27 0.3 1.6 0.04 19 86 0.99089 3.32 0.65 11.5 6 
6.4 0.31 0.31 12.9 0.045 55 161 0.99546 3.02 0.59 10.2 5 
6.3 0.17 0.32 4.2 0.04 37 117 0.99182 3.24 0.43 11.3 6 
6.1 0.26 0.28 1.7 0.043 24 98 0.98918 3.14 0.44 12.5 6 
7.6 0.32 0.58 16.75 0.05 43 163 0.9999 3.15 0.54 9.2 5 
7 0.24 0.24 1.8 0.047 29 91 0.99251 3.3 0.43 9.9 6 
8 0.23 0.35 9.2 0.044 53 186 0.997 3.09 0.56 9.5 7 
7.3 0.22 0.41 15.4 0.05 55 191 1 3.32 0.59 8.9 6 
6.1 0.35 0.24 2.3 0.034 25 133 0.9906 3.34 0.59 12 7 
5.9 0.24 0.26 12.3 0.053 34 134 0.9972 3.34 0.45 9.5 6 
8.3 0.21 0.49 19.8 0.054 50 231 1.0012 2.99 0.54 9.2 5 
7.2 0.44 0.28 3.4 0.048 22 112 0.99188 3.21 0.37 11.3 7 
6.5 0.36 0.31 13.55 0.053 20 113 0.99544 3.2 0.56 11 6 
8.8 0.2 0.28 1.1 0.018 18 72 0.9926 2.97 0.35 10.4 5 
7.4 0.2 0.37 16.95 0.048 43 190 0.9995 3.03 0.42 9.2 6 
5.9 0.3 0.3 2 0.03 38 142 0.98892 3.41 0.41 12.9 7 
7.2 0.55 0.09 1.5 0.108 16 151 0.9938 3.07 0.57 9.2 4 
6.9 0.19 0.35 13.5 0.038 49 118 0.99546 3 0.63 10.7 6 
7.2 0.25 0.28 14.4 0.055 55 205 0.9986 3.12 0.38 9 7 
6.6 0.28 0.41 7 0.046 59 194 0.99558 3.14 0.48 9.4 5 
6.9 0.26 0.29 4.2 0.043 33 114 0.9902 3.16 0.31 12.5 6 
7.7 0.3 0.34 1.2 0.048 4 119 0.99084 3.18 0.34 12.1 6 
6.9 0.35 0.55 11.95 0.038 22 111 0.99687 3.11 0.29 9.7 5 
6.5 0.24 0.19 1.2 0.041 30 111 0.99254 2.99 0.46 9.4 6 
6.7 0.3 0.29 2.8 0.025 37 107 0.99159 3.31 0.63 11.3 7 
7.5 0.22 0.29 4.8 0.05 33 87 0.994 3.14 0.42 9.9 5 
5.8 0.555 0.26 4.5 0.053 17 126 0.9943 3.24 0.46 9.1 5 
8 0.26 0.36 2 0.054 30 121 0.992 3.09 0.72 11.6 7 
6.4 0.28 0.19 5.4 0.042 67 181 0.99435 3.31 0.35 10.2 6 
6.3 0.28 0.47 11.2 0.04 61 183 0.99592 3.12 0.51 9.5 6 
7.6 0.2 0.39 2.6 0.044 30 180 0.9941 3.46 0.44 10.8 7 
6.1 0.28 0.16 1.3 0.06 36 126 0.99353 3.13 0.46 8.7 6 
6.9 0.25 0.24 1.8 0.053 6 121 0.993 3.23 0.7 11.4 5 
8.1 0.33 0.36 7.4 0.037 36 156 0.99592 3.19 0.54 10.6 6 
6.8 0.31 0.32 7.6 0.052 35 143 0.9959 3.14 0.38 9 5 
7 0.36 0.3 5 0.04 40 143 0.99173 3.33 0.42 12.2 7 
6.4 0.32 0.23 16.2 0.055 36 176 0.9986 3.26 0.54 9.1 5 
6.6 0.55 0.01 2.7 0.034 56 122 0.9906 3.15 0.3 11.9 5 
8 0.27 0.33 1.2 0.05 41 103 0.99002 3 0.45 12.4 6 
7 0.29 0.26 1.6 0.044 12 87 0.9923 3.08 0.46 10.5 6 
6.7 0.325 0.82 1.2 0.152 49 120 0.99312 2.99 0.38 9.2 5 
6.5 0.15 0.44 12.6 0.052 65 158 0.99688 3.26 0.7 10.3 7 
6.8 0.22 0.29 8.9 0.046 82 188 0.9955 3.3 0.44 10.3 6 
7.1 0.32 0.4 1.5 0.034 13 84 0.9944 3.42 0.6 10.4 5 
6.6 0.33 0.24 16.05 0.045 31 147 0.99822 3.08 0.52 9.2 5 
8.1 0.28 0.49 1 0.04 32 148 0.9936 3.13 0.41 10 6 
8.2 0.27 0.39 7.8 0.039 49 208 0.9976 3.31 0.51 9.5 6 
7.8 0.27 0.58 11.2 0.036 44 161 0.9977 3.06 0.41 8.9 6 
6.9 0.22 0.32 9.3 0.04 22 110 0.9958 3.34 0.54 10.7 7 
7.6 0.17 0.27 4.6 0.05 23 98 0.99422 3.08 0.47 9.5 6 
6.5 0.315 0.2 6.6 0.041 9 126 0.99494 2.94 0.51 8.8 5 
6.3 0.25 0.22 3.3 0.048 41 161 0.99256 3.16 0.5 10.5 6 
9.7 0.24 0.45 1.2 0.033 11 59 0.9926 2.74 0.47 10.8 6 
7 0.16 0.26 6.85 0.047 30 220 0.99622 3.38 0.58 10.1 6 
6.6 0.17 0.35 2.6 0.03 33 78 0.99146 3.22 0.72 11.3 6 
7.3 0.19 0.25 1.4 0.051 41 107 0.99382 3.53 0.66 10.5 7 
5.8 0.34 0.21 6.6 0.04 50 167 0.9941 3.29 0.62 10 5 
6.8 0.11 0.27 8.6 0.044 45 104 0.99454 3.2 0.37 9.9 6 
6.4 0.14 0.31 1.2 0.034 53 138 0.99084 3.38 0.35 11.5 7 
6.9 0.32 0.13 7.8 0.042 11 117 0.996 3.23 0.37 9.2 5 
6.3 0.19 0.29 5.5 0.042 44 189 0.99304 3.19 0.47 10.3 6 
6.4 0.145 0.49 5.4 0.048 54 164 0.9946 3.56 0.44 10.8 6 
7.5 0.18 0.39 1.9 0.054 23 91 0.9941 3.27 0.45 10.3 6 
6 0.14 0.17 5.6 0.036 37 127 0.99373 3.05 0.57 9.8 6 
6.3 0.17 0.32 1 0.04 39 118 0.98886 3.31 0.4 13.1 8 
5 0.33 0.18 4.6 0.032 40 124 0.99114 3.18 0.4 11 6 
6.9 0.24 0.36 20.8 0.031 40 139 0.9975 3.2 0.33 11 6 
5.7 0.31 0.29 7.3 0.05 33 143 0.99332 3.31 0.5 11.0666666666667 6 
6.2 0.15 0.49 0.9 0.033 17 51 0.9932 3.3 0.7 9.4 6 
6.9 0.3 0.49 7.6 0.057 25 156 0.9962 3.43 0.63 11 7 
6.8 0.32 0.34 1.2 0.044 14 67 0.9919 3.05 0.47 10.6 4 
7.3 0.19 0.27 13.9 0.057 45 155 0.99807 2.94 0.41 8.8 8 
6.4 0.3 0.38 7.8 0.046 35 192 0.9955 3.1 0.37 9 5 
8 0.3 0.36 11 0.034 8 70 0.99354 3.05 0.41 12.2 6 
6.6 0.16 0.35 1.8 0.042 26 105 0.98962 3.19 0.75 12.4 7 
5 0.17 0.56 1.5 0.026 24 115 0.9906 3.48 0.39 10.8 7 
6.2 0.23 0.36 17.2 0.039 37 130 0.99946 3.23 0.43 8.8 6 
6.5 0.26 0.39 1.4 0.02 12 66 0.99089 3.25 0.75 11.3 7 
4.9 0.33 0.31 1.2 0.016 39 150 0.98713 3.33 0.59 14 8 
7.4 0.16 0.3 13.7 0.056 33 168 0.99825 2.9 0.44 8.7 7 
7.4 0.33 0.26 15.6 0.049 67 210 0.99907 3.06 0.68 9.5 5 
5 0.24 0.34 1.1 0.034 49 158 0.98774 3.32 0.32 13.1 7 
6.8 0.16 0.18 1.8 0.046 31 114 0.99226 3.27 0.55 10.8 6 
6.2 0.33 0.19 5.6 0.042 22 143 0.99425 3.15 0.63 9.9 5 
6.4 0.33 0.24 9.8 0.041 29 109 0.9956 3.29 0.47 10.1 6 
5.8 0.21 0.32 1.6 0.045 38 95 0.98946 3.23 0.94 12.4 8 
6.7 0.18 0.3 6.4 0.048 40 251 0.9956 3.29 0.52 10 5 
8.5 0.15 0.49 1.5 0.031 17 122 0.9932 3.03 0.4 10.3 6 
7.4 0.2 0.28 9.1 0.047 29 95 0.99532 3.16 0.47 9.8 7 
7.2 0.46 0.65 10.4 0.05 76 192 0.9976 3.16 0.42 8.7 5 
8.2 0.4 0.48 13.7 0.042 59 169 0.9986 3.1 0.52 9.4 5 
6.9 0.29 0.32 5.8 0.04 16 112 0.993 3.04 0.58 11.2 5 
7.9 0.11 0.49 4.5 0.048 27 133 0.9946 3.24 0.42 10.6 6 
6.8 0.26 0.34 15.1 0.06 42 162 0.99705 3.24 0.52 10.5 3 
6.8 0.27 0.3 13 0.047 69 160 0.99705 3.16 0.5 9.6 6 
6.7 0.12 0.36 2.3 0.039 43 125 0.99229 3.07 0.67 10.1 7 
5.9 0.2 0.23 1.5 0.037 38 93 0.99021 3.36 0.49 12 6 
7.1 0.37 0.3 6.2 0.04 49 139 0.99021 3.17 0.27 13.6 6 
5.8 0.13 0.26 5.1 0.039 19 103 0.99478 3.36 0.47 9.3 6 
7.1 0.32 0.29 4 0.038 33 170 0.99463 3.27 0.64 10.2 6 
6 0.19 0.29 1.2 0.046 29 92 0.99033 3.22 0.53 11.3 6 
5.7 0.385 0.04 12.6 0.034 22 115 0.9964 3.28 0.63 9.9 6 
8.2 0.23 0.37 1.3 0.042 39 117 0.9928 2.99 0.36 10 5 
7.9 0.19 0.26 2.1 0.039 8 143 0.9942 3.05 0.74 9.8 5 
7.8 0.29 0.36 7 0.042 38 161 0.9941 3.26 0.37 11.2 8 
6.2 0.25 0.44 15.8 0.057 39 167 0.99804 3.14 0.51 9.2 5 
6.4 0.17 0.3 2.8 0.034 33 125 0.99152 3.03 0.49 10.4 6 
6 0.25 0.28 7.7 0.053 37 132 0.99489 3.06 0.5 9.4 6 
6.6 0.23 0.3 14.9 0.051 33 118 0.99835 3.04 0.54 9 6 
5.6 0.19 0.31 2.7 0.027 11 100 0.98964 3.46 0.4 13.2 7 
6 0.13 0.28 5.7 0.038 56 189.5 0.9948 3.59 0.43 10.6 7 
6.8 0.25 0.27 10.7 0.076 47 154 0.9967 3.05 0.38 9 5 
7.3 0.24 0.3 2.5 0.042 31 104 0.9911 3.05 0.56 11.3 7 
7.3 0.2 0.44 1.4 0.045 21 98 0.9924 3.15 0.46 10 7 
7.5 0.26 0.26 18.35 0.084 33 139 1.0011 3.17 0.39 8.8 5 
7.7 0.28 0.35 15.3 0.056 31 117 0.9998 3.27 0.5 9.6 5 
