5.5 0.23 0.19 2.2 0.044 39 161 0.99209 3.19 0.43 10.4 6 
7.4 0.24 0.29 10.1 0.05 21 105 0.9962 3.13 0.35 9.5 5 
5.9 0.17 0.29 3.1 0.03 32 123 0.98913 3.41 0.33 13.7 7 
7 0.3 0.27 1.5 0.076 24 145 0.99344 3.1 0.52 10.1 5 
6.5 0.23 0.39 1.9 0.036 41 98 0.99 3.19 0.43 11.9 7 
9.6 0.655 0.21 2 0.039 21 120 0.99188 3 1 12.6 6 
7 0.26 0.59 1.4 0.037 40 120 0.9918 3.34 0.41 11.1 7 
7.9 0.34 0.44 6.5 0.027 47 126 0.99124 2.96 0.37 12.5 6 
6.7 0.39 0.31 2.7 0.054 27 202 0.9948 3.46 0.57 10.5 6 
6.5 0.22 0.45 8 0.053 52 196 0.9959 3.23 0.48 9.1 6 
6.6 0.545 0.04 2.5 0.031 48 111 0.9906 3.14 0.32 11.9 5 
5.8 0.36 0.5 1 0.127 63 178 0.99212 3.1 0.45 9.7 5 
7.3 0.15 0.4 2 0.05 24 92 0.9932 3.14 0.45 10.5 5 
6.2 0.21 0.27 1.7 0.038 41 150 0.9933 3.49 0.71 10.5 7 
6.5 0.18 0.26 1.4 0.041 40 141 0.9941 3.34 0.72 9.5 6 
6.3 0.18 0.22 1.5 0.043 45 155 0.99238 3.19 0.48 10.2 5 
5.7 0.24 0.47 6.3 0.069 35 182 0.99391 3.11 0.46 9.73333333333333 5 
6.4 0.22 0.38 9.1 0.044 35 127 0.99326 2.97 0.3 11 7 
7.9 0.2 0.39 1 0.041 37 154 0.99093 3.08 0.43 11.9 5 
6.8 0.3 0.27 11.6 0.028 22 97 0.99314 2.96 0.38 11.7 6 
7.3 0.17 0.24 8.1 0.121 32 162 0.99508 3.17 0.38 10.4 8 
7.6 0.29 0.26 6.5 0.042 32 160 0.9944 3.14 0.47 10.7 5 
9.1 0.59 0.38 1.6 0.066 34 182 0.9968 3.23 0.38 8.5 3 
7.4 0.16 0.27 15.5 0.05 25 135 0.9984 2.9 0.43 8.7 7 
6.5 0.18 0.33 1.4 0.029 35 138 0.99114 3.36 0.6 11.5 7 
6.3 0.25 0.23 14.9 0.039 47 142 0.99705 3.14 0.35 9.7 6 
6.8 0.34 0.1 1.4 0.049 29 118 0.9936 3.21 0.41 9.5 5 
6.7 0.44 0.22 4.3 0.032 19 99 0.99015 3.26 0.53 12.8 7 
7.5 0.41 0.23 14.8 0.054 28 174 0.99898 3.18 0.49 9.7 5 
6.8 0.24 0.34 2.7 0.047 64.5 218.5 0.9934 3.3 0.58 9.7 6 
6.5 0.23 0.45 2.1 0.027 43 104 0.99054 3.02 0.52 11.3 6 
7.2 0.2 0.3 2 0.039 43 188 0.9911 3.3 0.41 12 6 
7.2 0.24 0.3 1.2 0.037 11 95 0.98914 2.96 0.36 12.5 6 
6 0.28 0.27 2.3 0.051 23 147 0.994 3.23 0.67 10.3 6 
7.9 0.3 0.6 1.85 0.048 13 106 0.99331 3.24 0.49 11.85 5 
7.1 0.21 0.33 1.2 0.039 34 97 0.99112 3.11 0.75 11.2 6 
6.9 0.22 0.31 6.3 0.029 41 131 0.99326 3.08 0.49 10.8 6 
5.1 0.33 0.22 1.6 0.027 18 89 0.9893 3.51 0.38 12.5 7 
7.5 0.24 0.62 10.6 0.045 51 153 0.99779 3.16 0.44 8.8 5 
6.5 0.18 0.29 1.7 0.035 39 144 0.9927 3.49 0.5 10.5 6 
6.7 0.18 0.3 6.4 0.048 40 251 0.9956 3.29 0.52 10 5 
7.2 0.17 0.41 1.6 0.052 24 126 0.99228 3.19 0.49 10.8 5 
6.4 0.17 0.3 2.8 0.034 33 125 0.99152 3.03 0.49 10.4 6 
6.5 0.26 0.34 1.4 0.04 25 184 0.99216 3.29 0.46 10.7 5 
6.7 0.11 0.34 8.8 0.043 41 113 0.9962 3.42 0.4 9.3 7 
5.6 0.12 0.33 2.9 0.044 21 73 0.98896 3.17 0.32 12.9 8 
7 0.17 0.37 1.5 0.028 26 75 0.9922 3.3 0.46 10.8 7 
6.9 0.22 0.28 7.8 0.05 43 116 0.99326 3.22 0.6 11.5 8 
6.9 0.18 0.33 1 0.054 24 164 0.9926 3.42 0.51 10.5 5 
6.7 0.48 0.32 1.4 0.021 22 121 0.9889 3.15 0.53 12.7 7 
7.8 0.25 0.37 1 0.043 10 80 0.99128 3.08 0.38 11.4 5 
6.5 0.16 0.34 1.4 0.029 29 133 0.99108 3.33 0.64 11.5 7 
8.6 0.27 0.46 6.1 0.032 13 41 0.993 2.89 0.34 10.9 5 
8.5 0.16 0.33 1 0.076 17 57 0.9921 3.14 0.46 10.6 6 
6.1 0.16 0.29 6 0.03 29 144 0.99474 3.68 0.46 10.7 6 
5.9 0.32 0.26 1.5 0.057 17 141 0.9917 3.24 0.36 10.7 5 
6.8 0.28 0.29 11.9 0.052 51 149 0.99544 3.02 0.58 10.4 6 
8 0.55 0.42 12.6 0.211 37 213 0.9988 2.99 0.56 9.3 5 
6.6 0.54 0.21 16.3 0.055 41 182 0.9986 3.35 0.54 10.4 6 
8.3 0.22 0.38 14.8 0.054 32 126 1.0002 3.22 0.5 9.7 5 
6.8 0.22 0.37 1.7 0.036 38 195 0.9908 3.35 0.72 12.5 6 
7.5 0.13 0.38 1.1 0.023 42 104 0.99112 3.28 0.53 11.8 6 
6.9 0.2 0.41 1.1 0.06 36 104 0.99317 2.99 0.39 9.2 5 
7.1 0.37 0.3 6.2 0.04 49 139 0.99021 3.17 0.27 13.6 6 
6.2 0.33 0.27 4.9 0.036 30 134 0.9927 3.2 0.42 10.4 7 
6 0.18 0.31 1.4 0.036 14 75 0.99085 3.34 0.58 11.1 8 
5.4 0.29 0.38 1.2 0.029 31 132 0.98895 3.28 0.36 12.4 6 
6.9 0.29 0.23 8.6 0.056 56 215 0.9967 3.17 0.44 8.8 5 
6.4 0.5 0.16 12.9 0.042 26 138 0.9974 3.28 0.33 9 5 
6.2 0.21 0.26 13.1 0.05 59 150 0.99772 3.31 0.46 9 5 
7.6 0.26 0.32 1.3 0.048 23 76 0.9903 2.96 0.46 12 6 
6.8 0.25 0.18 1.4 0.056 13 137 0.9935 3.11 0.42 9.5 5 
7.1 0.37 0.67 10.5 0.045 49 155 0.9975 3.16 0.44 8.7 5 
7 0.15 0.38 2.2 0.047 33 96 0.9928 3.13 0.39 10.4 8 
7 0.24 0.3 12.3 0.035 72 172 0.9954 2.99 0.57 10.4 6 
8.3 0.19 0.49 1.2 0.051 11 137 0.9918 3.06 0.46 11 6 
6.4 0.46 0.22 14.7 0.047 51 183 0.998275 3.39 0.6 10.5 5 
5.8 0.3 0.23 1.5 0.034 37 121 0.98871 2.96 0.34 12.1 6 
6.4 0.37 0.12 5.9 0.056 6 91 0.99536 3.06 0.46 8.4 4 
6.4 0.28 0.43 7.1 0.045 60 221 0.9952 3.09 0.45 9.4 6 
7.3 0.36 0.62 7.1 0.033 48 185 0.99472 3.14 0.62 10.6 6 
8 0.22 0.31 5.6 0.049 24 97 0.993 3.1 0.42 10.9 5 
6.2 0.41 0.22 1.9 0.023 5 56 0.98928 3.04 0.79 13 7 
6.7 0.42 0.39 12.1 0.04 61 248 0.99794 3.31 0.58 9.7 5 
7.1 0.47 0.29 14.8 0.024 22 142 0.99518 3.12 0.48 12 8 
6.2 0.35 0.04 1.2 0.06 23 108 0.9934 3.26 0.54 9.2 5 
7.4 0.24 0.22 10.7 0.042 26 81 0.9954 2.86 0.36 9.7 6 
6.9 0.3 0.21 15.7 0.056 49 159 0.99827 3.11 0.48 9 5 
8.8 0.36 0.44 1.9 0.04 9 121 0.9953 3.19 0.48 9.9 6 
7.1 0.23 0.39 13.7 0.058 26 172 0.99755 2.9 0.46 9 6 
6.6 0.25 0.25 1.3 0.04 28 85 0.98984 2.87 0.48 11.2 6 
8.1 0.34 0.28 7.5 0.04 70 230 0.99558 3.14 0.55 9.8 6 
6.4 0.27 0.19 2 0.084 21 191 0.99516 3.49 0.63 9.6 4 
6.5 0.19 0.32 1.4 0.04 31 132 0.9922 3.36 0.54 10.8 7 
6.2 0.3 0.42 2.2 0.036 28 128 0.9901 3.13 0.38 11.6 6 
8.3 0.36 0.57 15 0.052 35 256 1.0001 2.93 0.64 8.6 5 
6.6 0.28 0.28 8.5 0.052 55 211 0.9962 3.09 0.55 8.9 6 
6.3 0.29 0.14 7.05 0.045 50 177 0.99564 3.23 0.42 9 5 
7.7 0.17 0.52 5.9 0.017 21 84 0.9929 3.14 0.4 11.9 7 
6.4 0.32 0.35 4.8 0.03 34 101 0.9912 3.36 0.6 12.5 8 
6 0.29 0.41 10.8 0.048 55 149 0.9937 3.09 0.59 11 7 
6.2 0.22 0.27 1.5 0.064 20 132 0.9938 3.22 0.46 9.2 6 
6.3 0.48 0.48 1.8 0.035 35 96 0.99121 3.49 0.74 12.2 6 
6.8 0.63 0.04 1.3 0.058 25 133 0.99271 3.17 0.39 10.2 4 
8.2 0.29 0.49 1 0.044 29 118 0.9928 3.24 0.36 10.9 4 
7.1 0.31 0.47 13.6 0.056 54 197 0.9978 3.1 0.49 9.3 5 
6.8 0.25 0.24 1.6 0.045 39 164 0.99402 3.53 0.58 10.8 5 
5.7 0.28 0.3 3.9 0.026 36 105 0.98963 3.26 0.58 12.75 6 
6.1 0.22 0.25 12.1 0.035 54 135 0.99481 3.21 0.4 10.7 5 
7.1 0.14 0.33 1 0.104 20 54 0.99057 3.19 0.64 11.5 6 
6 0.27 0.15 1.5 0.056 35 128 0.9936 3.12 0.45 8.8 5 
5.7 0.25 0.21 1.5 0.044 21 108 0.99142 3.3 0.59 11 6 
7.6 0.31 0.23 12.7 0.054 20 139 0.99836 3.16 0.5 9.7 4 
6.9 0.26 0.49 1.6 0.058 39 166 0.9965 3.65 0.52 9.4 4 
6.4 0.15 0.36 1.8 0.034 43 150 0.9922 3.42 0.69 11 8 
8.1 0.12 0.49 1.2 0.042 43 160 0.9934 3.13 0.48 9.7 6 
6.3 0.23 0.22 17.45 0.054 42 151 0.99853 3.12 0.6 9.3 6 
7.3 0.33 0.22 1.4 0.041 40 177 0.99287 3.14 0.48 9.9 5 
7.5 0.27 0.79 11.95 0.04 51 159 0.99839 2.98 0.44 8.7 5 
8.5 0.19 0.56 17.3 0.055 47 169 1.00047 3.07 0.67 9.3 6 
6.2 0.55 0.45 12 0.049 27 186 0.9974 3.17 0.5 9.3 6 
8.4 0.58 0.27 12.15 0.033 37 116 0.9959 2.99 0.39 10.8 6 
5.8 0.32 0.31 2.7 0.049 25 153 0.99067 3.44 0.73 12.2 7 
8.2 0.26 0.33 2.6 0.053 11 71 0.99402 2.89 0.49 9.5 5 
6.6 0.36 0.52 10.1 0.05 29 140 0.99628 3.07 0.4 9.4 5 
5.8 0.275 0.3 5.4 0.043 41 149 0.9926 3.33 0.42 10.8 7 
6.5 0.24 0.38 1 0.027 31 90 0.98926 3.24 0.36 12.3 6 
6.1 0.34 0.46 4.7 0.029 21 94 0.991 3.29 0.62 12.3 6 
5.8 0.315 0.27 1.55 0.026 15 70 0.98994 3.37 0.4 11.9 8 
7.6 0.2 0.34 1.8 0.041 42 148 0.99335 3.35 0.66 11.1 6 
6.4 0.62 0.12 4.7 0.06 33 196 0.99556 3.22 0.48 8.9 5 
7.6 0.19 0.41 1.1 0.04 38 143 0.9907 2.92 0.42 11.4 5 
5.9 0.26 0.27 18.2 0.048 52 168 0.9993 3.35 0.44 9.4 5 
6.6 0.46 0.49 7.4 0.052 19 184 0.9956 3.11 0.38 9 5 
7 0.15 0.28 14.7 0.051 29 149 0.99792 2.96 0.39 9 7 
6.8 0.37 0.28 4 0.03 29 79 0.99 3.23 0.46 12.4 7 
7.1 0.18 0.49 1.3 0.033 12 72 0.99072 3.05 0.53 11.3 7 
6.4 0.34 0.2 14.9 0.06 37 162 0.9983 3.13 0.45 9 4 
6.5 0.32 0.23 1.2 0.054 39 208 0.99272 3.18 0.46 9.9 6 
7.1 0.26 0.34 14.4 0.067 35 189 0.9986 3.07 0.53 9.1 7 
6.4 0.33 0.44 8.9 0.055 52 164 0.99488 3.1 0.48 9.6 5 
6.2 0.23 0.38 1.6 0.044 12 113 0.99176 3.3 0.73 11.4 5 
7.4 0.49 0.24 15.1 0.03 34 153 0.9953 3.13 0.51 12 7 
6.9 0.26 0.27 4.2 0.031 20 80 0.99089 3.12 0.39 11.5 6 
6.7 0.24 0.37 11.3 0.043 64 173 0.99632 3.08 0.53 9.9 6 
5.6 0.28 0.28 4.2 0.044 52 158 0.992 3.35 0.44 10.7 7 
8.1 0.2 0.36 9.7 0.044 63 162 0.997 3.1 0.46 10 6 
6.5 0.14 0.33 7.6 0.05 53 189 0.9966 3.25 0.49 8.6 5 
6.4 0.38 0.2 5.3 0.117 57 181 0.99459 3.24 0.43 9.5 6 
7.6 0.54 0.23 2 0.029 13 151 0.9931 3.04 0.33 10.4 5 
6.1 0.22 0.23 3.1 0.052 15 104 0.9948 3.14 0.42 8.7 5 
6.3 0.14 0.39 1.2 0.044 26 116 0.992 3.26 0.53 10.3 6 
6.8 0.19 0.36 1.9 0.035 30 96 0.9917 3.15 0.54 10.8 7 
5.8 0.26 0.24 9.2 0.044 55 152 0.9961 3.31 0.38 9.4 5 
6.3 0.39 0.24 6.9 0.069 9 117 0.9942 3.15 0.35 10.2 4 
5.8 0.18 0.28 1.3 0.034 9 94 0.99092 3.21 0.52 11.2 6 
7.1 0.22 0.32 16.9 0.056 49 158 0.9998 3.37 0.38 9.6 6 
6.8 0.32 0.43 1.6 0.05 4 65 0.99346 3.27 0.47 10.7 5 
6.3 0.17 0.42 2.8 0.028 45 107 0.9908 3.27 0.43 11.8 6 
6.7 0.28 0.31 7.4 0.041 7 81 0.99254 3.04 0.47 11.4 8 
6.4 0.21 0.5 11.6 0.042 45 153 0.9972 3.15 0.43 8.8 5 
6.5 0.32 0.45 7.7 0.022 31 97 0.99134 3.2 0.7 12.7 7 
6.3 0.3 0.29 2.1 0.048 33 142 0.98956 3.22 0.46 12.9 7 
5.8 0.28 0.66 9.1 0.039 26 159 0.9965 3.66 0.55 10.8 5 
6.8 0.32 0.3 1 0.049 22 113 0.99289 3.24 0.61 10.2 5 
6.7 0.41 0.34 9.2 0.049 29 150 0.9968 3.22 0.51 9.1 5 
6.8 0.52 0.32 13.2 0.044 54 221 0.9972 3.27 0.5 9.6 6 
7.1 0.28 0.44 1.8 0.032 32 107 0.9907 3.25 0.48 12.2 7 
6.1 1.1 0.16 4.4 0.033 8 109 0.99058 3.35 0.47 12.4 4 
7.2 0.25 0.19 8 0.044 51 172 0.9964 3.16 0.44 9.2 5 
7.3 0.19 0.68 1.5 0.05 31 156 0.9946 3.32 0.64 9.4 6 
6.7 0.45 0.3 5.3 0.036 27 165 0.99122 3.12 0.46 12.2 6 
6.7 0.21 0.34 1.4 0.049 36 112 0.99091 3.02 0.5 11 6 
6.4 0.595 0.14 5.2 0.058 15 97 0.9951 3.38 0.36 9 4 
7 0.29 0.49 3.8 0.047 37 136 0.9938 2.95 0.4 9.4 6 
6.1 0.22 0.46 1.8 0.16 34 74 0.9884 3.19 0.33 13.4 6 
5.6 0.255 0.57 10.7 0.056 66 171 0.99464 3.25 0.61 10.4 7 
7.5 0.28 0.41 1.3 0.044 11 126 0.99293 3.28 0.45 10.3 5 
6.2 0.2 0.29 11.8 0.035 21 93 0.99364 3.18 0.34 11.9 6 
6.3 0.12 0.36 2.1 0.044 47 146 0.9914 3.27 0.74 11.4 7 
6.7 0.2 0.24 6.5 0.044 28 100 0.99348 3.12 0.33 10.2 6 
6.2 0.43 0.49 6.4 0.045 12 115 0.9963 3.27 0.57 9 4 
7 0.25 0.45 2.3 0.045 40 118 0.99064 3.16 0.48 11.9 7 
8.2 0.35 0.4 6.3 0.039 35 162 0.9936 3.15 0.34 11.9 7 
7 0.14 0.28 1.3 0.026 10 56 0.99352 3.46 0.45 9.9 5 
5.7 0.27 0.16 9 0.053 32 111 0.99474 3.36 0.37 10.4 6 
7.2 0.39 0.54 1.4 0.157 34 132 0.99449 3.11 0.53 9 6 
6.6 0.56 0.16 3.1 0.045 28 92 0.994 3.12 0.35 9.1 6 
7.3 0.38 0.23 6.5 0.05 18 102 0.99304 3.1 0.55 11.2 4 
6.6 0.22 0.3 14.7 0.045 50 136 0.99704 3.14 0.37 10.6 6 
5.6 0.18 0.58 1.25 0.034 29 129 0.98984 3.51 0.6 12 7 
7.3 0.49 0.32 5.2 0.043 18 104 0.9952 3.24 0.45 10.7 4 
7.4 0.4 0.41 14.1 0.053 37 194 0.99886 3.2 0.63 9.4 6 
7.4 0.26 0.29 3.7 0.048 14 73 0.9915 3.06 0.45 11.4 6 
6 0.59 0 0.8 0.037 30 95 0.99032 3.1 0.4 10.9 4 
7.8 0.42 0.23 8.8 0.054 42 215 0.9971 3.02 0.58 9.2 6 
7.4 0.2 0.31 1.6 0.038 34 116 0.9912 3.25 0.39 12 7 
6.8 0.23 0.3 6.95 0.044 42 179 0.9946 3.25 0.56 10.6 6 
6.8 0.25 0.28 5 0.035 42 126 0.99048 3.12 0.38 12.6 7 
9 0.31 0.48 6.6 0.043 11 73 0.9938 2.9 0.38 11.6 5 
7.6 0.23 0.4 5.2 0.066 14 91 0.99488 3.17 0.8 9.7 5 
10 0.2 0.39 1.4 0.05 19 152 0.994 3 0.42 10.4 6 
7.3 0.19 0.49 15.55 0.058 50 134 0.9998 3.42 0.36 9.1 7 
9.8 0.16 0.46 1.8 0.046 23 130 0.99587 3.04 0.67 9.6 5 
6.8 0.21 0.36 18.1 0.046 32 133 1 3.27 0.48 8.8 5 
7.7 0.27 0.34 1.8 0.028 26 168 0.9911 2.99 0.48 12.1 7 
6.5 0.23 0.38 1.3 0.032 29 112 0.99298 3.29 0.54 9.7 5 
7.2 0.58 0.27 5.8 0.032 40 118 0.99088 3.17 0.53 13 7 
8 0.17 0.29 2.4 0.029 52 119 0.98944 3.03 0.33 12.9 6 
6.6 0.19 0.28 1.1 0.044 38 100 0.9904 3.22 0.69 11.2 6 
6.1 0.28 0.26 1.5 0.03 25 101 0.98894 3.03 0.41 12.1 6 
6.3 0.34 0.29 6.2 0.046 29 227 0.9952 3.29 0.53 10.1 6 
6 0.16 0.3 6.7 0.043 43 153 0.9951 3.63 0.46 10.6 5 
5.4 0.595 0.1 2.8 0.042 26 80 0.9932 3.36 0.38 9.3 5 
6.7 0.13 0.45 4.2 0.043 52 131 0.99162 3.06 0.54 11.3 6 
5.8 0.25 0.26 13.1 0.051 44 148 0.9972 3.29 0.38 9.3 5 
7.6 0.33 0.36 2.1 0.034 26 172 0.9944 3.42 0.48 10.5 4 
6.4 0.29 0.21 9.65 0.041 36 119 0.99334 2.99 0.34 10.9333333333333 6 
6.2 0.2 0.33 5.4 0.028 21 75 0.99012 3.36 0.41 13.5 7 
6.8 0.32 0.21 2.2 0.044 15 68 0.9932 3.17 0.39 9.4 6 
7 0.16 0.73 1 0.138 58 150 0.9936 3.08 0.3 9.2 5 
5.7 0.26 0.24 17.8 0.059 23 124 0.99773 3.3 0.5 10.1 5 
7 0.24 0.35 1 0.032 42 104 0.98988 3.16 0.37 11.7 7 
6.7 0.31 0.33 2 0.033 12 74 0.99064 3.29 0.65 12.5 6 
6.7 0.11 0.26 14.8 0.053 44 95 0.99676 3.2 0.35 9.8 6 
8.2 0.34 0.49 8 0.046 55 223 0.996 3.08 0.52 10.7 6 
7.1 0.26 0.37 5.5 0.025 31 105 0.99082 3.06 0.33 12.6 8 
6.9 0.2 0.34 1.9 0.043 25 136 0.9935 3.31 0.6 10.1 4 
5.7 0.22 0.22 16.65 0.044 39 110 0.99855 3.24 0.48 9 6 
6.6 0.21 0.49 18.15 0.042 41 158 0.9997 3.28 0.39 8.7 6 
7.4 0.22 0.28 9 0.046 22 121 0.99468 3.1 0.55 10.8 5 
8.3 0.2 0.74 4.45 0.044 33 130 0.9924 3.25 0.42 12.2 6 
7.7 0.3 0.42 14.3 0.045 45 213 0.9991 3.18 0.63 9.2 5 
6.7 0.16 0.32 12.5 0.035 18 156 0.99666 2.88 0.36 9 6 
6.6 0.21 0.39 2.3 0.041 31 102 0.99221 3.22 0.58 10.9 7 
4.8 0.225 0.38 1.2 0.074 47 130 0.99132 3.31 0.4 10.3 6 
6.9 0.25 0.26 5.2 0.024 36 135 0.9948 3.16 0.72 10.7 7 
7.8 0.28 0.34 1.6 0.028 32 118 0.9901 3 0.38 12.1 7 
7.1 0.32 0.24 13.1 0.05 52 204 0.998 3.1 0.49 8.8 5 
7.8 0.32 0.33 2.4 0.037 18 101 0.9912 3.21 0.65 11.7 7 
8.6 0.34 0.36 1.4 0.045 11 119 0.99556 3.17 0.47 9.4 4 
7.5 0.33 0.28 4.9 0.042 21 155 0.99385 3.36 0.57 10.9 6 
5.2 0.17 0.27 0.7 0.03 11 68 0.99218 3.3 0.41 9.8 5 
8 0.2 0.3 8.1 0.037 42 130 0.99379 3.1 0.67 11.8 6 
6.7 0.28 0.28 2.4 0.012 36 100 0.99064 3.26 0.39 11.7 7 
7.3 0.33 0.4 6.85 0.038 32 138 0.992 3.03 0.3 11.9 7 
6.8 0.21 0.26 11.7 0.038 61 152 0.99523 3.02 0.56 10.5 7 
6.6 0.285 0.49 11.4 0.035 57 137 0.99732 3.08 0.54 8.9 6 
6.3 0.26 0.29 2.2 0.043 35 175 0.9918 3.38 0.43 11.6 6 
7.3 0.17 0.24 8.1 0.121 32 162 0.99508 3.17 0.38 10.4 8 
5.5 0.16 0.26 1.5 0.032 35 100 0.99076 3.43 0.77 12 6 
9.8 0.93 0.45 8.6 0.052 34 187 0.9994 3.12 0.59 10.2 4 
6.6 0.3 0.3 4.8 0.17 60 166 0.9946 3.18 0.47 9.4 5 
6.8 0.25 0.34 4.7 0.031 34 134 0.9927 3.21 0.38 10.6 6 
6.7 0.24 0.39 2.9 0.173 63 157 0.9937 3.1 0.34 9.4 6 
6.6 0.32 0.24 1.3 0.06 42.5 204 0.99512 3.59 0.51 9.2 5 
7.7 0.3 0.26 18.95 0.053 36 174 0.99976 3.2 0.5 10.4 5 
6.2 0.22 0.3 12.4 0.054 108 152 0.99728 3.1 0.47 9.5 6 
6.9 0.54 0.32 13.2 0.05 53 236 0.9973 3.2 0.5 9.6 5 
5.6 0.35 0.37 1 0.038 6 72 0.9902 3.37 0.34 11.4 5 
6.3 0.33 0.2 17.9 0.066 36 161 0.9991 3.14 0.51 8.8 5 
7.2 0.37 0.15 2 0.029 27 87 0.9903 3.3 0.59 12.6 7 
5.8 0.3 0.33 3.5 0.033 25 116 0.99057 3.2 0.44 11.7 6 
6.5 0.19 0.27 4.9 0.037 13 101 0.9916 3.17 0.41 11.8 6 
6.4 0.32 0.26 7.9 0.05 53 180 0.99514 3.14 0.5 9.6 5 
6.5 0.36 0.16 1.3 0.054 11 107 0.99398 3.19 0.39 8.5 5 
5 0.44 0.04 18.6 0.039 38 128 0.9985 3.37 0.57 10.2 6 
8.2 0.3 0.44 12.4 0.043 52 154 0.99452 3.04 0.33 12 6 
6 0.22 0.28 1.1 0.034 47 90 0.98862 3.22 0.38 12.6 6 
7.6 0.35 0.46 14.7 0.047 33 151 0.99709 3.03 0.53 10.3 5 
8.9 0.33 0.32 1.5 0.047 11 200 0.9954 3.19 0.46 9.4 5 
8.6 0.23 0.46 1 0.054 9 72 0.9941 2.95 0.49 9.1 6 
6.4 0.15 0.29 1.8 0.044 21 115 0.99166 3.1 0.38 10.2 5 
6.8 0.36 0.32 1.6 0.039 10 124 0.9948 3.3 0.67 9.6 5 
8 0.33 0.35 10 0.035 22 108 0.99457 3.12 0.36 11.6 6 
6.7 0.29 0.49 4.7 0.034 35 156 0.9945 3.13 0.45 9.9 6 
6.8 0.26 0.48 6.2 0.049 55 182 0.99582 3.21 0.45 9.4 6 
7.4 0.16 0.33 1.2 0.042 47 121 0.99198 3.04 0.68 10.5 7 
6.5 0.29 0.52 1.7 0.034 41 193 0.99223 3.25 0.59 10.4 6 
7.7 0.3 0.23 2 0.068 28 138 0.99382 3.11 0.62 9.8 5 
6.3 0.28 0.34 8.1 0.038 44 129 0.99248 3.26 0.29 12.1 6 
5.8 0.25 0.28 11.1 0.056 45 175 0.99755 3.42 0.43 9.5 5 
6.3 0.3 0.34 1.6 0.049 14 132 0.994 3.3 0.49 9.5 6 
7.7 0.26 0.32 1.2 0.04 26 117 0.993 3.21 0.56 10.8 5 
7.1 0.2 0.27 9.6 0.037 19 105 0.99444 3.04 0.37 10.5 7 
4.5 0.19 0.21 0.95 0.033 89 159 0.99332 3.34 0.42 8 5 
6.3 0.27 0.49 1.2 0.063 35 92 0.9911 3.38 0.42 12.2 6 
6.8 0.18 0.38 1.4 0.038 35 111 0.9918 3.32 0.59 11.2 7 
7.3 0.25 0.29 7.5 0.049 38 158 0.9965 3.43 0.38 9.6 5 
6.5 0.23 0.25 17.3 0.046 15 110 0.99828 3.15 0.42 9.2 6 
7.6 0.32 0.25 9.5 0.03 15 136 0.99367 3.1 0.44 12.1 6 
6.9 0.28 0.3 8.3 0.026 37 113 0.99139 2.99 0.38 12.3 8 
6.9 0.29 0.41 7.8 0.046 52 171 0.99537 3.12 0.51 9.6 5 
6.6 0.16 0.4 1.5 0.044 48 143 0.9912 3.54 0.52 12.4 7 
7.2 0.24 0.24 1.7 0.045 18 161 0.99196 3.25 0.53 11.2 6 
6.8 0.26 0.29 11.9 0.052 54 160 0.99546 3.03 0.58 10.4 6 
7.1 0.43 0.61 11.8 0.045 54 155 0.9974 3.11 0.45 8.7 5 
7.2 0.32 0.4 8.7 0.038 45 154 0.99568 3.2 0.47 10.4 6 
8.5 0.21 0.41 4.3 0.036 24 99 0.9947 3.18 0.53 9.7 6 
7.5 0.15 0.38 1.8 0.054 19 101 0.9946 3.24 0.44 10 5 
6.4 0.28 0.44 7.1 0.048 49 179 0.99528 3.15 0.48 9.2 5 
7.8 0.28 0.31 2.1 0.046 28 208 0.99434 3.23 0.64 9.8 5 
5.7 0.21 0.32 1.6 0.03 33 122 0.99044 3.33 0.52 11.9 6 
8 0.24 0.48 6.8 0.047 13 134 0.99616 3.23 0.7 10 5 
5.4 0.33 0.31 4 0.03 27 108 0.99031 3.3 0.43 12.2 7 
6.5 0.3 0.32 2 0.044 34 90 0.99185 3.37 0.68 11 7 
7.2 0.34 0.3 8.4 0.051 40 167 0.99756 3.48 0.62 9.7 5 
7.1 0.25 0.28 1.6 0.052 46 169 0.9926 3.05 0.41 10.5 5 
7.2 0.29 0.53 18.15 0.047 59 182 0.9992 3.09 0.52 9.6 5 
6.8 0.28 0.36 1.6 0.04 25 87 0.9924 3.23 0.66 10.3 6 
6.5 0.14 0.32 2.7 0.037 18 89 0.9924 3.4 0.74 11.5 7 
7.2 0.2 0.31 10 0.054 49 165 0.997 3.4 0.42 9.9 6 
6.3 0.26 0.21 4 0.03 24 125 0.9915 3.06 0.34 10.7 6 
6.7 0.32 0.32 1.7 0.031 31 114 0.98946 3.12 0.35 12.5 6 
7 0.27 0.41 18.75 0.042 34 157 1.0002 2.96 0.5 9.1 5 
7 0.22 0.32 1.6 0.045 40 120 0.9914 2.98 0.44 10.5 6 
7.2 0.2 0.38 1 0.037 21 74 0.9918 3.21 0.37 11 5 
6.5 0.37 0.33 3.9 0.027 40 130 0.9906 3.28 0.39 12.7 7 
6.1 0.37 0.2 7.6 0.031 49 170 0.99558 3.22 0.48 9.5 5 
7.1 0.3 0.36 6.8 0.055 44.5 234 0.9972 3.49 0.64 10.2 6 
5.9 0.27 0.27 5 0.035 14 97 0.99058 3.1 0.33 11.8 7 
6 0.22 0.25 11.1 0.056 112 177 0.9961 3.08 0.36 9.4 6 
6.3 0.26 0.42 7.1 0.045 62 209 0.99544 3.2 0.53 9.5 6 
8.1 0.24 0.33 10.2 0.048 46 141 0.9972 3.16 0.48 10.3 6 
6.1 0.21 0.38 1.5 0.039 37 122 0.98972 3.2 0.43 12 6 
6.6 0.24 0.38 12.75 0.034 8 74 0.99386 3.1 0.57 12.9 6 
6.5 0.2 0.31 2.1 0.033 32 95 0.989435 2.96 0.61 12 6 
6.2 0.31 0.21 6.3 0.041 50 218 0.9941 3.15 0.6 10 5 
6.6 0.24 0.28 1.8 0.028 39 132 0.99182 3.34 0.46 11.4 5 
6.4 0.3 0.36 2 0.052 18 141 0.99273 3.38 0.53 10.5 6 
6.8 0.27 0.3 13 0.047 69 160 0.99705 3.16 0.5 9.6 6 
6.8 0.34 0.36 8.9 0.029 44 128 0.99318 3.28 0.35 11.95 7 
5.9 0.22 0.29 4.2 0.037 69 144 0.99214 3.13 0.74 10.8 7 
6.4 0.18 0.32 9.6 0.052 24 90 0.9963 3.35 0.49 9.4 6 
6.4 0.5 0.2 2.4 0.059 19 112 0.99314 3.18 0.4 9.2 6 
7.9 0.44 0.26 4.45 0.033 23 100 0.99117 3.17 0.52 12.7 6 
6.6 0.34 0.18 6.4 0.082 47 240 0.9971 3.42 0.48 9.2 5 
7.1 0.26 0.32 14.45 0.074 29 107 0.998 2.96 0.42 9.2 6 
6.5 0.17 0.31 1.5 0.041 34 121 0.99092 3.06 0.46 10.5 6 
6.5 0.21 0.37 2.5 0.048 70 138 0.9917 3.33 0.75 11.4 7 
8 0.17 0.29 2.4 0.029 52 119 0.98944 3.03 0.33 12.9 6 
5.2 0.16 0.34 0.8 0.029 26 77 0.99155 3.25 0.51 10.1 6 
6.8 0.25 0.34 4.7 0.031 34 134 0.9927 3.21 0.38 10.6 6 
7.9 0.26 0.33 10.3 0.039 73 212 0.9969 2.93 0.49 9.5 6 
7 0.16 0.3 2.6 0.043 34 90 0.99047 2.88 0.47 11.2 6 
5 0.235 0.27 11.75 0.03 34 118 0.9954 3.07 0.5 9.4 6 
7.2 0.32 0.3 8.25 0.02 14 104 0.99362 2.99 0.44 11.4 6 
6.6 0.35 0.26 2.7 0.045 19 129 0.98952 3.24 0.48 13 7 
6.9 0.15 0.29 2.3 0.033 14 82 0.99132 3.1 0.58 11.2 7 
7.2 0.23 0.38 6.1 0.067 20 90 0.99496 3.17 0.79 9.7 5 
7.2 0.28 0.38 2 0.052 23 156 0.9912 3.13 0.52 11.1 5 
7.8 0.2 0.24 1.6 0.026 26 189 0.991 3.08 0.74 12.1 7 
5.2 0.22 0.46 6.2 0.066 41 187 0.99362 3.19 0.42 9.73333333333333 5 
6.3 0.16 0.4 1.6 0.033 59 148 0.9914 3.44 0.53 11.4 5 
6.4 0.18 0.74 11.9 0.046 54 168 0.9978 3.58 0.68 10.1 5 
6.2 0.35 0.31 2.6 0.036 37 92 0.98938 3.27 0.53 12.8 7 
6.1 0.36 0.58 15 0.044 42 115 0.9978 3.15 0.51 9 5 
5.9 0.37 0.1 1.6 0.057 39 128 0.9924 3.24 0.48 10.1 5 
7.1 0.33 0.3 3.3 0.034 30 102 0.9912 3.08 0.31 12.3 7 
7.2 0.23 0.39 2.3 0.033 29 102 0.9908 3.26 0.54 12.3 7 
6.1 0.31 0.26 2.2 0.051 28 167 0.9926 3.37 0.47 10.4 6 
8.4 0.35 0.56 13.8 0.048 55 190 0.9993 3.07 0.58 9.4 6 
6.8 0.34 0.44 6.6 0.052 28 156 0.9955 3.14 0.41 9.6 5 
9.9 0.49 0.23 2.4 0.087 19 115 0.9948 2.77 0.44 9.4 6 
7 0.2 0.35 8.8 0.037 31 103 0.99388 3.13 0.49 11 6 
6.1 0.46 0.32 6.2 0.053 10 94 0.99537 3.35 0.47 10.1 5 
6.8 0.18 0.3 12.8 0.062 19 171 0.99808 3 0.52 9 7 
7.6 0.345 0.26 1.9 0.043 15 134 0.9936 3.08 0.38 9.5 5 
6.8 0.24 0.4 1.8 0.047 34 105 0.99 3.13 0.49 12.8 8 
7.3 0.26 0.33 11.8 0.057 48 127 0.99693 3.1 0.55 10 6 
7.4 0.21 0.27 7.3 0.031 41 144 0.9932 3.15 0.38 11.8 7 
6.4 0.38 0.24 7.2 0.047 41 151 0.99604 3.11 0.6 9.2 5 
7.8 0.29 0.29 3.15 0.044 41 117 0.99153 3.24 0.35 11.5 5 
5.9 0.27 0.27 9 0.051 43 136 0.9941 3.25 0.53 10.7 6 
6.3 0.695 0.55 12.9 0.056 58 252 0.99806 3.29 0.49 8.7 5 
5.8 0.32 0.23 1.5 0.033 39 121 0.9887 2.96 0.35 12 5 
7.6 0.38 0.2 3.4 0.046 9 116 0.9944 3.15 0.41 9.4 5 
8.9 0.13 0.49 1 0.028 6 24 0.9926 2.91 0.32 9.9 5 
6.8 0.18 0.37 1.5 0.027 37 93 0.992 3.3 0.45 10.8 6 
6.3 0.27 0.25 5.8 0.038 52 155 0.995 3.28 0.38 9.4 6 
7.1 0.37 0.67 10.5 0.045 49 155 0.9975 3.16 0.44 8.7 5 
8.1 0.27 0.41 1.45 0.033 11 63 0.9908 2.99 0.56 12 5 
6.6 0.19 0.35 1.5 0.037 37 107 0.99006 3.18 0.68 12 7 
7.8 0.3 0.4 1.8 0.028 23 122 0.9914 3.14 0.39 10.9 7 
5.8 0.29 0.33 3.7 0.029 30 88 0.98994 3.25 0.42 12.3 6 
7.5 0.41 0.23 14.8 0.054 28 174 0.99898 3.18 0.49 9.7 5 
6.1 0.33 0.32 7.8 0.052 52 183 0.99657 3.39 0.65 9.5 5 
7.8 0.3 0.37 1.3 0.051 16 96 0.9941 3.32 0.62 10 5 
6 0.29 0.25 1.4 0.033 30 114 0.98794 3.08 0.43 13.2 6 
5.8 0.28 0.3 3.9 0.026 36 105 0.98963 3.26 0.58 12.75 6 
7.9 0.35 0.28 12.9 0.032 13 63 0.9932 2.99 0.43 13 6 
6.1 0.17 0.28 2.5 0.028 22 98 0.99072 3.16 0.37 11.1 7 
7.8 0.27 0.28 1.8 0.05 21 127 0.9934 3.15 0.44 9.9 5 
6.6 0.29 0.44 9 0.053 62 178 0.99685 3.02 0.45 8.9 5 
8 0.28 0.3 8.4 0.03 35 115 0.99192 2.93 0.42 12.3 6 
6 0.23 0.15 9.7 0.048 101 207 0.99571 3.05 0.3 9.1 5 
6.2 0.25 0.38 7.9 0.045 54 208 0.99572 3.17 0.46 9.1 5 
5.5 0.28 0.21 1.6 0.032 23 85 0.99027 3.42 0.42 12.5 5 
6.3 0.22 0.33 1.7 0.041 67 164 0.9928 3.32 0.56 10.4 6 
6.5 0.32 0.48 8 0.026 18 88 0.99144 3.22 0.79 12.7 4 
7 0.15 0.34 1.4 0.039 21 177 0.9927 3.32 0.62 10.8 5 
7.3 0.21 0.21 1.6 0.046 35 133 0.99466 3.38 0.46 10 6 
6.5 0.23 0.36 16.3 0.038 43 133 0.99924 3.26 0.41 8.8 5 
7.6 0.28 0.39 1.9 0.052 23 116 0.9941 3.25 0.4 10.4 6 
6.8 0.22 0.31 1.4 0.053 34 114 0.9929 3.39 0.77 10.6 6 
6 0.28 0.25 1.8 0.042 8 108 0.9929 3.08 0.55 9 5 
7.5 0.33 0.38 8.7 0.126 49 199 0.99711 2.98 0.57 9.4 5 
5.8 0.32 0.28 4.3 0.032 46 115 0.98946 3.16 0.57 13 8 
6 0.2 0.26 6.8 0.049 22 93 0.9928 3.15 0.42 11 6 
6.4 0.18 0.31 1.6 0.049 36 127 0.9934 3.6 0.67 10.4 7 
5.6 0.42 0.34 2.4 0.022 34 97 0.98915 3.22 0.38 12.8 7 
6.8 0.28 0.44 9.3 0.031 35 137 0.9946 3.16 0.36 10.4 6 
6.7 0.25 0.26 1.55 0.041 118.5 216 0.9949 3.55 0.63 9.4 3 
8 0.26 0.28 8.2 0.038 72 202 0.99566 3.12 0.56 10 6 
6.8 0.24 0.37 7.45 0.043 59 188 0.99579 3.2 0.5 9.4 6 
6.4 0.3 0.38 7.8 0.046 35 192 0.9955 3.1 0.37 9 5 
6.4 0.41 0.01 6.1 0.048 20 70 0.99362 3.19 0.42 10 5 
9.2 0.22 0.4 2.4 0.054 18 151 0.9952 3.04 0.46 9.3 4 
7.3 0.24 0.34 15.4 0.05 38 174 0.9983 3.03 0.42 9 6 
7.2 0.685 0.21 9.5 0.07 33 172 0.9971 3 0.55 9.1 6 
6.6 0.2 0.14 4.4 0.184 35 168 0.99396 2.93 0.45 9.4 6 
7.8 0.29 0.22 9.5 0.056 44 213 0.99715 3.08 0.61 9.3 6 
7 0.47 0.07 1.1 0.035 17 151 0.991 3.02 0.34 10.5 5 
6.8 0.31 0.19 3.5 0.086 30 130 0.993 2.83 0.44 9.6 5 
7.6 0.27 0.33 2 0.059 19 175 0.9944 3.22 0.56 9.9 5 
6.2 0.31 0.23 3.3 0.052 34 113 0.99429 3.16 0.48 8.4 5 
6.3 0.21 0.33 13.9 0.046 68 179 0.9971 3.36 0.5 10.4 6 
7.4 0.19 0.42 6.4 0.067 39 212 0.9958 3.3 0.33 9.6 6 
8.3 0.33 0.42 1.15 0.033 18 96 0.9911 3.2 0.32 12.4 3 
8.3 0.14 0.34 1.1 0.042 7 47 0.9934 3.47 0.4 10.2 6 
8.7 0.49 0.57 17.8 0.052 34 243 1.0007 2.98 0.82 9 5 
6.3 0.26 0.25 7.8 0.058 44 166 0.9961 3.24 0.41 9 5 
6.5 0.17 0.54 8.5 0.082 64 163 0.9959 2.89 0.39 8.8 6 
5.8 0.22 0.29 1.3 0.036 25 68 0.98865 3.24 0.35 12.6 6 
6.6 0.28 0.41 7 0.046 59 194 0.99558 3.14 0.48 9.4 5 
6.1 0.6 0 1.3 0.042 24 79 0.9937 3.31 0.38 9.4 4 
6.8 0.21 0.27 18.15 0.042 41 146 1.0001 3.3 0.36 8.7 5 
6.5 0.18 0.41 14.2 0.039 47 129 0.99678 3.28 0.72 10.3 7 
7.3 0.29 0.29 4.6 0.029 27 155 0.9931 3.07 0.26 10.6 6 
7.6 0.13 0.34 9.3 0.062 40 126 0.9966 3.21 0.39 9.6 5 
6.5 0.26 0.28 12.5 0.046 80 225 0.99685 3.18 0.41 10 6 
7.8 0.26 0.49 3.2 0.027 28 87 0.9919 3.03 0.32 11.3 7 
6.9 0.34 0.74 11.2 0.069 44 150 0.9968 3 0.81 9.2 5 
7.6 0.48 0.31 9.4 0.046 6 194 0.99714 3.07 0.61 9.4 5 
6 0.21 0.38 0.8 0.02 22 98 0.98941 3.26 0.32 11.8 6 
14.2 0.27 0.49 1.1 0.037 33 156 0.992 3.15 0.54 11.1 6 
6 0.39 0.26 2.7 0.038 39 187 0.99325 3.41 0.5 10.8 6 
7.3 0.4 0.28 6.5 0.037 26 97 0.99148 3.16 0.58 12.6 7 
6.9 0.34 0.3 4.7 0.029 34 148 0.99165 3.36 0.49 12.3 7 
6.7 0.21 0.42 9.1 0.049 31 150 0.9953 3.12 0.74 9.9 7 
7.1 0.26 0.32 14.45 0.074 29 107 0.998 2.96 0.42 9.2 6 
9.2 0.28 0.49 11.8 0.042 29 137 0.998 3.1 0.34 10.1 4 
7.2 0.21 0.36 15.7 0.045 68 183 0.99922 3.25 0.76 9.4 5 
6.5 0.34 0.46 1 0.023 6 80 0.98865 3.15 0.54 12.9 6 
8 0.25 0.13 17.2 0.036 49 219 0.9996 2.96 0.46 9.7 5 
5.9 0.23 0.3 12.9 0.054 57 170 0.9972 3.28 0.39 9.4 5 
6.1 0.28 0.25 6.9 0.056 44 201 0.9955 3.19 0.4 9.1 6 
6.8 0.31 0.32 7.6 0.052 35 143 0.9959 3.14 0.38 9 5 
6.6 0.36 0.24 0.9 0.038 15 72 0.99066 3.23 0.39 11 5 
6.7 0.36 0.28 8.3 0.034 29 81 0.99151 2.96 0.39 12.5 6 
6.9 0.36 0.28 13.55 0.048 51 189 0.99782 3 0.6 9.5 7 
6.4 0.26 0.21 8.2 0.05 51 182 0.99542 3.23 0.48 9.5 5 
5.4 0.23 0.36 1.5 0.03 74 121 0.98976 3.24 0.99 12.1 7 
7.2 0.2 0.3 2 0.039 43 188 0.9911 3.3 0.41 12 6 
6.8 0.26 0.32 7 0.041 38 118 0.9939 3.25 0.52 10.8 6 
7.6 0.2 0.3 14.2 0.056 53 212.5 0.999 3.14 0.46 8.9 8 
8.3 0.27 0.39 2.4 0.058 16 107 0.9955 3.28 0.59 10.3 5 
5.9 0.25 0.19 12.4 0.047 50 162 0.9973 3.35 0.38 9.5 5 
7.5 0.17 0.37 1.5 0.06 18 75 0.9936 3.54 0.88 10.7 5 
8.2 0.36 0.29 7.6 0.035 37 122 0.9939 3.16 0.34 12 5 
6.8 0.18 0.28 8.5 0.047 52 242 0.9952 3.22 0.53 10.5 6 
5.1 0.26 0.34 6.4 0.034 26 99 0.99449 3.23 0.41 9.2 6 
7.4 0.16 0.27 15.5 0.05 25 135 0.9984 2.9 0.43 8.7 7 
8.8 0.2 0.43 15 0.053 60 184 1.0008 3.28 0.79 8.8 6 
7.4 0.13 0.39 4.7 0.042 36 137 0.995 3.36 0.56 10.3 7 
6.9 0.15 0.28 4.4 0.029 14 107 0.99347 3.24 0.46 10.4 8 
6.5 0.43 0.28 11.25 0.032 31 87 0.9922 3.02 0.38 12.4 6 
5.9 0.3 0.23 4.2 0.038 42 119 0.9924 3.15 0.5 11 5 
6.7 0.26 0.39 1.1 0.04 45 147 0.9935 3.32 0.58 9.6 8 
5 0.35 0.25 7.8 0.031 24 116 0.99241 3.39 0.4 11.3 6 
7.2 0.31 0.46 5 0.04 3 29 0.9906 3.04 0.53 12.5 4 
7 0.28 0.33 14.6 0.043 47 168 0.9994 3.34 0.67 8.8 6 
7.1 0.34 0.15 1.2 0.053 61 183 0.9936 3.09 0.43 9.2 5 
7.1 0.23 0.24 5.4 0.039 60 196 0.9948 3.19 0.78 10 4 
9.6 0.25 0.54 1.3 0.04 16 160 0.9938 2.94 0.43 10.5 5 
6.6 0.37 0.24 2 0.064 23 120 0.9946 3.32 0.54 9.4 5 
6 0.4 0.3 1.6 0.047 30 117 0.9931 3.17 0.48 10.1 6 
6.8 0.15 0.33 4.7 0.059 31 118 0.9956 3.43 0.39 9 7 
6.9 0.38 0.32 8.5 0.044 36 152 0.9932 3.38 0.35 12 7 
8 0.24 0.26 1.7 0.033 36 136 0.99316 3.44 0.51 10.4 7 
6.8 0.3 0.26 20.3 0.037 45 150 0.99727 3.04 0.38 12.3 6 
7.2 0.115 0.3 6.8 0.056 26 105 0.9954 3.44 0.4 9.6 6 
6.6 0.52 0.44 12.2 0.048 54 245 0.9975 3.26 0.54 9.3 6 
6.8 0.33 0.28 1.2 0.032 38 131 0.9889 3.19 0.41 13 6 
7.2 0.21 0.34 1.1 0.046 25 80 0.992 3.25 0.4 11.3 6 
6.8 0.23 0.42 7.4 0.044 56 189 0.9958 3.22 0.48 9.3 6 
9.6 0.21 0.28 1.2 0.038 12 53 0.9926 2.8 0.46 10.6 5 
7.1 0.32 0.32 11 0.038 16 66 0.9937 3.24 0.4 11.5 3 
7.15 0.17 0.24 9.6 0.119 56 178 0.99578 3.15 0.44 10.2 6 
8.2 0.18 0.49 1.1 0.033 28 81 0.9923 3 0.68 10.4 7 
6.8 0.3 0.24 6.6 0.123 35 116 0.9953 3.07 0.48 9.4 5 
7.6 0.47 0.49 13 0.239 42 220 0.9988 2.96 0.51 9.2 5 
9.8 0.36 0.46 10.5 0.038 4 83 0.9956 2.89 0.3 10.1 4 
5.9 0.28 0.34 3.6 0.04 50 194 0.9912 3.31 0.52 11.6 6 
6.7 0.27 0.69 1.2 0.176 36 106 0.99288 2.96 0.43 9.2 6 
6.3 0.27 0.49 1.2 0.063 35 92 0.9911 3.38 0.42 12.2 6 
6.2 0.235 0.34 1.9 0.036 4 117 0.99032 3.4 0.44 12.2 5 
6.8 0.23 0.29 15.4 0.073 56 173 0.9984 3.06 0.41 8.7 6 
7.2 0.34 0.44 4.2 0.047 51 144 0.991 3.01 0.76 12.3 6 
6.4 0.22 0.56 14.5 0.055 27 159 0.998 2.98 0.4 9.1 5 
7.4 0.18 0.34 2.7 0.03 30 107 0.992 2.97 0.53 11 6 
7.1 0.29 0.34 7.8 0.036 49 128 0.99397 3.21 0.4 10.7 6 
6.3 0.35 0.3 5.7 0.035 8 97 0.9927 3.27 0.41 11 7 
6.2 0.25 0.31 3.2 0.03 32 150 0.99014 3.18 0.31 12 6 
7.1 0.27 0.27 10.4 0.041 26 114 0.99335 3.04 0.52 11.5 7 
7 0.25 0.45 2.3 0.045 40 118 0.99064 3.16 0.48 11.9 7 
5.7 0.45 0.42 1.1 0.051 61 197 0.9932 3.02 0.4 9 5 
6 0.24 0.32 6.3 0.03 34 129 0.9946 3.52 0.41 10.4 5 
5.1 0.23 0.18 1 0.053 13 99 0.98956 3.22 0.39 11.5 5 
6.8 0.18 0.28 9.8 0.039 29 113 0.99406 3.11 0.45 10.9 7 
7.6 0.24 0.44 3.8 0.037 49 146 0.9911 3.06 0.37 11.6 6 
6.8 0.14 0.18 1.4 0.047 30 90 0.99164 3.27 0.54 11.2 6 
7.2 0.24 0.36 2 0.029 21 63 0.99076 3.13 0.63 12.5 6 
5.8 0.32 0.38 4.75 0.033 23 94 0.991 3.42 0.42 11.8 7 
6.9 0.24 0.33 1.7 0.035 47 136 0.99 3.26 0.4 12.6 7 
6.7 0.24 0.41 9.4 0.04 49 166 0.9954 3.12 0.61 9.9 6 
7.2 0.615 0.1 1.4 0.068 25 154 0.99499 3.2 0.48 9.7 4 
6.6 0.16 0.3 1.6 0.034 15 78 0.992 3.38 0.44 11.2 6 
8.7 0.22 0.42 2.3 0.053 27 114 0.994 2.99 0.43 10 5 
6.7 0.19 0.36 1.1 0.026 63 143 0.9912 3.27 0.48 11 6 
6.6 0.35 0.34 4.9 0.032 9 125 0.99253 3.32 0.81 12 5 
7.9 0.17 0.32 1.6 0.053 47 150 0.9948 3.29 0.76 9.6 6 
8.1 0.27 0.33 1.3 0.045 26 100 0.99066 2.98 0.44 12.4 6 
5.7 0.22 0.25 1.1 0.05 97 175 0.99099 3.44 0.62 11.1 6 
7.6 0.18 0.28 7.1 0.041 29 110 0.99652 3.2 0.42 9.2 6 
6.8 0.28 0.35 2.3 0.042 16 85 0.9906 3.19 0.56 12.4 6 
6.7 0.27 0.3 13.9 0.029 34 131 0.9953 3.36 0.5 12 7 
7.7 0.26 0.34 6.4 0.05 36 163 0.9937 3.19 0.7 11.5 6 
5.8 0.19 0.33 4.2 0.038 49 133 0.99107 3.16 0.42 11.3 7 
7.6 0.23 0.34 1.6 0.043 24 129 0.99305 3.12 0.7 10.4 5 
7.5 0.23 0.68 11 0.047 37 133 0.9978 2.99 0.38 8.8 5 
7.4 0.33 0.26 2.6 0.04 29 115 0.9913 3.07 0.52 11.8 7 
7.8 0.49 0.49 7 0.043 29 149 0.9952 3.21 0.33 10 5 
5.9 0.35 0.47 2.2 0.11 14 138 0.9932 3.09 0.5 9.1 5 
8.3 0.4 0.41 8.2 0.05 15 122 0.9979 3.39 0.49 9.3 5 
10.2 0.44 0.88 6.2 0.049 20 124 0.9968 2.99 0.51 9.9 4 
6 0.27 0.26 1.3 0.038 32 138 0.99125 3.46 0.43 11.1 6 
7.2 0.25 0.32 1.5 0.047 27 132 0.9933 3.26 0.44 10.5 5 
6.5 0.51 0.25 1.7 0.048 39 177 0.99212 3.28 0.57 10.6 5 
6.6 0.34 0.4 8.1 0.046 68 170 0.99494 3.15 0.5 9.55 6 
6.7 0.54 0.28 5.4 0.06 21 105 0.9949 3.27 0.37 9 5 
7.9 0.21 0.39 2 0.057 21 138 0.99176 3.05 0.52 10.9 5 
8.1 0.3 0.49 8.1 0.037 26 174 0.9943 3.1 0.3 11.2 7 
7.7 0.16 0.36 5.9 0.054 25 148 0.99578 3.25 0.54 10.2 6 
8.1 0.31 0.24 1.6 0.032 10 67 0.9924 3.08 0.47 10.5 5 
7.6 0.19 0.37 13.1 0.033 52 151 0.99726 3.18 0.79 10.4 6 
6.3 0.19 0.21 1.8 0.049 35 163 0.9924 3.31 0.5 10.3 6 
6.2 0.15 0.46 1.6 0.039 38 123 0.993 3.38 0.51 9.7 6 
7.4 0.35 0.31 17.95 0.062 42 187 1.0002 3.27 0.64 9.1 5 
7 0.39 0.21 10.7 0.098 13 91 0.99657 3.03 0.47 9.3 5 
5.3 0.58 0.07 6.9 0.043 34 149 0.9944 3.34 0.57 9.7 5 
7 0.23 0.26 7.2 0.041 21 90 0.99509 3.22 0.55 9.5 6 
6.6 0.36 0.52 10.1 0.05 29 140 0.99628 3.07 0.4 9.4 5 
6.4 0.23 0.35 4.6 0.039 43 147 0.99216 3.18 0.4 11 7 
7.7 0.18 0.3 1.2 0.046 49 199 0.99413 3.03 0.38 9.3 5 
5.1 0.31 0.3 0.9 0.037 28 152 0.992 3.54 0.56 10.1 6 
6.7 0.34 0.26 1.9 0.038 58 138 0.9893 3 0.47 12.2 7 
6.2 0.27 0.32 6.3 0.048 47 159 0.99282 3.21 0.6 11 6 
6.6 0.34 0.24 3.3 0.034 29 99 0.99031 3.1 0.4 12.3 7 
6.6 0.21 0.36 0.8 0.034 48 113 0.99165 3.24 0.68 10.5 6 
7.1 0.21 0.27 8.6 0.056 26 111 0.9956 2.95 0.52 9.5 5 
7.2 0.19 0.31 6.3 0.034 17 103 0.99305 3.15 0.52 11.4 7 
6.4 0.21 0.21 5.1 0.097 21 105 0.9939 3.07 0.46 9.6 5 
6.7 0.61 0.21 1.65 0.117 40 240 0.9938 3.11 0.57 9.3 5 
7.4 0.19 0.3 12.8 0.053 48.5 229 0.9986 3.14 0.49 9.1 7 
5.7 0.25 0.32 12.2 0.041 43 127 0.99524 3.23 0.53 10.4 7 
7.5 0.33 0.38 8.7 0.126 49 199 0.99711 2.98 0.57 9.4 5 
5.8 0.32 0.28 4.3 0.032 46 115 0.98946 3.16 0.57 13 8 
7.1 0.2 0.37 1.5 0.049 28 129 0.99226 3.15 0.52 10.8 5 
6.9 0.44 0.18 11.8 0.051 26 126 0.9975 3.23 0.48 9.1 5 
6.9 0.38 0.29 13.65 0.048 52 189 0.99784 3 0.6 9.5 6 
7.8 0.2 0.28 10.2 0.054 78 186 0.997 3.14 0.46 10 6 
6.4 0.24 0.49 5.8 0.053 25 120 0.9942 3.01 0.98 10.5 6 
6.7 0.31 0.34 6.8 0.059 51 215 0.99538 3.33 0.56 10.3 5 
7.2 0.24 0.4 17.85 0.049 50 185 1 3.34 0.42 9.6 5 
6.3 0.15 0.3 1.4 0.022 38 100 0.99099 3.42 0.57 11.4 7 
6.1 0.26 0.25 2.9 0.047 289 440 0.99314 3.44 0.64 10.5 3 
7.3 0.21 0.33 1 0.037 66 144 0.9923 3.11 0.52 10.2 6 
5.8 0.13 0.22 12.7 0.058 24 183 0.9956 3.32 0.42 11.7 6 
7.4 0.18 0.4 1.6 0.047 22 102 0.9937 3.28 0.44 10.7 5 
8.5 0.25 0.27 4.7 0.031 31 92 0.9922 3.01 0.33 12 6 
6.5 0.22 0.25 17.1 0.05 44 138 1.0001 3.3 0.37 8.8 5 
8 0.27 0.57 10.4 0.053 18 134 0.99732 3.12 0.68 9 5 
6.4 0.27 0.32 4.5 0.24 61 174 0.9948 3.12 0.48 9.4 5 
7 0.22 0.26 1.1 0.037 20 71 0.9902 3.1 0.38 11.7 6 
7.4 0.21 0.3 8.1 0.047 13 114 0.9941 3.12 0.35 10.5 6 
7.1 0.13 0.4 1.2 0.047 54 134 0.9932 3.3 0.97 9.8 7 
5.9 0.24 0.34 2 0.037 40 108 0.98948 3.19 0.5 12.3 6 
5.2 0.185 0.22 1 0.03 47 123 0.99218 3.55 0.44 10.15 6 
7.6 0.31 0.49 13.4 0.062 50 191 0.9989 3.22 0.53 9 4 
6.8 0.37 0.47 11.2 0.071 44 136 0.9968 2.98 0.88 9.2 5 
6.2 0.36 0.14 8.9 0.036 38 155 0.99622 3.27 0.5 9.4 5 
6.7 0.16 0.49 2.4 0.046 57 187 0.9952 3.62 0.81 10.4 6 
8.4 0.31 0.31 0.95 0.021 52 148 0.99038 2.93 0.32 11.5 5 
8.5 0.17 0.49 8.8 0.048 23 108 0.9947 2.88 0.34 10.5 4 
6.3 0.2 0.26 12.7 0.046 60 143 0.99526 3.26 0.35 10.8 6 
6.3 0.37 0.28 6.3 0.034 45 152 0.9921 3.29 0.46 11.6 7 
5.9 0.415 0.13 1.4 0.04 11 64 0.9922 3.29 0.52 10.5 5 
6.3 0.24 0.55 8.1 0.04 67 216 0.99596 3.24 0.5 9.2 5 
6.5 0.28 0.27 5.2 0.04 44 179 0.9948 3.19 0.69 9.4 6 
6.9 0.4 0.17 12.9 0.033 59 186 0.99754 3.08 0.49 9.4 5 
6.7 0.27 0.33 3.6 0.034 9 45 0.99144 3.08 0.4 10.5 6 
6.3 0.25 0.44 11.6 0.041 48 195 0.9968 3.18 0.52 9.5 5 
6.2 0.25 0.54 7 0.046 58 176 0.99454 3.19 0.7 10.4 5 
6.4 0.125 0.29 5.85 0.042 24 99 0.992 3.23 0.32 12 7 
5.7 0.22 0.22 16.65 0.044 39 110 0.99855 3.24 0.48 9 6 
6.9 0.4 0.17 12.9 0.033 59 186 0.99754 3.08 0.49 9.4 5 
6.4 0.29 0.18 15 0.04 21 116 0.99736 3.14 0.5 9.2 5 
7.7 0.28 0.33 6.7 0.037 32 155 0.9951 3.39 0.62 10.7 7 
8.4 0.2 0.38 11.8 0.055 51 170 1.0004 3.34 0.82 8.9 6 
5.7 0.24 0.47 6.3 0.069 35 182 0.99391 3.11 0.46 9.75 5 
6.2 0.21 0.24 1.2 0.051 31 95 0.99036 3.24 0.57 11.3 6 
6.6 0.24 0.22 12.3 0.051 35 146 0.99676 3.1 0.67 9.4 5 
6.1 0.22 0.49 1.5 0.051 18 87 0.9928 3.3 0.46 9.6 5 
6.2 0.45 0.73 7.2 0.099 47 202 0.99582 3.21 0.43 9.2 5 
6.9 0.19 0.6 4 0.037 6 122 0.99255 2.92 0.59 10.4 4 
5.7 0.44 0.13 7 0.025 28 173 0.9913 3.33 0.48 12.5 6 
9.2 0.15 0.68 1.6 0.046 22 130 0.9948 3.02 0.45 10.4 6 
7.5 0.21 0.34 1.2 0.06 26 111 0.9931 3.51 0.47 10.7 6 
6 0.28 0.27 15.5 0.036 31 134 0.99408 3.19 0.44 13 7 
5.9 0.21 0.23 7.9 0.033 22 130 0.9944 3.38 0.59 10.9 6 
6.3 0.29 0.29 3.3 0.037 32 140 0.9895 3.17 0.36 12.8 7 
6.9 0.33 0.31 4.2 0.04 21 93 0.9896 3.18 0.48 13.4 7 
6.2 0.27 0.26 12.1 0.046 43 127 0.9951 3.16 0.37 10.8 6 
8.1 0.2 0.49 11.8 0.048 46 212 0.9968 3.09 0.46 10 7 
6 0.29 0.27 2.3 0.044 20 117 0.9895 3.31 0.41 12.7 7 
7.4 0.24 0.31 8.4 0.045 52 183 0.9963 3.09 0.32 8.8 5 
7.4 0.32 0.27 1.4 0.049 38 173 0.99335 3.03 0.52 9.3 5 
6.9 0.32 0.26 8.3 0.053 32 180 0.9965 3.25 0.51 9.2 6 
6.2 0.22 0.3 12.4 0.054 108 152 0.99728 3.1 0.47 9.5 6 
6.9 0.25 0.34 1.3 0.035 27 82 0.99045 3.18 0.44 12.2 6 
6.8 0.26 0.24 7.8 0.052 54 214 0.9961 3.13 0.47 8.9 5 
6.7 0.34 0.54 16.3 0.047 44 181 0.9987 3.04 0.56 8.8 5 
6.4 0.23 0.35 10.3 0.042 54 140 0.9967 3.23 0.47 9.2 5 
7.1 0.33 0.64 13.2 0.056 12 105 0.9972 3.05 0.39 9.2 5 
7 0.25 0.29 15.2 0.047 40 171 0.9982 3.22 0.45 9.3 5 
8.6 0.18 0.4 1.1 0.04 20 107 0.9923 2.94 0.32 10.2 7 
7.1 0.32 0.3 9.9 0.041 63 192 0.99642 3.12 0.49 10.2 6 
7.3 0.26 0.33 17.85 0.049 41.5 195 1 3.06 0.44 9.1 7 
7 0.15 0.28 14.7 0.051 29 149 0.99792 2.96 0.39 9 7 
7.1 0.17 0.4 14.55 0.047 47 156 0.99945 3.34 0.78 9.1 6 
6.8 0.27 0.28 13.3 0.076 50 163 0.9979 3.03 0.38 8.6 6 
7.3 0.17 0.36 8.2 0.028 44 111 0.99272 3.14 0.41 12.4 6 
7.6 0.18 0.49 18.05 0.046 36 158 0.9996 3.06 0.41 9.2 5 
6.7 0.34 0.4 2.1 0.033 34 111 0.98924 2.97 0.48 12.2 7 
6.5 0.25 0.27 17.4 0.064 29 140 0.99776 3.2 0.49 10.1 6 
6 0.2 0.32 3 0.031 26 118 0.99134 3.38 0.68 11.2 7 
7.2 0.16 0.29 1 0.031 40 123 0.98958 3.12 0.4 12.1 7 
5.7 0.36 0.34 4.2 0.026 21 77 0.9907 3.41 0.45 11.9 6 
7.4 0.22 0.33 2 0.045 31 101 0.9931 3.42 0.55 11.4 5 
7.2 0.47 0.16 5.9 0.048 14 125 0.99428 3.09 0.49 9.8 5 
5.7 0.22 0.2 16 0.044 41 113 0.99862 3.22 0.46 8.9 6 
6.3 0.19 0.32 2.8 0.046 18 80 0.99043 2.92 0.47 11.05 6 
7.2 0.27 0.28 15.2 0.046 6 41 0.99665 3.17 0.39 10.9 6 
6.8 0.18 0.37 1.6 0.055 47 154 0.9934 3.08 0.45 9.1 5 
7.1 0.09 0.3 6.2 0.032 24 134 0.993 2.99 0.39 10.9 6 
5.7 0.25 0.26 12.5 0.049 52.5 106 0.99691 3.08 0.45 9.4 6 
6.6 0.18 0.26 17.3 0.051 17 149 0.9984 3 0.43 9.4 6 
6.7 0.16 0.32 12.5 0.035 18 156 0.99666 2.88 0.36 9 6 
6.6 0.19 0.43 10.9 0.045 53 154 0.99752 3.52 0.77 10.4 6 
6.5 0.43 0.28 11.25 0.032 31 87 0.9922 3.02 0.38 12.4 6 
6.4 0.25 0.32 11.3 0.038 69 192 0.99573 3.14 0.5 10.2 6 
6.8 0.28 0.17 13.9 0.047 49 162 0.9983 3.21 0.51 9 6 
8 0.74 0.21 4 0.05 24 133 0.99418 3.06 0.38 9.7 5 
8.9 0.3 0.35 4.6 0.032 32 148 0.99458 3.15 0.45 11.5 7 
6.6 0.5 0.26 11.3 0.029 32 110 0.99302 3.27 0.78 12.9 8 
7.7 0.27 0.35 5.3 0.03 30 117 0.992 3.11 0.42 12.2 6 
7.6 0.32 0.34 18.35 0.054 44 197 1.0008 3.22 0.55 9 5 
7.8 0.23 0.28 4.75 0.042 45 166 0.9928 2.96 0.4 11.5 5 
7.3 0.25 0.41 1.8 0.037 52 165 0.9911 3.29 0.39 12.2 7 
7.9 0.29 0.31 7.35 0.034 37 154 0.9938 3.06 0.31 10.8 5 
5.5 0.17 0.23 2.9 0.039 10 108 0.99243 3.28 0.5 10 5 
6 0.28 0.49 6.8 0.048 61 222 0.9953 3.19 0.47 9.3 5 
7.5 0.29 0.31 8.95 0.055 20 151 0.9968 3.08 0.54 9.3 5 
7 0.24 0.36 4.9 0.083 10 133 0.9942 3.33 0.37 10.8 6 
7 0.23 0.42 1.1 0.062 35 100 0.99318 3.04 0.4 9.2 5 
6.3 0.33 0.42 17.2 0.037 57 170 0.99884 3.26 0.57 9.4 6 
6.8 0.32 0.3 3.3 0.029 15 80 0.99061 3.33 0.63 12.6 7 
6 0.28 0.27 15.5 0.036 31 134 0.99408 3.19 0.44 13 7 
8 0.4 0.33 7.7 0.034 27 98 0.9935 3.18 0.41 12.2 7 
8.2 0.27 0.43 1.6 0.035 31 128 0.9916 3.1 0.5 12.3 6 
6.9 0.23 0.38 8.3 0.047 47 162 0.9954 3.34 0.52 10.5 7 
7 0.28 0.32 1.7 0.038 27 128 0.99375 3.2 0.62 10.2 6 
6.6 0.19 0.33 1.8 0.035 42 148 0.99196 3.15 0.36 10.2 5 
6.8 0.32 0.33 0.7 0.027 15 66 0.9899 3.11 0.31 11.8 6 
7.2 0.23 0.39 14.2 0.058 49 192 0.9979 2.98 0.48 9 7 
7.3 0.21 0.49 1.8 0.038 44 152 0.9912 3.32 0.44 12.6 7 
6.8 0.705 0.25 3.2 0.048 10 57 0.996 3.36 0.52 9.5 4 
6.9 0.4 0.43 6.2 0.065 42 178 0.99552 3.11 0.53 9.4 5 
6.6 0.22 0.37 1.6 0.04 31 101 0.99009 3.15 0.66 12 5 
7.4 0.16 0.3 13.7 0.056 33 168 0.99825 2.9 0.44 8.7 7 
6.4 0.37 0.49 13.3 0.045 53 243 0.9982 3.14 0.48 8.5 6 
7.5 0.2 0.47 16.9 0.052 51 188 0.99944 3.09 0.62 9.3 5 
6.4 0.24 0.27 1.5 0.04 35 105 0.98914 3.13 0.3 12.4 6 
5.3 0.76 0.03 2.7 0.043 27 93 0.9932 3.34 0.38 9.2 5 
7.7 0.43 0.28 4.5 0.046 33 102 0.9918 3.16 0.56 12.2 7 
7.2 0.13 0.46 1.3 0.044 48 111 0.99127 2.97 0.45 11.1 5 
6.9 0.32 0.17 7.6 0.042 69 219 0.9959 3.13 0.4 8.9 5 
6.3 0.24 0.29 13.7 0.035 53 134 0.99567 3.17 0.38 10.6 6 
7.7 0.32 0.62 10.6 0.036 56 153 0.9978 3.13 0.44 8.9 6 
6.9 0.24 0.4 15.4 0.052 81 198 0.9986 3.2 0.69 9.4 5 
8.3 0.2 0.49 1.7 0.04 34 169 0.9938 3.05 0.37 10.1 5 
7.3 0.33 0.4 6.85 0.038 32 138 0.992 3.03 0.3 11.9 7 
6.6 0.41 0.27 10.7 0.11 20 103 0.99672 3.08 0.41 9 6 
6.4 0.26 0.24 6.4 0.04 27 124 0.9903 3.22 0.49 12.6 7 
6.3 0.24 0.29 1.6 0.052 48 185 0.9934 3.21 0.5 9.4 5 
7.4 0.25 0.36 2.05 0.05 31 100 0.992 3.19 0.44 10.8 6 
6.9 0.41 0.22 4.2 0.031 10 102 0.993 3 0.86 11.6 4 
6.5 0.22 0.28 3.7 0.059 29 151 0.99177 3.23 0.41 12.1 7 
7.3 0.22 0.5 13.7 0.049 56 189 0.9994 3.24 0.66 9 6 
5.8 0.38 0.26 1.1 0.058 20 140 0.99271 3.27 0.43 9.7 6 
8.4 0.18 0.42 5.1 0.036 7 77 0.9939 3.16 0.52 11.7 5 
5.9 0.44 0.33 1.2 0.049 12 117 0.99134 3.46 0.44 11.5 5 
6.4 0.17 0.32 2.4 0.048 41 200 0.9938 3.5 0.5 9.7 6 
6.9 0.15 0.28 4.4 0.029 14 107 0.99347 3.24 0.46 10.4 8 
6.6 0.26 0.28 9.4 0.028 13 121 0.99254 3.17 0.34 12.1 6 
7.3 0.24 0.41 13.6 0.05 41 178 0.9988 3.37 0.43 9.7 5 
6.1 0.25 0.18 10.5 0.049 41 124 0.9963 3.14 0.35 10.5 5 
6.6 0.22 0.35 1.4 0.05 23 83 0.99019 3.17 0.48 12 7 
6.7 0.3 0.44 18.75 0.057 65 224 0.99956 3.11 0.53 9.1 5 
6.8 0.18 0.35 5.4 0.054 53 143 0.99287 3.1 0.54 11 7 
6.5 0.24 0.24 1.6 0.046 15 60 0.9928 3.19 0.39 9.8 5 
6.5 0.27 0.19 6.6 0.045 98 175 0.99364 3.16 0.34 10.1 6 
7 0.45 0.34 19.8 0.04 12 67 0.9976 3.07 0.38 11 6 
7.7 0.18 0.53 1.2 0.041 42 167 0.9908 3.11 0.44 11.9 5 
6 0.27 0.3 14.7 0.044 15 144 0.99666 3.12 0.53 10.3 6 
6.5 0.28 0.29 2.7 0.038 26 107 0.9912 3.32 0.41 11.6 7 
6.6 0.29 0.29 1.8 0.036 38 102 0.98819 3.08 0.42 13.7 7 
6.9 0.38 0.29 13.65 0.048 52 189 0.99784 3 0.6 9.5 6 
8.2 0.22 0.36 6.8 0.034 12 90 0.9944 3.01 0.38 10.5 8 
6.4 0.24 0.25 20.2 0.083 35 157 0.99976 3.17 0.5 9.1 5 
8.3 0.22 0.38 14.8 0.054 32 126 1.0002 3.22 0.5 9.7 5 
6.6 0.26 0.27 1.5 0.04 19 114 0.99295 3.36 0.62 10.5 6 
7.5 0.19 0.49 1.6 0.047 42 140 0.9932 3.4 0.47 10.7 6 
7.3 0.815 0.09 11.4 0.044 45 204 0.99713 3.15 0.46 9 5 
7 0.29 0.54 10.7 0.046 59 234 0.9966 3.05 0.61 9.5 5 
6.6 0.27 0.33 1.4 0.042 24 183 0.99215 3.29 0.46 10.7 5 
6.1 0.36 0.58 15 0.044 42 115 0.9978 3.15 0.51 9 5 
6.8 0.38 0.29 9.9 0.037 40 146 0.99326 3.11 0.37 11.5 6 
6.7 0.42 0.46 9.7 0.054 67 234 0.99848 3.23 0.5 9 5 
6.4 0.27 0.49 7.3 0.046 53 206 0.9956 3.24 0.43 9.2 6 
7.2 0.4 0.49 1.1 0.048 11 138 0.9929 3.01 0.42 9.3 5 
7 0.32 0.29 4.9 0.036 41 150 0.99168 3.38 0.43 12.2 6 
8.2 0.28 0.42 1.8 0.031 30 93 0.9917 3.09 0.39 11.4 5 
6.2 0.44 0.18 7.7 0.096 28 210 0.99771 3.56 0.72 9.2 5 
5 0.61 0.12 1.3 0.009 65 100 0.9874 3.26 0.37 13.5 5 
6.7 0.24 0.36 8.4 0.042 42 123 0.99473 3.34 0.52 10.9 6 
7.1 0.35 0.24 15.4 0.055 46 198 0.9988 3.12 0.49 8.8 5 
7.1 0.32 0.34 14.5 0.039 46 150 0.995 3.38 0.5 12.5 8 
7.1 0.21 0.37 2.4 0.026 23 100 0.9903 3.15 0.38 11.4 7 
7.4 0.26 0.32 3.7 0.032 29 193 0.99134 3.1 0.67 12.5 6 
6.7 0.26 0.29 7.1 0.036 28 100 0.99534 3.08 0.36 9.3 6 
6.8 0.24 0.34 5.1 0.038 31 99 0.9921 3.24 0.46 11.8 6 
7.6 0.27 0.24 3.8 0.058 19 115 0.9958 3.15 0.45 8.9 5 
6.3 0.25 0.27 6.6 0.054 40 158 0.99378 3.2 0.48 10.3 5 
5.9 0.12 0.28 1.4 0.037 36 83 0.99074 3.33 0.42 10.9 7 
6 0.67 0.07 1.2 0.06 9 108 0.9931 3.11 0.35 8.7 4 
6.5 0.35 0.28 12.4 0.051 86 213 0.9962 3.16 0.51 9.9 6 
8.1 0.2 0.28 0.9 0.023 49 87 0.99062 2.92 0.36 11.1 6 
5.9 0.34 0.31 2 0.03 38 142 0.98892 3.4 0.41 12.9 7 
6.7 0.15 0.29 5 0.058 28 105 0.9946 3.52 0.44 10.2 7 
6.5 0.39 0.23 5.4 0.051 25 149 0.9934 3.24 0.35 10 5 
7 0.17 0.31 4.8 0.034 34 132 0.9944 3.36 0.48 9.6 7 
6.9 0.3 0.29 1.3 0.053 24 189 0.99362 3.29 0.54 9.9 4 
6.2 0.28 0.45 7.5 0.045 46 203 0.99573 3.26 0.46 9.2 6 
8.3 0.2 0.35 0.9 0.05 12 74 0.992 3.13 0.38 10.5 6 
6.6 0.16 0.21 6.7 0.055 43 157 0.99384 3.15 0.52 10.8 6 
7.9 0.18 0.49 5.2 0.051 36 157 0.9953 3.18 0.48 10.6 6 
6.3 0.23 0.33 1.5 0.036 15 105 0.991 3.32 0.42 11.2 6 
7.5 0.38 0.29 4.9 0.021 38 113 0.99026 3.08 0.48 13 7 
6.6 0.37 0.47 6.5 0.061 23 150 0.9954 3.14 0.45 9.6 6 
8.4 0.2 0.31 2.8 0.054 16 89 0.99416 2.96 0.45 9.5 6 
8.2 0.23 0.4 7.5 0.049 12 76 0.9966 3.06 0.84 9.7 6 
8.4 0.28 0.4 8.9 0.048 33 146 0.9988 3.4 0.46 9.3 5 
6.3 0.6 0.44 11 0.05 50 245 0.9972 3.19 0.57 9.3 4 
7.4 0.21 0.8 12.3 0.038 77 183 0.99778 2.95 0.48 9 5 
5.6 0.26 0.27 10.6 0.03 27 119 0.9947 3.4 0.34 10.7 7 
7.6 0.25 0.34 1.3 0.056 34 176 0.99434 3.1 0.51 9.5 5 
6.2 0.26 0.29 2 0.036 16 87 0.99081 3.33 0.61 11.8 6 
6.8 0.26 0.33 1.5 0.047 44 167 0.9928 3.12 0.44 10.5 6 
7.6 0.21 0.49 2.5 0.047 20 130 0.99178 3.15 0.48 11.1 5 
6.9 0.45 0.27 4.7 0.035 17 80 0.99058 3.12 0.36 12.5 7 
7 0.14 0.49 5.9 0.053 22 118 0.9954 3.36 0.36 9.4 6 
5 0.24 0.21 2.2 0.039 31 100 0.99098 3.69 0.62 11.7 6 
7.4 0.45 0.32 7.1 0.044 17 117 0.9962 3.32 0.41 10.4 4 
6.4 0.35 0.35 5.6 0.034 9 148 0.99441 3.17 0.5 9.8 4 
7.3 0.2 0.29 19.5 0.039 69 237 1.00037 3.1 0.48 9.2 6 
8 0.24 0.33 1.2 0.044 28 101 0.99035 3.03 0.43 12.5 6 
8.2 0.38 0.49 13.6 0.042 58 166 0.99855 3.1 0.54 9.4 5 
7.4 0.33 0.26 15.6 0.049 67 210 0.99907 3.06 0.68 9.5 5 
6.2 0.46 0.25 4.4 0.066 62 207 0.9939 3.25 0.52 9.8 5 
6.7 0.19 0.23 6.2 0.047 36 117 0.9945 3.34 0.43 9.6 6 
5.9 0.3 0.47 7.85 0.03 19 133 0.9933 3.52 0.43 11.5 7 
8 0.2 0.44 1 0.057 24 111 0.99158 3.09 0.32 11.2 6 
6.2 0.21 0.52 6.5 0.047 28 123 0.99418 3.22 0.49 9.9 6 
8 0.22 0.32 10.4 0.043 63 201 0.997 3.11 0.53 9.5 6 
6.8 0.3 0.27 11.6 0.028 22 97 0.99314 2.96 0.38 11.7 6 
7.2 0.08 0.49 1.3 0.05 18 148 0.9945 3.46 0.44 10.2 6 
6.8 0.2 0.59 0.9 0.147 38 132 0.993 3.05 0.38 9.1 6 
7.3 0.13 0.31 2.3 0.054 22 104 0.9924 3.24 0.92 11.5 7 
6.5 0.29 0.52 7.9 0.049 35 192 0.99551 3.16 0.51 9.5 6 
6.6 0.35 0.19 10.5 0.06 15 82 0.99588 3.13 0.38 9.9 4 
8.2 0.61 0.45 5.4 0.03 15 118 0.9954 3.14 0.34 9.6 5 
6.6 0.25 0.36 8.1 0.045 54 180 0.9958 3.08 0.42 9.2 5 
6.6 0.36 0.52 11.3 0.046 8 110 0.9966 3.07 0.46 9.4 5 
9 0.245 0.38 5.9 0.045 52 159 0.995 2.93 0.35 10.2 6 
6.9 0.19 0.33 1.6 0.039 27 98 0.9898 3.09 0.46 12.3 7 
6.4 0.38 0.24 7.2 0.047 41 151 0.99604 3.11 0.6 9.2 5 
7.3 0.18 0.29 1 0.036 26 101 0.99 3.09 0.37 11.7 6 
8.5 0.3 0.28 3.1 0.054 54 174 0.99543 3.21 0.43 9.4 6 
6.2 0.33 0.29 1.3 0.042 26 138 0.9956 3.77 0.64 9.5 5 
7.4 0.41 0.66 10.8 0.051 77 194 0.9976 3.05 0.46 8.7 5 
7 0.13 0.37 12.85 0.042 36 105 0.99581 3.05 0.55 10.7 6 
8.5 0.17 0.74 3.6 0.05 29 128 0.9928 3.28 0.4 12.4 6 
6.4 0.37 0.2 5.6 0.117 61 183 0.99459 3.24 0.43 9.5 5 
7 0.14 0.32 9 0.039 54 141 0.9956 3.22 0.43 9.4 6 
6.7 0.15 0.38 1.7 0.037 20 84 0.99046 3.09 0.53 11.4 6 
6.8 0.33 0.31 7.4 0.045 34 143 0.99226 3.06 0.55 12.2 6 
7.7 0.39 0.3 5.2 0.037 29 131 0.9943 3.38 0.44 11 6 
9.4 0.24 0.29 8.5 0.037 124 208 0.99395 2.9 0.38 11 3 
9 0.3 0.49 7.2 0.039 32 84 0.9938 2.94 0.32 11.5 6 
4.4 0.32 0.39 4.3 0.03 31 127 0.98904 3.46 0.36 12.8 8 
7.2 0.23 0.19 13.7 0.052 47 197 0.99865 3.12 0.53 9 5 
6.9 0.615 0.42 12 0.067 24 131 0.99727 3.19 0.34 9.3 5 
7.6 0.21 0.44 1.9 0.036 10 119 0.9913 3.01 0.7 12.8 6 
6.4 0.16 0.37 1.5 0.037 27 109 0.99345 3.38 0.5 9.8 6 
7.3 0.22 0.4 14.75 0.042 44.5 129.5 0.9998 3.36 0.41 9.1 7 
6.7 0.46 0.18 2.4 0.034 25 98 0.9896 3.08 0.44 12.6 7 
6.7 0.11 0.34 8.8 0.043 41 113 0.9962 3.42 0.4 9.3 7 
6.6 0.18 0.35 1.5 0.049 49 141 0.9934 3.43 0.85 10.2 7 
6.3 0.28 0.3 6.6 0.208 60 154 0.99478 3.1 0.4 9.4 6 
6.2 0.35 0.29 3.9 0.041 22 79 0.99005 3.1 0.59 12.0666666666667 6 
6.3 0.13 0.42 1.1 0.043 63 146 0.99066 3.13 0.72 11.2 7 
7 0.15 0.28 14.7 0.051 29 149 0.99792 2.96 0.39 9 7 
6.1 0.3 0.3 2.1 0.031 50 163 0.9895 3.39 0.43 12.7 7 
5.7 0.24 0.3 1.3 0.03 25 98 0.98968 3.37 0.43 12.4 7 
5.9 0.445 0.26 1.4 0.027 23 109 0.99148 3.3 0.36 10.5 6 
6.6 0.31 0.37 6.2 0.052 13 164 0.99602 3.24 0.39 8.8 4 
6.7 0.23 0.39 2.5 0.172 63 158 0.9937 3.11 0.36 9.4 6 
6.4 0.24 0.31 2.8 0.038 41 114 0.99155 3.37 0.66 11.7 7 
6.9 0.38 0.25 9.8 0.04 28 191 0.9971 3.28 0.61 9.2 5 
6.5 0.27 0.26 11 0.03 2 82 0.99402 3.07 0.36 11.2 5 
6.3 0.2 0.18 10.6 0.045 57 159 0.99666 3.09 0.54 9.2 5 
6.4 0.44 0.26 2 0.054 20 180 0.9952 3.58 0.57 10 5 
7.2 0.22 0.24 1.4 0.041 17 159 0.99196 3.25 0.53 11.2 6 
5.8 0.29 0.21 2.6 0.025 12 120 0.9894 3.39 0.79 14 7 
6.9 0.4 0.3 10.6 0.033 24 87 0.99265 3.15 0.45 12.8 6 
7.6 0.31 0.29 10.5 0.04 21 145 0.9966 3.04 0.35 9.4 5 
7.2 0.21 0.29 3.1 0.044 39 122 0.99143 3 0.6 11.3 6 
5.8 0.26 0.29 1 0.042 35 101 0.99044 3.36 0.48 11.4 7 
6 0.28 0.24 17.8 0.047 42 111 0.99896 3.1 0.45 8.9 6 
7.1 0.44 0.62 11.8 0.044 52 152 0.9975 3.12 0.46 8.7 6 
7 0.22 0.39 2.1 0.055 39 198 0.9951 3.52 0.54 10.2 6 
7.1 0.44 0.27 8.4 0.057 60 160 0.99257 3.16 0.36 11.8 6 
6 0.27 0.28 4.8 0.063 31 201 0.9964 3.69 0.71 10 5 
5.6 0.18 0.58 1.25 0.034 29 129 0.98984 3.51 0.6 12 7 
6.7 0.21 0.32 5.4 0.047 29 140 0.995 3.39 0.46 9.7 6 
6.3 0.33 0.2 5.8 0.04 24 144 0.99425 3.15 0.63 9.9 5 
5.6 0.39 0.24 4.7 0.034 27 77 0.9906 3.28 0.36 12.7 5 
7.2 0.39 0.54 1.4 0.157 34 132 0.99449 3.11 0.53 9 6 
5.7 0.21 0.24 2.3 0.047 60 189 0.995 3.65 0.72 10.1 6 
7.6 0.19 0.37 13.1 0.033 52 151 0.99726 3.18 0.79 10.4 6 
6.6 0.34 0.34 2.6 0.051 40.5 210 0.99314 3.15 0.61 10 5 
6.5 0.28 0.35 9.8 0.067 61 180 0.9972 3.15 0.57 9 4 
6.7 0.35 0.32 9 0.032 29 113 0.99188 3.13 0.65 12.9 7 
7.3 0.22 0.37 14.3 0.063 48 191 0.9978 2.89 0.38 9 6 
7.1 0.4 0.52 1.3 0.148 45 149 0.99468 3.08 0.56 8.7 5 
7.8 0.16 0.41 1.7 0.026 29 140 0.991 3.02 0.78 12.5 6 
6.3 0.2 0.26 4.7 0.04 108 168 0.99278 3.07 0.75 10.7 7 
5.6 0.34 0.1 1.3 0.031 20 68 0.9906 3.36 0.51 11.2 7 
7.7 0.44 0.24 11.2 0.031 41 167 0.9948 3.12 0.43 11.3 7 
6.3 0.25 0.53 1.8 0.021 41 101 0.989315 3.19 0.31 13 6 
7.9 0.18 0.33 1.2 0.033 20 72 0.9922 3.12 0.38 10.5 7 
4.9 0.345 0.34 1 0.068 32 143 0.99138 3.24 0.4 10.1 5 
6.5 0.38 0.53 1.4 0.142 5 69 0.9926 3.14 0.52 10.1 4 
7.1 0.12 0.3 3.1 0.018 15 37 0.99004 3.02 0.52 11.9 7 
6.6 0.22 0.23 17.3 0.047 37 118 0.99906 3.08 0.46 8.8 6 
6.4 0.28 0.44 7.1 0.048 49 179 0.99528 3.15 0.48 9.2 5 
6.5 0.37 0.3 2.2 0.033 39 107 0.98894 3.22 0.53 13.5 7 
6.4 0.16 0.25 1.3 0.047 20 77 0.9933 3.61 0.54 10.2 6 
