6.3 0.36 0.3 4.8 0.049 14 85 0.9932 3.28 0.39 10.6 5 
6.2 0.2 0.26 1.1 0.047 42 119 0.99158 3.48 0.6 11 7 
8.7 0.15 0.3 1.6 0.046 29 130 0.9942 3.22 0.38 9.8 6 
7 0.16 0.26 7.3 0.047 30 220 0.99622 3.38 0.58 10.1 6 
6.9 0.41 0.33 10.1 0.043 28 152 0.9968 3.2 0.52 9.4 5 
7.4 0.33 0.26 15.6 0.049 67 210 0.99907 3.06 0.68 9.5 5 
6.5 0.24 0.38 1 0.027 31 90 0.98926 3.24 0.36 12.3 6 
6.6 0.23 0.32 1.5 0.041 8 72 0.98949 3.22 0.39 12.7 6 
5.7 0.46 0.46 1.4 0.04 31 169 0.9932 3.13 0.47 8.8 5 
7 0.21 0.28 7.5 0.07 45 185 0.9966 3.34 0.55 9.4 5 
7.8 0.32 0.33 10.4 0.031 47 194 0.99692 3.07 0.58 9.6 6 
5.6 0.175 0.29 0.8 0.043 20 67 0.99112 3.28 0.48 9.9 6 
7.6 0.28 0.49 20.15 0.06 30 145 1.00196 3.01 0.44 8.5 5 
7 0.21 0.34 8 0.057 19 101 0.9954 2.99 0.59 9.4 5 
6.5 0.28 0.34 9.9 0.038 30 133 0.9954 3.11 0.44 9.8 5 
8.2 0.42 0.29 4.1 0.03 31 100 0.9911 3 0.32 12.8 7 
5.9 0.62 0.28 3.5 0.039 55 152 0.9907 3.44 0.44 12 6 
6 0.495 0.27 5 0.157 17 129 0.99396 3.03 0.36 9.3 5 
7.2 0.43 0.24 6.7 0.058 40 163 0.995 3.2 0.41 9.9 5 
6.4 0.24 0.49 5.8 0.053 25 120 0.9942 3.01 0.98 10.5 6 
8.4 0.27 0.3 2.2 0.037 36 129 0.99085 2.89 0.3 11.4666666666667 6 
7.6 0.52 0.49 14 0.034 37 156 0.9958 3.14 0.38 11.8 7 
5.9 0.37 0.32 1.6 0.029 41 102 0.98916 3.41 0.55 12.7 7 
6.9 0.18 0.36 1.3 0.036 40 117 0.9934 3.27 0.95 9.5 7 
6.8 0.2 0.25 6.2 0.052 22 106 0.9935 3.09 0.54 10.8 5 
8.6 0.37 0.7 12.15 0.039 21 158 0.9983 3 0.73 9.3 6 
5.9 0.5 0.05 2.6 0.054 36 146 0.9948 3.43 0.5 9.2 6 
7.4 0.19 0.3 12.8 0.053 48.5 229 0.9986 3.14 0.49 9.1 7 
7.4 0.17 0.4 5.5 0.037 34 161 0.9935 3.05 0.62 11.5 4 
8.1 0.2 0.3 1.3 0.036 7 49 0.99242 2.99 0.73 10.3 5 
6.6 0.34 0.2 1 0.053 26 112 0.99336 3.32 0.55 9.1 5 
6.8 0.22 0.35 17.5 0.039 38 153 0.9994 3.24 0.42 9 6 
7.5 0.27 0.31 17.7 0.051 33 173 0.999 3.09 0.64 10.2 5 
6.8 0.19 0.33 1.3 0.031 22 87 0.98987 3.08 0.62 12.3 7 
7.9 0.22 0.45 14.2 0.038 53 141 0.9992 3.03 0.46 9.2 6 
7.1 0.22 0.32 16.9 0.056 49 158 0.9998 3.37 0.38 9.6 6 
6.1 0.28 0.25 12.9 0.054 34 189 0.9979 3.25 0.43 9 4 
7.2 0.24 0.3 1.2 0.037 11 95 0.98914 2.96 0.36 12.5 6 
7 0.21 0.34 8.5 0.033 31 253 0.9953 3.22 0.56 10.5 6 
6.8 0.35 0.53 10.1 0.053 37 151 0.9963 3.07 0.4 9.4 5 
6.6 0.25 0.31 1.5 0.035 32 127 0.9921 3.41 0.47 11.3 6 
7.3 0.41 0.24 6.8 0.057 41 163 0.9949 3.2 0.41 9.9 6 
6 0.24 0.41 1.3 0.036 42 118 0.99018 3.04 0.64 11.7333333333333 6 
6.9 0.24 0.23 7.1 0.041 20 97 0.99246 3.1 0.85 11.4 6 
7.4 0.19 0.3 12.8 0.053 48.5 212 0.9986 3.14 0.49 9.1 7 
6.6 0.4 0.46 6.2 0.056 42 241 0.9968 3.5 0.6 9.9 5 
6.5 0.23 0.33 13.8 0.042 25 139 0.99695 3.35 0.56 10.4 6 
7.5 0.26 0.59 11.8 0.046 58 164 0.99814 3.17 0.46 8.9 4 
6.2 0.25 0.47 11.6 0.048 62 210 0.9968 3.19 0.5 9.5 5 
6.8 0.26 0.34 13.9 0.034 39 134 0.9949 3.33 0.53 12 6 
6.5 0.33 0.28 6.1 0.018 41 103 0.99122 3.24 0.32 12.2 6 
6 0.28 0.35 1.9 0.037 16 120 0.9933 3.16 0.69 10.6 5 
6.1 0.31 0.37 8.4 0.031 70 170 0.9934 3.42 0.4 11.7 8 
7.5 0.26 0.26 18.35 0.084 33 139 1.0011 3.17 0.39 8.8 5 
6.3 0.24 0.29 13.7 0.035 53 134 0.99567 3.17 0.38 10.6 6 
5.9 0.31 0.3 7.7 0.047 60 206 0.995 3.2 0.39 9.6 6 
6.8 0.22 0.31 6.3 0.035 33 170 0.9918 3.24 0.66 12.6 6 
8.4 0.16 0.33 1.5 0.033 16 98 0.994 3.14 0.42 9.7 6 
5.3 0.24 0.33 1.3 0.033 25 97 0.9906 3.59 0.38 11 8 
5.6 0.32 0.32 8.3 0.043 32 105 0.99266 3.24 0.47 11.2 6 
6.2 0.16 0.32 1.1 0.036 74 184 0.99096 3.22 0.41 11 6 
7.6 0.2 0.31 1.4 0.047 41 142 0.9934 3.43 0.53 10.1 6 
7.2 0.19 0.39 1.2 0.036 32 85 0.9918 3.16 0.5 10.5 5 
6.4 0.35 0.2 5.7 0.034 18 117 0.9944 3.33 0.43 10.1 5 
6.2 0.36 0.22 5.25 0.038 44 145 0.99184 3.22 0.4 11.2 6 
7.1 0.29 0.34 7.8 0.036 49 128 0.99397 3.21 0.4 10.7 6 
6 0.35 0.51 1.2 0.029 10 102 0.9903 3.46 0.42 11.9 6 
5.8 0.2 0.3 1.5 0.031 21 57 0.99115 3.44 0.55 11 6 
5.7 0.22 0.22 16.65 0.044 39 110 0.99855 3.24 0.48 9 6 
5 0.24 0.19 5 0.043 17 101 0.99438 3.67 0.57 10 5 
7 0.32 0.29 7.6 0.025 35 124 0.99162 3.15 0.65 12.8 7 
6.2 0.23 0.36 17.2 0.039 37 130 0.99946 3.23 0.43 8.8 6 
6.4 0.105 0.29 1.1 0.035 44 140 0.99142 3.17 0.55 10.7 7 
6 0.28 0.27 15.5 0.036 31 134 0.99408 3.19 0.44 13 7 
8.1 0.33 0.22 5.2 0.047 24 151 0.99527 3.22 0.47 10.3 5 
8.4 0.2 0.27 6.3 0.048 30 143 0.9966 3.25 0.5 9.1 6 
7.4 0.16 0.49 1.2 0.055 18 150 0.9917 3.23 0.47 11.2 6 
5.8 0.32 0.31 2.7 0.049 25 153 0.99067 3.44 0.73 12.2 7 
9.8 0.25 0.74 10 0.056 36 225 0.9977 3.06 0.43 10 4 
6.6 0.34 0.4 8.1 0.046 68 170 0.99494 3.15 0.5 9.53333333333333 6 
6.9 0.2 0.28 1.2 0.048 36 159 0.9936 3.19 0.43 9.1 6 
6.9 0.4 0.37 8.9 0.053 36 148 0.996 3.16 0.5 9.3 5 
5.7 0.36 0.21 6.7 0.038 51 166 0.9941 3.29 0.63 10 6 
7 0.19 0.23 5.7 0.123 27 104 0.9954 3.04 0.54 9.4 6 
7.3 0.18 0.65 1.4 0.046 28 157 0.9946 3.33 0.62 9.4 6 
7.8 0.19 0.32 7.4 0.015 47 124 0.99278 2.99 0.39 11 6 
6.8 0.18 0.28 9.8 0.039 29 113 0.99406 3.11 0.45 10.9 7 
6.5 0.48 0.02 0.9 0.043 32 99 0.99226 3.14 0.47 9.8 4 
6.4 0.25 0.74 7.8 0.045 52 209 0.9956 3.21 0.42 9.2 6 
6.5 0.2 0.33 1.5 0.039 36 110 0.99008 3.22 0.65 12 6 
6.1 0.32 0.33 10.7 0.036 27 98 0.99521 3.34 0.52 10.2 6 
6.7 0.2 0.37 1.65 0.025 42 103 0.99022 3.11 0.45 11.4 5 
7.6 0.285 0.32 14.6 0.063 32 201 0.998 3 0.45 9.2 5 
6.8 0.12 0.3 12.9 0.049 32 88 0.99654 3.2 0.35 9.9 6 
7.4 0.2 0.35 2.1 0.038 30 116 0.9949 3.49 0.77 10.3 7 
7.7 0.3 0.42 14.3 0.045 45 213 0.9991 3.18 0.63 9.2 5 
7.2 0.27 0.74 12.5 0.037 47 156 0.9981 3.04 0.44 8.7 5 
8.4 0.35 0.71 12.2 0.046 22 160 0.9982 2.98 0.65 9.4 5 
6.2 0.36 0.14 8.9 0.036 38 155 0.99622 3.27 0.5 9.4 5 
7.9 0.14 0.45 1.8 0.05 17 114 0.9948 3.33 0.49 10.7 7 
7.4 0.33 0.44 7.6 0.05 40 227 0.99679 3.12 0.52 9 5 
8.2 0.23 0.49 0.9 0.057 15 73 0.9928 3.07 0.38 10.4 6 
7.1 0.44 0.37 2.7 0.041 35 128 0.9896 3.07 0.43 13.5 7 
7.7 0.34 0.28 11 0.04 31 117 0.99815 3.27 0.29 9.2 6 
6.7 0.17 0.27 1.4 0.032 39 149 0.99254 3.4 0.52 10.5 5 
6.5 0.27 0.4 10 0.039 74 227 0.99582 3.18 0.5 9.4 5 
5.9 0.25 0.27 1.5 0.029 37 81 0.9892 3.2 0.46 12.2 6 
6.5 0.32 0.12 11.5 0.033 35 165 0.9974 3.22 0.32 9 5 
6.3 0.35 0.3 5.7 0.035 8 97 0.9927 3.27 0.41 11 7 
7.4 0.2 0.36 1.2 0.038 44 111 0.9926 3.36 0.34 9.9 6 
6.1 0.34 0.21 5 0.042 17 133 0.99373 3.02 0.53 9.4 5 
6.8 0.29 0.16 1.4 0.038 122.5 234.5 0.9922 3.15 0.47 10 4 
6.4 0.17 0.34 1.5 0.091 42 135 0.9938 3.25 0.49 9.6 7 
6.8 0.22 0.41 6.7 0.034 39 116 0.99245 3.18 0.46 11.5 6 
8.9 0.32 0.49 1.6 0.05 17 131 0.9956 3.13 0.34 9.4 5 
6.9 0.27 0.41 1.7 0.047 6 134 0.9929 3.15 0.69 11.4 6 
6.8 0.18 0.3 12.8 0.062 19 171 0.99808 3 0.52 9 7 
6.4 0.34 0.44 8.2 0.043 54 201 0.99551 3.18 0.48 9.5 5 
7 0.17 0.74 12.8 0.045 24 126 0.9942 3.26 0.38 12.2 8 
6.3 0.27 0.25 5.8 0.038 52 155 0.995 3.28 0.38 9.4 6 
7.6 0.3 0.38 2.1 0.043 10 98 0.99296 3.17 0.65 11 5 
7 0.24 0.25 1.7 0.042 48 189 0.992 3.25 0.42 11.4 6 
7.7 0.27 0.61 12 0.046 64 179 0.9982 3.07 0.46 8.9 5 
7.3 0.26 0.36 5.2 0.04 31 141 0.9931 3.16 0.59 11 6 
6.6 0.13 0.29 13.9 0.056 33 95 0.99702 3.17 0.39 9.4 6 
6.6 0.26 0.25 11.6 0.045 45 178 0.99691 3.33 0.43 9.8 6 
6.3 0.23 0.22 3.75 0.039 37 116 0.9927 3.23 0.5 10.7 6 
7 0.21 0.28 8.6 0.045 37 221 0.9954 3.25 0.54 10.4 6 
5.1 0.21 0.28 1.4 0.047 48 148 0.99168 3.5 0.49 10.4 5 
5.2 0.28 0.29 1.1 0.028 18 69 0.99168 3.24 0.54 10 6 
6 0.21 0.3 8.7 0.036 47 127 0.99368 3.18 0.39 10.6 5 
6.1 0.255 0.44 12.3 0.045 53 197 0.9967 3.24 0.54 9.5 6 
6.6 0.4 0.32 1.7 0.035 39 84 0.99096 3.59 0.48 12.7 7 
5.8 0.29 0.15 1.1 0.029 12 83 0.9898 3.3 0.4 11.4 6 
6.6 0.22 0.37 15.4 0.035 62 153 0.99845 3.02 0.4 9.3 5 
6.6 0.24 0.29 2 0.023 19 86 0.99 3.25 0.45 12.5 6 
7.4 0.24 0.26 1.6 0.058 53 150 0.9936 3.18 0.5 9.9 7 
7.9 0.44 0.37 5.85 0.033 27 93 0.992 3.16 0.54 12.6 7 
8.2 0.37 0.64 13.9 0.043 22 171 0.99873 2.99 0.8 9.3 5 
5.8 0.23 0.27 1.8 0.043 24 69 0.9933 3.38 0.31 9.4 6 
6.8 0.34 0.69 1.3 0.058 12 171 0.9931 3.06 0.47 9.7 5 
6.1 0.6 0.12 1.8 0.05 11 76 0.99268 3.42 0.48 10.4 4 
7.4 0.3 0.49 8.2 0.055 49 188 0.9974 3.52 0.58 9.7 6 
6.8 0.19 0.33 4.9 0.047 42 130 0.99283 3.12 0.56 11 6 
7.6 0.48 0.28 10.4 0.049 57 205 0.99748 3.24 0.45 9.3 5 
7.4 0.29 0.25 3.8 0.044 30 114 0.992 3.11 0.4 11 6 
5 0.29 0.54 5.7 0.035 54 155 0.98976 3.27 0.34 12.9 8 
6.3 0.38 0.17 8.8 0.08 50 212 0.99803 3.47 0.66 9.4 4 
6.2 0.32 0.12 4.8 0.054 6 97 0.99424 3.16 0.5 9.3 5 
6.8 0.21 0.27 18.15 0.042 41 146 1.0001 3.3 0.36 8.7 5 
6.2 0.25 0.54 7 0.046 58 176 0.99454 3.19 0.7 10.4 5 
8 0.3 0.28 5.7 0.044 31 124 0.9948 3.16 0.51 10.2 6 
6.3 0.24 0.22 11.9 0.05 65 179 0.99659 3.06 0.58 9.3 6 
8.7 0.23 0.32 13.4 0.044 35 169 0.99975 3.12 0.47 8.8 7 
6 0.29 0.2 12.6 0.045 45 187 0.9972 3.33 0.42 9.5 5 
6.8 0.27 0.22 17.8 0.034 16 116 0.9989 3.07 0.53 9.2 5 
5.9 0.19 0.37 0.8 0.027 3 21 0.9897 3.09 0.31 10.8 5 
6.1 0.22 0.38 2.8 0.144 12 65 0.9908 2.95 0.64 11.4 6 
6.8 0.46 0.26 2.7 0.042 28 83 0.99114 3.38 0.51 12 8 
7.5 0.4 1 19.5 0.041 33 148 0.9977 3.24 0.38 12 6 
7.6 0.23 0.29 8.6 0.053 65 146 0.9963 3.11 0.32 9.8 6 
6.8 0.21 0.31 2.9 0.046 40 121 0.9913 3.07 0.65 10.9 7 
6.1 0.15 0.29 6.2 0.046 39 151 0.99471 3.6 0.44 10.6 6 
6.4 0.5 0.2 2.4 0.059 19 112 0.99314 3.18 0.4 9.2 6 
9.1 0.33 0.38 1.7 0.062 50.5 344 0.9958 3.1 0.7 9.5 5 
7.5 0.29 0.67 8.1 0.037 53 166 0.9966 2.9 0.41 8.9 6 
6 0.34 0.66 15.9 0.046 26 164 0.9979 3.14 0.5 8.8 6 
6.3 0.19 0.28 1.8 0.022 28 158 0.9907 3.2 0.64 11.4 6 
7.3 0.16 0.35 1.5 0.036 29 108 0.99342 3.27 0.51 10.2 6 
6.3 0.16 0.22 1.3 0.046 18 66 0.99307 3.61 0.55 10.3 6 
6.1 0.32 0.24 1.5 0.036 38 124 0.9898 3.29 0.42 12.4 7 
5.4 0.29 0.47 3 0.052 47 145 0.993 3.29 0.75 10 6 
6.5 0.17 0.31 1.5 0.041 34 121 0.99092 3.06 0.46 10.5 6 
5.6 0.49 0.13 4.5 0.039 17 116 0.9907 3.42 0.9 13.7 7 
7.5 0.14 0.74 1.6 0.035 21 126 0.9933 3.26 0.45 10.2 6 
6.4 0.3 0.51 5.5 0.048 62 172 0.9942 3.08 0.45 9.1 6 
6.1 0.125 0.25 3.3 0.04 10 69 0.9934 3.54 0.59 10.1 6 
6.8 0.27 0.32 1.5 0.044 19 142 0.9921 3.1 0.43 9.9 6 
6.8 0.22 0.3 13.6 0.055 50 180 0.9984 3.44 0.39 9.8 5 
6.7 0.25 0.33 2.9 0.057 52 173 0.9934 3.02 0.48 9.5 7 
6.6 0.3 0.25 8 0.036 21 124 0.99362 3.06 0.38 10.8 6 
8.8 0.33 0.44 6.35 0.024 9 87 0.9917 2.96 0.4 12.6 7 
6.5 0.21 0.51 17.6 0.045 34 125 0.99966 3.2 0.47 8.8 6 
5.7 0.26 0.27 4.1 0.201 73.5 189.5 0.9942 3.27 0.38 9.4 6 
7.9 0.16 0.3 7.4 0.05 58 152 0.99612 3.12 0.37 9.5 6 
7 0.24 0.32 1.3 0.037 39 123 0.992 3.17 0.42 11.2 8 
6.1 0.2 0.17 1.6 0.048 46 129 0.991 3.3 0.43 11.4 6 
7.1 0.36 0.28 2.4 0.036 35 115 0.98936 3.19 0.44 13.5 7 
6.8 0.17 0.36 1.4 0.036 38 108 0.99006 3.19 0.66 12 6 
6.8 0.29 0.22 3.4 0.035 40 122 0.99024 3.09 0.47 12.3 6 
7.4 0.19 0.49 9.3 0.03 26 132 0.994 2.99 0.32 11 7 
6.9 0.19 0.49 6.6 0.036 49 172 0.9932 3.2 0.27 11.5 6 
6.9 0.23 0.4 7.5 0.04 50 151 0.9927 3.11 0.27 11.4 6 
7.1 0.18 0.32 12.2 0.048 36 125 0.9967 2.92 0.54 9.4 6 
6.2 0.3 0.31 1.2 0.048 19 125 0.98999 3.32 0.54 12.6 6 
6.1 0.31 0.58 5 0.039 36 114 0.9909 3.3 0.6 12.3 8 
6.8 0.24 0.31 18.3 0.046 40 142 1 3.3 0.41 8.7 5 
6 0.29 0.21 1.3 0.055 42 168 0.9914 3.32 0.43 11.1 6 
7 0.3 0.51 13.6 0.05 40 168 0.9976 3.07 0.52 9.6 7 
7.3 0.25 0.26 7.2 0.048 52 207 0.99587 3.12 0.37 9.2 5 
6.7 0.19 0.41 15.6 0.056 75 155 0.9995 3.2 0.44 8.8 6 
6.4 0.29 0.18 15 0.04 21 116 0.99736 3.14 0.5 9.2 5 
5.7 0.1 0.27 1.3 0.047 21 100 0.9928 3.27 0.46 9.5 5 
9.4 0.3 0.32 10.7 0.029 14 111 0.9958 2.85 0.42 10.6 5 
8.7 0.31 0.21 5.6 0.039 28 67 0.99328 2.96 0.52 11 4 
9.2 0.25 0.34 1.2 0.026 31 93 0.9916 2.93 0.37 11.3 7 
6.7 0.36 0.28 8.3 0.034 29 81 0.99151 2.96 0.39 12.5 6 
5.2 0.405 0.15 1.45 0.038 10 44 0.99125 3.52 0.4 11.6 4 
5.9 0.26 0.29 5.4 0.046 34 116 0.99224 3.24 0.41 11.4 6 
7.1 0.2 0.31 6.85 0.053 32 211 0.99587 3.31 0.59 10.4 6 
5.8 0.3 0.42 1.1 0.036 19 113 0.98871 3.1 0.46 12.6 7 
7.2 0.4 0.24 8.5 0.055 45 151 0.99626 3.2 0.52 9.2 5 
8.1 0.17 0.44 14.1 0.053 43 145 1.0006 3.28 0.75 8.8 8 
8.2 0.17 0.32 1.5 0.05 17 101 0.994 3.14 0.58 9.5 5 
7.2 0.22 0.28 7.2 0.06 41 132 0.9935 3.08 0.59 11.3 6 
7.4 0.28 0.3 5.3 0.054 44 161 0.9941 3.12 0.48 10.3 6 
6.4 0.25 0.57 1 0.062 21 122 0.99238 3 0.4 9.5 5 
6.9 0.28 0.41 1.4 0.016 6 55 0.98876 3.16 0.4 13.4 5 
6.7 0.26 0.39 6.4 0.171 64 200 0.99562 3.19 0.38 9.4 6 
7.2 0.4 0.38 2.2 0.03 40 109 0.99075 3.27 0.46 12.6 6 
7.9 0.51 0.36 6.2 0.051 30 173 0.9984 3.09 0.53 9.7 5 
6 0.2 0.25 2 0.041 30 95 0.99078 3.27 0.56 11.1 6 
8.9 0.24 0.33 15.75 0.035 16 132 0.996 3 0.37 12.1 6 
6.2 0.255 0.24 1.7 0.039 138.5 272 0.99452 3.53 0.53 9.6 4 
7.1 0.26 0.32 16.2 0.044 31 170 0.99644 3.17 0.37 11.2 5 
5.8 0.24 0.26 10.05 0.039 63 162 0.99375 3.33 0.5 11.2 6 
7.3 0.19 0.27 13.9 0.057 45 155 0.99807 2.94 0.41 8.8 8 
7 0.25 0.33 2.1 0.021 17 76 0.99021 3.26 0.45 12.3 6 
7.1 0.25 0.25 1.6 0.046 50 181 0.9925 3.2 0.42 11 7 
5.5 0.24 0.45 1.7 0.046 22 113 0.99224 3.22 0.48 10 5 
5.8 0.28 0.34 2.2 0.037 24 125 0.98986 3.36 0.33 12.8 8 
6.8 0.22 0.24 4.9 0.092 30 123 0.9951 3.03 0.46 8.6 6 
6.4 0.15 0.44 1.2 0.043 67 150 0.9907 3.14 0.73 11.2 7 
7.9 0.2 0.49 1.6 0.053 15 144 0.993 3.16 0.47 10.5 5 
7 0.22 0.24 11 0.041 75 167 0.99508 2.98 0.56 10.5 6 
5.8 0.3 0.38 4.9 0.039 22 86 0.98963 3.23 0.58 13.1 7 
8 0.26 0.28 4.8 0.05 34 150 0.99437 3.13 0.5 10 6 
6.3 0.26 0.25 5.2 0.046 11 133 0.99202 2.97 0.68 11 6 
6.5 0.23 0.2 7.5 0.05 44 179 0.99504 3.18 0.48 9.53333333333333 5 
6.9 0.28 0.33 1.2 0.039 16 98 0.9904 3.07 0.39 11.7 6 
6.5 0.29 0.25 10.6 0.039 32 120 0.9962 3.31 0.34 10.1 6 
7.2 0.33 0.28 1.4 0.034 26 109 0.99246 3.28 0.57 10.6 6 
6.1 0.4 0.31 0.9 0.048 23 170 0.993 3.22 0.77 9.5 6 
6.4 0.25 0.74 7.8 0.045 52 209 0.9956 3.21 0.42 9.2 6 
7.2 0.25 0.28 14.4 0.055 55 205 0.9986 3.12 0.38 9 7 
6.7 0.26 0.26 4 0.079 35.5 216 0.9956 3.31 0.68 9.5 5 
7 0.45 0.34 19.8 0.04 12 67 0.9976 3.07 0.38 11 6 
7.3 0.21 0.29 1.6 0.034 29 118 0.9917 3.3 0.5 11 8 
6 0.17 0.29 5 0.028 25 108 0.99076 3.14 0.34 12.3 6 
7.9 0.17 0.32 1.6 0.053 47 150 0.9948 3.29 0.76 9.6 6 
6.7 0.34 0.31 16.4 0.051 20 146 0.99834 3.06 0.54 9.1 5 
6 0.28 0.29 19.3 0.051 36 174 0.99911 3.14 0.5 9 5 
6.9 0.22 0.43 6.4 0.042 34 115 0.99293 3.05 0.51 10.8 6 
7.4 0.23 0.43 1.4 0.044 22 113 0.9938 3.22 0.62 10.6 6 
6.7 0.46 0.27 5.2 0.039 35 96 0.99129 3.16 0.44 12.4 7 
7.1 0.31 0.5 14.5 0.059 6 148 0.9983 2.94 0.44 9.1 5 
6.1 0.19 0.25 4 0.023 23 112 0.9923 3.37 0.51 11.6 6 
7.1 0.2 0.34 16 0.05 51 166 0.9985 3.21 0.6 9.2 6 
6.6 0.27 0.33 1.4 0.042 24 183 0.99215 3.29 0.46 10.7 5 
7.2 0.33 0.22 4.5 0.031 10 73 0.99076 2.97 0.52 12.2 7 
6.6 0.23 0.2 11.4 0.044 45 131 0.99604 2.96 0.51 9.7 6 
7.8 0.26 0.27 1.9 0.051 52 195 0.9928 3.23 0.5 10.9 6 
5.7 0.22 0.2 16 0.044 41 113 0.99862 3.22 0.46 8.9 6 
7.5 0.24 0.31 13.1 0.05 26 180 0.99884 3.05 0.53 9.1 6 
6.7 0.44 0.31 1.9 0.03 41 104 0.99 3.29 0.62 12.6 7 
6.7 0.19 0.32 3.7 0.041 26 76 0.99173 2.9 0.57 10.5 7 
8.3 0.18 0.37 1.2 0.049 6 94 0.9937 3.18 0.52 10.1 5 
7.3 0.14 0.49 1.1 0.038 28 99 0.9928 3.2 0.72 10.6 6 
6.9 0.28 0.28 12.2 0.042 52 139 0.99522 3.03 0.56 10.4 6 
6.2 0.2 0.26 9.7 0.03 39 102 0.9908 3.08 0.56 12.9 7 
5.2 0.155 0.33 1.6 0.028 13 59 0.98975 3.3 0.84 11.9 8 
7.4 0.155 0.34 2.3 0.045 73.5 214 0.9934 3.18 0.61 9.9 7 
6.9 0.2 0.36 1.5 0.031 38 147 0.9931 3.35 0.56 11 6 
9 0.29 0.34 12.1 0.03 34 177 0.99706 3.13 0.47 10.6 5 
7.3 0.28 0.54 12.9 0.049 62 162.5 0.9984 3.06 0.45 9.1 6 
7 0.2 0.38 8.1 0.05 42 173 0.99585 3.3 0.54 9.8 6 
6.2 0.26 0.2 8 0.047 35 111 0.99445 3.11 0.42 10.4 6 
7 0.4 0.25 1.8 0.05 51 189 0.99174 3 0.55 11.4 6 
7.2 0.21 0.28 2.7 0.033 38 94 0.99075 2.99 0.43 11.8 7 
7.15 0.17 0.24 9.6 0.119 56 178 0.99578 3.15 0.44 10.2 6 
6 0.29 0.41 10.8 0.048 55 149 0.9937 3.09 0.59 10.9666666666667 7 
7 0.22 0.31 2.7 0.03 41 136 0.9898 3.16 0.37 12.7 7 
6.8 0.18 0.3 12.8 0.062 19 171 0.99808 3 0.52 9 7 
7.2 0.4 0.62 10.8 0.041 70 189 0.9976 3.08 0.49 8.6 4 
5.6 0.19 0.46 1.1 0.032 33 115 0.9909 3.36 0.5 10.4 6 
6.4 0.26 0.25 10.7 0.046 66 179 0.99606 3.17 0.55 9.9 6 
6.4 0.46 0.08 4.9 0.046 34 144 0.99445 3.1 0.56 10 5 
7.5 0.34 0.28 4 0.028 46 100 0.98958 3.2 0.5 13.2 7 
7.2 0.23 0.39 14.2 0.058 49 192 0.9979 2.98 0.48 9 7 
5.9 0.26 0.21 12.5 0.034 36 152 0.9972 3.28 0.43 9.5 6 
5.9 0.37 0.14 6.3 0.036 34 185 0.9944 3.17 0.63 9.8 5 
7.4 0.35 0.2 13.9 0.054 63 229 0.99888 3.11 0.5 8.9 6 
6.8 0.24 0.38 8.3 0.045 50 185 0.99578 3.15 0.5 9.5 6 
7.5 0.38 0.29 12.7 0.05 25 209 0.9986 3.25 0.59 9.3 6 
5.7 0.12 0.26 5.5 0.034 21 99 0.99324 3.09 0.57 9.9 6 
6.5 0.26 0.5 8 0.051 46 197 0.99536 3.18 0.47 9.5 5 
6.7 0.47 0.34 8.9 0.043 31 172 0.9964 3.22 0.6 9.2 5 
6.4 0.27 0.45 8.3 0.05 52 196 0.9955 3.18 0.48 9.5 5 
6.7 0.5 0.36 11.5 0.096 18 92 0.99642 3.11 0.49 9.6 5 
7.3 0.36 0.54 13.3 0.054 63 193 0.99864 3.06 0.49 8.6 4 
7.8 0.3 0.29 16.85 0.054 23 135 0.9998 3.16 0.38 9 6 
6.1 0.32 0.37 1.8 0.051 13 200 0.9945 3.49 0.44 10.5 4 
6.7 0.16 0.36 2 0.045 24 131 0.99284 3.3 0.59 10.5 6 
6 0.52 0.33 7.7 0.046 24 119 0.99224 3.04 0.38 11 6 
7.8 0.19 0.32 7.4 0.015 47 124 0.99278 2.99 0.39 11 6 
10 0.91 0.42 1.6 0.056 34 181 0.9968 3.11 0.46 10 4 
5.8 0.22 0.3 1.1 0.047 36 131 0.992 3.26 0.45 10.4 5 
6.3 0.26 0.24 7.2 0.039 38 172 0.9958 3.49 0.64 9.7 6 
5.8 0.33 0.23 5 0.053 29 106 0.99458 3.13 0.52 9 5 
6.2 0.27 0.49 1.4 0.05 20 74 0.9931 3.32 0.44 9.8 6 
7.7 0.39 0.28 4.9 0.035 36 109 0.9918 3.19 0.58 12.2 7 
6.5 0.425 0.4 13.1 0.038 59 241 0.9979 3.23 0.57 9 5 
5.1 0.33 0.22 1.6 0.027 18 89 0.9893 3.51 0.38 12.5 7 
6.3 0.21 0.31 1.2 0.043 30 117 0.99158 3.49 0.68 11 6 
5.8 0.23 0.2 2 0.043 39 154 0.99226 3.21 0.39 10.2 6 
6.1 0.28 0.22 1.8 0.034 32 116 0.9898 3.36 0.44 12.6 6 
7.4 0.16 0.3 13.7 0.056 33 168 0.99825 2.9 0.44 8.7 7 
6.6 0.42 0.33 2.8 0.034 15 85 0.99 3.28 0.51 13.4 6 
5.4 0.59 0.07 7 0.045 36 147 0.9944 3.34 0.57 9.7 6 
6.5 0.2 0.24 9.2 0.044 25 150 0.99502 3.22 0.44 10.5 5 
7.8 0.28 0.31 2.1 0.046 28 208 0.99434 3.23 0.64 9.8 5 
6.6 0.41 0.31 1.6 0.042 18 101 0.99195 3.13 0.41 10.5 5 
6.7 0.3 0.45 10.6 0.032 56 212 0.997 3.22 0.59 9.5 6 
7.2 0.27 0.28 15.2 0.046 6 41 0.99665 3.17 0.39 10.9 6 
6.9 0.28 0.37 9.1 0.037 16 76 0.9948 3.05 0.54 11.1 5 
6.8 0.3 0.29 6.2 0.025 29 95 0.99071 3.03 0.32 12.9 7 
6.9 0.3 0.36 4.5 0.054 31 203 0.99513 3.4 0.57 10.4 4 
6.6 0.27 0.32 1.3 0.044 18 93 0.99044 3.11 0.56 12.25 5 
7.4 0.25 0.28 7.25 0.028 14 78 0.99238 2.94 0.37 11.5 7 
8 0.14 0.33 1.2 0.045 71 162 0.9914 3.07 0.47 11 6 
9.5 0.42 0.41 2.3 0.034 22 145 0.9951 3.06 0.52 11 6 
6.6 0.32 0.47 15.6 0.063 27 173 0.99872 3.18 0.56 9 5 
6.8 0.23 0.32 1.6 0.026 43 147 0.9904 3.29 0.54 12.5 6 
6.4 0.33 0.3 7.2 0.041 42 168 0.99331 3.22 0.49 11.1 6 
7.7 0.2 0.44 13.9 0.05 44 130 0.99855 3.11 0.48 10 6 
6.2 0.38 0.18 7.4 0.095 28 195 0.99773 3.53 0.71 9.2 4 
7 0.35 0.31 1.8 0.069 15 162 0.9944 3.18 0.47 9.4 5 
7 0.48 0.12 4.5 0.05 23 86 0.99398 2.86 0.35 9 5 
9.7 0.14 0.59 1.5 0.049 23 142 0.9958 2.98 0.62 9.5 5 
6.8 0.17 0.34 2 0.04 38 111 0.99 3.24 0.45 12.9 6 
6.3 0.2 0.26 1.6 0.027 36 141 0.99268 3.53 0.56 10.8 6 
6.8 0.18 0.28 9.8 0.039 29 113 0.99406 3.11 0.45 10.9 7 
7.2 0.32 0.47 5.1 0.044 19 65 0.991 3.03 0.41 12.6 4 
6.3 0.29 0.4 6.5 0.039 43 167 0.9953 3.15 0.44 9.3 6 
6 0.28 0.52 6.2 0.028 37 104 0.99161 3.28 0.51 11.8 7 
7.2 0.33 0.34 2 0.044 61 171 0.98947 3.25 0.53 13.3 7 
8 0.25 0.49 1.2 0.061 27 117 0.9938 3.08 0.34 9.4 5 
6.9 0.3 0.21 15.7 0.056 49 159 0.99827 3.11 0.48 9 5 
6.8 0.23 0.39 16.1 0.053 71 194 0.9988 3.18 0.64 10.2 6 
5.1 0.26 0.33 1.1 0.027 46 113 0.98946 3.35 0.43 11.4 7 
8.3 0.41 0.51 2 0.046 11 207 0.993 3.02 0.55 11.4 5 
5.3 0.275 0.24 7.4 0.038 28 114 0.99313 3.38 0.51 11 6 
6.2 0.3 0.32 1.2 0.052 32 185 0.99266 3.28 0.44 10.1 5 
6.7 0.31 0.09 1.4 0.039 53 141 0.99206 3.12 0.44 10.1 5 
7.5 0.24 0.29 1.1 0.046 34 84 0.9902 3.04 0.39 11.45 6 
6.8 0.39 0.31 14.35 0.043 28 162 0.9988 3.17 0.54 9.1 5 
6.3 0.18 0.22 5.6 0.047 45 147 0.99383 3.09 0.54 10 5 
6.8 0.14 0.35 1.5 0.047 40 117 0.99111 3.07 0.72 11.1 6 
7.6 0.19 0.41 1.1 0.04 38 143 0.9907 2.92 0.42 11.4 5 
5.7 0.22 0.22 16.65 0.044 39 110 0.99855 3.24 0.48 9 6 
6 0.34 0.29 6.1 0.046 29 134 0.99462 3.48 0.57 10.7 6 
6.6 0.23 0.29 14.45 0.057 29 144 0.99756 3.33 0.54 10.2 6 
6.2 0.28 0.33 1.7 0.029 24 111 0.99 3.24 0.5 12.1 6 
7 0.34 0.1 3.5 0.044 17 63 0.9937 3.01 0.39 9.2 5 
7.7 0.39 0.28 4.9 0.035 36 109 0.9918 3.19 0.58 12.2 7 
6.6 0.32 0.22 16.7 0.046 38 133 0.9979 3.22 0.67 10.4 6 
6.5 0.26 0.34 1.4 0.04 25 184 0.99216 3.29 0.46 10.7 5 
8 0.25 0.13 17.2 0.036 49 219 0.9996 2.96 0.46 9.7 5 
6.8 0.24 0.35 6.4 0.048 44 172 0.9944 3.29 0.55 10.5 7 
7.6 0.29 0.29 4.4 0.051 26 146 0.9939 3.16 0.39 10.2 5 
5.4 0.45 0.27 6.4 0.033 20 102 0.98944 3.22 0.27 13.4 8 
6.8 0.26 0.4 7.5 0.046 45 179 0.99583 3.2 0.49 9.3 5 
7.6 0.33 0.35 6.3 0.036 12 126 0.9924 3.16 0.39 12 7 
6.3 0.3 0.34 1.6 0.049 14 132 0.994 3.3 0.49 9.5 6 
6.4 0.32 0.27 4.9 0.034 18 122 0.9916 3.36 0.71 12.5 6 
6.8 0.25 0.24 4.55 0.053 41 211 0.9955 3.37 0.67 9.5 6 
6.6 0.16 0.36 1.1 0.031 27 93 0.98884 3.23 0.34 13.2 8 
6.7 0.21 0.34 1.5 0.035 45 123 0.98949 3.24 0.36 12.6 7 
7.8 0.3 0.74 1.8 0.033 33 156 0.991 3.29 0.52 12.8 6 
7.4 0.27 0.26 11.8 0.053 55 173 0.99699 3.11 0.6 9.8 5 
6 0.29 0.25 1.4 0.033 30 114 0.98794 3.08 0.43 13.2 6 
6.9 0.29 0.4 19.45 0.043 36 156 0.9996 2.93 0.47 8.9 5 
7.7 0.25 0.3 7.8 0.038 67 196 0.99555 3.1 0.5 10.1 5 
7.7 0.46 0.18 3.3 0.054 18 143 0.99392 3.12 0.51 10.8 6 
6.1 0.4 0.18 9 0.051 28.5 259 0.9964 3.19 0.5 8.8 5 
6.6 0.64 0.28 4.4 0.032 19 78 0.99036 3.11 0.62 12.9 6 
6.3 0.17 0.23 5.7 0.048 44 147 0.99382 3.08 0.54 10 5 
6.8 0.25 0.29 2 0.042 19 189 0.9952 3.46 0.54 10.2 6 
6.8 0.18 0.46 1.4 0.064 37 160 0.9924 3.37 0.45 11.1 5 
7.2 0.19 0.46 3.8 0.041 82 187 0.9932 3.19 0.6 11.2 7 
7.1 0.21 0.28 2.7 0.034 23 111 0.99405 3.35 0.64 10.2 4 
6.9 0.31 0.32 1.2 0.024 20 166 0.99208 3.05 0.54 9.8 6 
7.7 0.35 0.46 11.8 0.088 61 183 0.99786 2.86 0.47 9 5 
6.9 0.36 0.35 8.6 0.038 37 125 0.9916 3 0.32 12.4 8 
6.8 0.18 0.21 5.4 0.053 34 104 0.99445 3.3 0.43 9.4 5 
8.6 0.31 0.3 0.9 0.045 16 109 0.99249 2.95 0.39 10.1 5 
6 0.33 0.26 5.1 0.051 16 119 0.99416 3.15 0.41 9.2 5 
8.2 0.68 0.3 2.1 0.047 17 138 0.995 3.22 0.71 10.8 4 
7.3 0.18 0.29 1.2 0.044 12 143 0.9918 3.2 0.48 11.3 7 
7.5 0.23 0.36 7 0.036 43 161 0.9938 3.04 0.32 11 5 
7.7 0.31 0.26 7.8 0.031 23 90 0.9944 3.13 0.5 10.4 5 
5.8 0.15 0.49 1.1 0.048 21 98 0.9929 3.19 0.48 9.2 5 
6.4 0.25 0.32 5.5 0.049 41 176 0.995 3.19 0.68 9.2 6 
7 0.31 0.52 1.7 0.029 5 61 0.9918 3.07 0.43 10.4 5 
5.9 0.36 0.04 5.7 0.046 21 87 0.9934 3.22 0.51 10.2 5 
7 0.23 0.32 1.8 0.048 25 113 0.9915 3.11 0.47 11.1 6 
6.6 0.32 0.26 4.6 0.031 26 120 0.99198 3.4 0.73 12.5 7 
7.4 0.33 0.26 15.6 0.049 67 210 0.99907 3.06 0.68 9.5 5 
5 0.27 0.4 1.2 0.076 42 124 0.99204 3.32 0.47 10.1 6 
8.4 0.29 0.29 1.05 0.032 4 55 0.9908 2.91 0.32 11.4 4 
6 0.34 0.29 6.1 0.046 29 134 0.99462 3.48 0.57 10.7 6 
8.4 0.19 0.42 1.6 0.047 9 101 0.994 3.06 0.65 11.1 4 
7.9 0.28 0.41 2 0.044 50 152 0.9934 3.45 0.49 10.7 8 
6.1 0.24 0.26 1.7 0.033 61 134 0.9903 3.19 0.81 11.9 7 
7 0.24 0.26 1.7 0.041 31 110 0.99142 3.2 0.53 11 6 
9 0.27 0.35 4.9 0.028 27 95 0.9932 3.04 0.4 11.3 6 
7.9 0.22 0.49 3.8 0.042 26 105 0.993 3.1 0.39 10.5 5 
8.1 0.28 0.4 6.9 0.05 30 97 0.9951 3.26 0.44 10.1 6 
7.4 0.26 0.43 6 0.022 22 125 0.9928 3.13 0.55 11.5 6 
6.8 0.13 0.39 1.4 0.034 19 102 0.99121 3.23 0.6 11.3 7 
7.3 0.23 0.41 14.6 0.048 73 223 0.99863 3.16 0.71 9.4 6 
7.2 0.19 0.39 1.2 0.036 32 85 0.9918 3.16 0.5 10.5 5 
7.6 0.34 0.39 7.6 0.04 45 215 0.9965 3.11 0.53 9.2 6 
6.6 0.38 0.15 4.6 0.044 25 78 0.9931 3.11 0.38 10.2 6 
7 0.32 0.35 1.5 0.039 24 125 0.9918 3.17 0.64 12.2 6 
7.3 0.32 0.34 6.6 0.032 24 112 0.99505 3.22 0.46 9.8 6 
6.5 0.22 0.19 1.1 0.064 36 191 0.99297 3.05 0.5 9.5 6 
7.8 0.39 0.26 9.9 0.059 33 181 0.9955 3.04 0.42 10.9 6 
6.8 0.25 0.27 10.7 0.076 47 154 0.9967 3.05 0.38 9 5 
7.1 0.29 0.49 1.2 0.031 32 99 0.9893 3.07 0.33 12.2 6 
7.1 0.28 0.26 2.8 0.039 50 118 0.9908 3.06 0.59 11.2 6 
5.1 0.52 0.06 2.7 0.052 30 79 0.9932 3.32 0.43 9.3 5 
8.3 0.17 0.31 1.5 0.049 48 153 0.9942 3.12 0.58 9.4 6 
5 0.27 0.32 4.5 0.032 58 178 0.98956 3.45 0.31 12.6 7 
6.5 0.22 0.32 2.2 0.028 36 92 0.99076 3.27 0.59 11.9 7 
6.5 0.44 0.49 7.7 0.045 16 169 0.9957 3.11 0.37 8.7 6 
7.2 0.16 0.26 7.1 0.054 41 224 0.9966 3.38 0.55 10.1 5 
8.3 0.24 0.27 2.1 0.03 22 162 0.9914 2.99 0.68 11.9 6 
6.7 0.26 0.29 7.7 0.038 40 179 0.99479 3.23 0.56 10.4 6 
6.9 0.17 0.22 4.6 0.064 55 152 0.9952 3.29 0.37 9.3 6 
7.7 0.31 0.23 2 0.069 29 134 0.99382 3.11 0.62 9.8 5 
5.6 0.18 0.31 1.5 0.038 16 84 0.9924 3.34 0.58 10.1 6 
6.3 0.2 0.37 11.8 0.045 58 130 0.99519 3.2 0.35 10.8 5 
7.3 0.42 0.38 6.8 0.045 29 122 0.9925 3.19 0.37 12.6 7 
7.4 0.27 0.31 2.4 0.014 15 143 0.99094 3.03 0.65 12 4 
6.6 0.24 0.3 13 0.052 18 143 0.99825 3.37 0.49 9.4 6 
5.9 0.2 0.28 12.8 0.038 29 132 0.99426 3.31 0.57 11.8 7 
6.5 0.2 0.35 3.9 0.04 27 140 0.99102 2.98 0.53 11.8 6 
6.4 0.29 0.3 2.9 0.036 25 79 0.99037 3.29 0.6 12.4 7 
7.3 0.24 0.34 15.4 0.05 38 174 0.9983 3.03 0.42 9 6 
7.4 0.3 0.22 1.4 0.046 16 135 0.9928 3.08 0.77 10.4 7 
7.8 0.21 0.39 1.8 0.034 62 180 0.991 3.09 0.75 12.6 8 
7.6 0.4 0.27 1.2 0.053 23 193 0.99164 3.22 0.38 11.6 5 
6.2 0.21 0.18 11.6 0.044 61 155 0.99655 3.14 0.52 9.4 6 
6.8 0.28 0.43 7.6 0.03 30 110 0.99164 3.08 0.59 12.5 8 
6 0.26 0.24 1.3 0.053 66 150 0.9924 3.21 0.62 10.4 6 
6.2 0.12 0.34 1.5 0.045 43 117 0.9939 3.42 0.51 9 6 
7.4 0.31 0.28 1.6 0.05 33 137 0.9929 3.31 0.56 10.5 6 
9.1 0.28 0.49 2 0.059 10 112 0.9958 3.15 0.46 10.1 5 
6.9 0.37 0.23 9.5 0.057 54 166 0.99568 3.23 0.42 10 5 
6.6 0.38 0.36 9.2 0.061 42 214 0.9976 3.31 0.56 9.4 5 
8.5 0.26 0.21 16.2 0.074 41 197 0.998 3.02 0.5 9.8 3 
7.1 0.28 0.31 1.5 0.053 20 98 0.99069 3.15 0.5 11.4 5 
7.2 0.5 0 0.8 0.034 46 114 0.9932 3.19 0.34 9.2 4 
6.5 0.18 0.34 1.6 0.04 43 148 0.9912 3.32 0.59 11.5 8 
7.8 0.27 0.58 11.2 0.036 44 161 0.9977 3.06 0.41 8.9 6 
7.3 0.28 0.42 14.4 0.04 49 173 0.9994 3.28 0.82 9 7 
7.4 0.28 0.4 11.9 0.032 13 92 0.99629 3.01 0.46 10.8 4 
7.3 0.32 0.35 1.4 0.05 8 163 0.99244 3.24 0.42 10.7 5 
7.4 0.32 0.27 12.9 0.04 60 221 0.99831 3.05 0.66 9.4 5 
7.1 0.26 0.3 2 0.031 13 128 0.9917 3.19 0.49 11.4 5 
7.8 0.32 0.31 1.7 0.036 46 195 0.993 3.03 0.48 10.5 5 
5.4 0.18 0.24 4.8 0.041 30 113 0.99445 3.42 0.4 9.4 6 
6.9 0.33 0.62 7.5 0.038 46 132 0.99143 3.23 0.43 13.4 7 
6.6 0.29 0.31 3.9 0.027 39 96 0.99035 3.24 0.6 12.6 8 
7.1 0.28 0.19 7.8 0.04 48 184 0.99579 3.16 0.5 9.4 5 
5.8 0.29 0.27 1.6 0.062 17 140 0.99138 3.23 0.35 11.1 6 
7.2 0.32 0.3 8.25 0.02 14 104 0.99362 2.99 0.44 11.4 6 
7.4 0.2 0.35 6.1 0.025 10 40 0.99244 2.79 0.52 10.9 5 
6.4 0.475 0.06 1 0.03 9 131 0.9904 2.97 0.29 10.8 5 
6.7 0.16 0.34 1.6 0.026 27 109 0.9934 3.34 0.58 10.1 6 
6.8 0.45 0.28 26.05 0.031 27 122 1.00295 3.06 0.42 10.6 6 
7 0.28 0.33 14.6 0.043 47 168 0.9994 3.34 0.67 8.8 6 
5.3 0.3 0.16 4.2 0.029 37 100 0.9905 3.3 0.36 11.8 8 
6.6 0.085 0.33 1.4 0.036 17 109 0.99306 3.27 0.61 9.5 6 
8.1 0.26 0.33 11.1 0.052 52.5 158 0.9976 3.03 0.49 10.2 7 
6.2 0.22 0.49 6 0.029 31 128 0.9928 3.41 0.36 11.3 8 
6.7 0.34 0.31 16.4 0.051 20 146 0.99834 3.06 0.54 9.1 5 
6.6 0.18 0.26 17.3 0.051 17 149 0.9984 3 0.43 9.4 6 
7.3 0.19 0.27 13.9 0.057 45 155 0.99807 2.94 0.41 8.8 8 
6 0.26 0.32 3.5 0.028 29 113 0.9912 3.4 0.71 12.3 7 
6.5 0.32 0.3 2.3 0.051 20 127 0.98964 3.13 0.52 12.8 6 
6.7 0.16 0.32 12.5 0.035 18 156 0.99666 2.88 0.36 9 6 
7.6 0.27 0.32 1.2 0.043 23 72 0.99236 3.06 0.68 10.5 5 
7.4 0.27 0.26 11.8 0.053 55 173 0.99699 3.11 0.6 9.8 5 
6 0.32 0.12 5.9 0.041 34 190 0.9944 3.16 0.72 10 5 
6.8 0.32 0.37 3.4 0.023 19 87 0.9902 3.14 0.53 12.7 6 
5.6 0.23 0.29 3.1 0.023 19 89 0.99068 3.25 0.51 11.2 6 
6.7 0.23 0.31 2.1 0.046 30 96 0.9926 3.33 0.64 10.7 8 
7.6 0.2 0.3 14.2 0.056 53 212.5 0.999 3.14 0.46 8.9 8 
6 0.41 0.21 1.9 0.05 29 122 0.9928 3.42 0.52 10.5 6 
7.3 0.29 0.3 13 0.043 46 238 0.9986 3.06 0.41 8.7 6 
6.6 0.21 0.31 11.4 0.039 46 165 0.99795 3.41 0.44 9.8 7 
6 0.44 0.26 3.1 0.053 57 128 0.98982 3.22 0.39 12.7 6 
7.4 0.16 0.3 13.7 0.056 33 168 0.99825 2.9 0.44 8.7 7 
6.8 0.21 0.36 18.1 0.046 32 133 1 3.27 0.48 8.8 5 
6.9 0.23 0.32 16.4 0.045 62 153 0.9972 3.22 0.42 10.5 5 
7.1 0.24 0.41 17.8 0.046 39 145 0.9998 3.32 0.39 8.7 5 
6.9 0.23 0.33 12.8 0.056 44 169 0.998 3.42 0.42 9.8 6 
7.9 0.64 0.46 10.6 0.244 33 227 0.9983 2.87 0.74 9.1 3 
6.1 0.28 0.25 17.75 0.044 48 161 0.9993 3.34 0.48 9.5 5 
6.6 0.23 0.2 11.4 0.044 45 131 0.99604 2.96 0.51 9.7 6 
7.3 0.19 0.24 6.3 0.054 34 231 0.9964 3.36 0.54 10 6 
6.8 0.52 0.26 5.7 0.038 27 130 0.99 3.11 0.27 13 7 
6.2 0.2 0.26 1.7 0.093 40 161 0.9924 3.44 0.66 11 5 
7.2 0.27 0.42 1.6 0.05 35 135 0.992 2.94 0.46 11 6 
7.1 0.47 0.24 6 0.044 11 77 0.9956 3.21 0.56 9.7 5 
6.3 0.21 0.29 11.7 0.048 49 147 0.99482 3.22 0.38 10.8 5 
7.8 0.18 0.31 12.2 0.053 46 140 0.998 3.06 0.53 8.9 6 
7.6 0.39 0.32 3.6 0.035 22 93 0.99144 3.08 0.6 12.5 7 
5.6 0.295 0.2 2.2 0.049 18 134 0.99378 3.21 0.68 10 5 
6.6 0.25 0.33 8.5 0.042 29 141 0.99546 3.28 0.6 10.4 5 
6.6 0.16 0.34 1.1 0.037 41 115 0.9899 3.01 0.68 12 6 
7.5 0.19 0.34 2.6 0.037 33 125 0.9923 3.1 0.49 11.1 7 
5.6 0.19 0.39 1.1 0.043 17 67 0.9918 3.23 0.53 10.3 6 
6.3 0.13 0.42 1.1 0.043 63 146 0.99066 3.13 0.72 11.2 7 
8.3 0.21 0.41 2.2 0.05 24 108 0.994 2.85 0.45 9.5 5 
7 0.16 0.32 8.3 0.045 38 126 0.9958 3.21 0.34 9.2 5 
7 0.24 0.47 1.3 0.043 18 131 0.99176 3.19 0.45 11 6 
6.6 0.42 0.33 2.8 0.034 15 85 0.99 3.28 0.51 13.4 6 
7 0.21 0.22 5.1 0.048 38 168 0.9945 3.34 0.49 10.4 6 
5.6 0.21 0.24 4.4 0.027 37 150 0.991 3.3 0.31 11.5 7 
5.6 0.235 0.29 1.2 0.047 33 127 0.991 3.34 0.5 11 7 
7.3 0.28 0.37 1.2 0.039 26 99 0.99198 3.01 0.62 10.8 5 
6.7 0.37 0.25 2.5 0.028 24 84 0.9909 3.14 0.36 11.7 6 
7.4 0.19 0.3 12.8 0.053 48.5 229 0.9986 3.14 0.49 9.1 7 
8.3 0.4 0.38 1.1 0.038 15 75 0.9934 3.03 0.43 9.2 5 
8.3 0.18 0.3 1.1 0.033 20 57 0.99109 3.02 0.51 11 6 
6.9 0.54 0.26 12.7 0.049 59 195 0.99596 3.26 0.54 10.5 6 
7.6 0.16 0.44 1.4 0.043 25 109 0.9932 3.11 0.75 10.3 6 
7.8 0.43 0.49 13 0.033 37 158 0.9955 3.14 0.35 11.3 6 
6.5 0.3 0.28 11.45 0.041 29 109 0.99418 2.98 0.3 10.9 6 
9.2 0.34 0.27 1.2 0.026 17 73 0.9921 3.08 0.39 10.8 5 
6.9 0.24 0.33 12.5 0.046 47 153 0.9983 3.28 0.77 9.6 6 
7.9 0.3 0.27 8.5 0.036 20 112 0.9939 2.96 0.46 11.7 6 
7 0.32 0.35 1.5 0.039 24 125 0.9918 3.17 0.64 12.2 6 
6.8 0.32 0.34 6 0.05 5 129 0.9953 3.19 0.4 9.1 5 
6.6 0.13 0.3 4.9 0.058 47 131 0.9946 3.51 0.45 10.3 6 
5.7 0.28 0.36 1.8 0.041 38 90 0.99002 3.27 0.98 11.9 7 
7.7 0.44 0.24 11.2 0.031 41 167 0.9948 3.12 0.43 11.3 7 
5.6 0.35 0.4 6.3 0.022 23 174 0.9922 3.54 0.5 11.6 7 
6.4 0.23 0.37 7.9 0.05 60 150 0.99488 2.86 0.49 9.3 6 
7 0.35 0.17 1.1 0.049 7 119 0.99297 3.13 0.36 9.7 6 
8 0.19 0.36 1.8 0.05 16 84 0.9936 3.15 0.45 9.8 7 
6.4 0.31 0.28 1.5 0.037 12 119 0.9919 3.32 0.51 10.4 7 
7 0.15 0.28 14.7 0.051 29 149 0.99792 2.96 0.39 9 7 
7.2 0.21 1 1.1 0.154 46 114 0.9931 2.95 0.43 9.2 6 
8.1 0.17 0.44 14.1 0.053 43 145 1.0006 3.28 0.75 8.8 8 
8 0.18 0.49 1.8 0.061 10 145 0.9942 3.23 0.48 10 5 
7.6 0.31 0.27 5.8 0.036 23 109 0.99399 3.34 0.54 11 6 
7.3 0.28 0.54 12.9 0.049 62 162.5 0.9984 3.06 0.45 9.1 6 
9.9 1.005 0.46 1.4 0.046 34 185 0.9966 3.02 0.49 10.2 4 
7.1 0.42 0.2 2.8 0.038 28 109 0.98968 3.23 0.47 13.4 6 
5.3 0.31 0.38 10.5 0.031 53 140 0.99321 3.34 0.46 11.7 6 
7.8 0.43 0.49 13 0.033 37 158 0.9955 3.14 0.35 11.3 6 
7.6 0.27 0.42 2.6 0.044 29 110 0.9912 3.31 0.51 12.7 6 
6.7 0.33 0.49 1.6 0.167 20 94 0.9914 3.11 0.5 11.4 6 
7 0.15 0.28 14.7 0.051 29 149 0.99792 2.96 0.39 9 7 
9.2 0.27 0.34 10.5 0.043 49 228 0.9974 3.04 0.41 10.4 6 
7 0.28 0.32 7.75 0.032 30 114 0.99158 3.12 0.64 12.8 7 
8.8 0.39 0.35 1.8 0.096 22 80 0.99016 2.95 0.54 12.6 6 
7.3 0.22 0.3 8.2 0.047 42 207 0.9966 3.33 0.46 9.5 6 
7.4 0.19 0.49 6.7 0.037 15 110 0.9938 3.2 0.38 11 7 
7.1 0.25 0.3 2.4 0.042 25 122 0.994 3.43 0.61 10.5 6 
6.9 0.48 0.36 3.5 0.03 31 135 0.9904 3.14 0.38 12.2 7 
7.6 0.19 0.32 18.75 0.047 32 193 1.00014 3.1 0.5 9.3 7 
7.6 0.2 0.3 14.2 0.056 53 212.5 0.999 3.14 0.46 8.9 8 
5.6 0.19 0.27 0.9 0.04 52 103 0.99026 3.5 0.39 11.2 5 
6.9 0.39 0.22 4.3 0.03 10 102 0.993 3 0.87 11.6 4 
7.3 0.24 0.39 3.6 0.024 35 116 0.9928 3.17 0.51 10.9 5 
7.2 0.34 0.3 8.4 0.051 40 167 0.99756 3.48 0.62 9.7 5 
7.2 0.2 0.34 2.7 0.032 49 151 0.99 3.16 0.39 12.7 7 
6.4 0.35 0.28 1.1 0.055 9 160 0.99405 3.42 0.5 9.1 7 
9.2 0.34 0.54 17.3 0.06 46 235 1.00182 3.08 0.61 8.8 6 
6.6 0.17 0.26 7.4 0.052 45 128 0.99388 3.16 0.37 10 6 
6.7 0.31 0.31 9.9 0.04 10 175 0.9953 3.46 0.55 11.4 4 
6.4 0.15 0.4 1.5 0.042 23 87 0.98972 3.11 0.46 12.2 7 
6.3 0.3 0.24 6.6 0.04 38 141 0.995 3.22 0.47 9.5 5 
6.8 0.27 0.22 17.8 0.034 16 116 0.9989 3.07 0.53 9.2 5 
8.8 0.34 0.33 9.7 0.036 46 172 0.9966 3.08 0.4 10.2 5 
7.2 0.16 0.35 1.2 0.031 27 84 0.9928 3.33 0.34 9.9 5 
6.1 0.2 0.4 1.9 0.028 32 138 0.9914 3.26 0.72 11.7 5 
7.9 0.28 0.41 4.9 0.058 31 153 0.9966 3.27 0.51 9.7 6 
5.8 0.27 0.2 7.3 0.04 42 145 0.99442 3.15 0.48 9.8 5 
5.8 0.27 0.4 1.2 0.076 47 130 0.99185 3.13 0.45 10.3 6 
7.8 0.27 0.34 1.6 0.046 27 154 0.9927 3.05 0.45 10.5 6 
6.2 0.23 0.36 17.2 0.039 37 130 0.99946 3.23 0.43 8.8 6 
7.6 0.2 0.26 4.8 0.033 26 76 0.99076 2.98 0.49 12.3 7 
6.9 0.28 0.22 10 0.052 36 131 0.99696 3.08 0.46 9.6 5 
6.3 0.27 0.46 11.1 0.053 44 177 0.99691 3.18 0.67 9.4 5 
4.7 0.145 0.29 1 0.042 35 90 0.9908 3.76 0.49 11.3 6 
6.6 0.41 0.27 10.7 0.11 20 103 0.99672 3.08 0.41 9 6 
7.3 0.13 0.32 14.4 0.051 34 109 0.9974 3.2 0.35 9.2 6 
4.8 0.21 0.21 10.2 0.037 17 112 0.99324 3.66 0.48 12.2 7 
7.3 0.3 0.34 2.7 0.044 34 108 0.99105 3.36 0.53 12.8 8 
5.6 0.26 0.26 5.7 0.031 12 80 0.9923 3.25 0.38 10.8 5 
7.1 0.26 0.34 14.4 0.067 35 189 0.9986 3.07 0.53 9.1 7 
6.1 0.55 0.15 9.8 0.031 19 125 0.9957 3.36 0.47 10.2 6 
7.9 0.16 0.3 4.8 0.037 37 171 0.9967 3.47 0.44 9 4 
7 0.39 0.31 5.3 0.169 32 162 0.9965 3.2 0.48 9.4 5 
5.2 0.285 0.29 5.15 0.035 64 138 0.9895 3.19 0.34 12.4 8 
7.8 0.3 0.29 16.85 0.054 23 135 0.9998 3.16 0.38 9 6 
8.2 0.23 0.4 1.2 0.027 36 121 0.992 3.12 0.38 10.7 6 
6.5 0.28 0.28 8.5 0.047 54 210 0.9962 3.09 0.54 8.9 4 
8.5 0.15 0.49 1.5 0.031 17 122 0.9932 3.03 0.4 10.3 6 
8 0.44 0.49 9.1 0.031 46 151 0.9926 3.16 0.27 12.7 8 
6.3 0.28 0.24 8.45 0.031 32 172 0.9958 3.39 0.57 9.7 7 
6.3 0.36 0.28 2.5 0.035 18 73 0.98868 3.1 0.47 12.8 7 
7.6 0.31 0.24 1.8 0.037 39 150 0.9913 3.05 0.44 11.8 7 
6.8 0.27 0.3 13 0.047 69 160 0.99705 3.16 0.5 9.6 6 
8 0.34 0.49 9 0.033 39 180 0.9936 3.13 0.38 12.3 8 
6.3 0.27 0.18 7.7 0.048 45 186 0.9962 3.23 0.47 9 5 
7 0.3 0.28 2.2 0.042 21 177 0.99166 3.2 0.57 11.4 5 
6.7 0.43 0.23 5 0.157 49 145 0.99471 3.17 0.49 9.4 5 
7.1 0.2 0.3 0.9 0.019 4 28 0.98931 3.2 0.36 12 6 
6.2 0.26 0.19 3.4 0.049 47 172 0.9924 3.14 0.43 10.4 6 
7.8 0.24 0.18 6.7 0.046 33 160 0.9963 3.2 0.56 9.8 6 
6.5 0.13 0.27 2.6 0.035 32 76 0.9914 3.21 0.76 11.3333333333333 6 
7.1 0.27 0.27 10.4 0.041 26 114 0.99335 3.04 0.52 11.5 7 
6.4 0.18 0.28 17.05 0.047 53 139 0.99724 3.25 0.35 10.5 6 
6.5 0.43 0.18 13.15 0.032 25 131 0.99565 3.23 0.51 10.7 5 
7.2 0.4 0.49 1.1 0.048 11 138 0.9929 3.01 0.42 9.3 5 
7.8 0.28 0.34 1.6 0.028 32 118 0.9901 3 0.38 12.1 7 
7.5 0.42 0.34 4.3 0.04 34 108 0.99155 3.14 0.45 12.8 8 
6 0.43 0.34 7.6 0.045 25 118 0.99222 3.03 0.37 11 6 
7.9 0.28 0.49 7.7 0.045 48 195 0.9954 3.04 0.55 11 6 
6.8 0.37 0.67 1.5 0.175 16 98 0.99244 3.06 0.56 10.3 6 
6.6 0.21 0.49 18.15 0.042 41 158 0.9997 3.28 0.39 8.7 6 
7.2 0.27 0.37 5.4 0.026 27 114 0.99174 3.13 0.84 12.7 5 
6.4 0.27 0.17 8.4 0.044 60 198 0.99578 3.21 0.47 9.4 5 
6.7 0.27 0.33 3.6 0.034 9 45 0.99144 3.08 0.4 10.5 6 
6 0.33 0.2 1.8 0.031 49 159 0.9919 3.41 0.53 11 6 
6 0.1 0.24 1.1 0.041 15 65 0.9927 3.61 0.61 10.3 7 
7.3 0.205 0.31 1.7 0.06 34 110 0.9963 3.72 0.69 10.5 6 
6.8 0.15 0.41 12.9 0.044 79.5 183 0.99742 3.24 0.78 10.2 6 
7.3 0.32 0.23 13.7 0.05 49 197 0.9985 3.2 0.46 8.7 5 
6.9 0.33 0.21 1 0.053 39 148 0.9927 3.12 0.45 9.4 6 
6.9 0.22 0.37 15 0.053 59 178 0.9992 3.37 0.82 9.5 7 
7.2 0.585 0.2 10.4 0.086 17 94 0.99681 3.13 0.4 9.4 5 
6.5 0.32 0.34 5.7 0.044 27 91 0.99184 3.28 0.6 12 7 
6 0.34 0.24 5.4 0.06 23 126 0.9951 3.25 0.44 9 7 
7 0.31 0.52 1.7 0.029 5 61 0.9918 3.07 0.43 10.4 5 
6 0.32 0.3 7.3 0.174 46 159 0.99519 3.18 0.49 9.4 5 
6.5 0.25 0.32 9.9 0.045 41 128 0.99636 3.18 0.52 9.6 6 
6.3 0.29 0.28 4.7 0.059 28 81 0.99036 3.24 0.56 12.7 8 
7.5 0.42 0.14 10.7 0.046 18 95 0.9959 3.22 0.33 10.7 5 
5.1 0.33 0.27 6.7 0.022 44 129 0.99221 3.36 0.39 11 7 
6.7 0.18 0.3 6.4 0.048 40 251 0.9956 3.29 0.52 10 5 
5.8 0.28 0.34 4 0.031 40 99 0.9896 3.39 0.39 12.8 7 
9 0.43 0.3 1.5 0.05 7 175 0.9951 3.11 0.45 9.7 4 
5.7 0.4 0.35 5.1 0.026 17 113 0.99052 3.18 0.67 12.4 6 
6.6 0.22 0.28 4.9 0.042 51 180 0.9952 3.3 0.75 9.5 6 
6.8 0.28 0.36 7 0.043 60 207 0.99556 3.16 0.49 9.6 6 
7.4 0.25 0.36 13.2 0.067 53 178 0.9976 3.01 0.48 9 6 
5.7 0.37 0.3 1.1 0.029 24 88 0.98883 3.18 0.39 11.7 6 
8.3 0.23 0.43 3.2 0.035 14 101 0.9928 3.15 0.36 11.5 5 
6.2 0.37 0.24 6.1 0.032 19 86 0.98934 3.04 0.26 13.4 8 
7.5 0.26 0.3 4.6 0.027 29 92 0.99085 3.15 0.38 12 7 
6.3 0.34 0.19 5.8 0.041 22 145 0.9943 3.15 0.63 9.9 5 
6.5 0.25 0.35 12 0.055 47 179 0.998 3.58 0.47 10 5 
7.7 0.26 0.4 1.1 0.042 9 60 0.9915 2.89 0.5 10.6 5 
6.5 0.15 0.55 5.9 0.045 75 162 0.99482 2.97 0.4 9.3 5 
5.6 0.41 0.22 7.1 0.05 44 154 0.9931 3.3 0.4 10.5 5 
8.9 0.27 0.28 0.8 0.024 29 128 0.98984 3.01 0.35 12.4 6 
6.7 0.21 0.48 14.8 0.05 31 195 0.99942 2.95 0.75 8.8 6 
6.7 0.17 0.5 2.1 0.043 27 122 0.9923 3.15 0.45 10.3 6 
4.8 0.34 0 6.5 0.028 33 163 0.9939 3.36 0.61 9.9 6 
7.8 0.25 0.28 7.2 0.04 46 179 0.99541 3.14 0.6 10.1 6 
5.5 0.14 0.27 4.6 0.029 22 104 0.9949 3.34 0.44 9 5 
7.4 0.25 0.36 13.2 0.067 53 178 0.9976 3.01 0.48 9 6 
6.7 0.24 0.32 9 0.023 20 109 0.99262 3.34 0.35 12.6 6 
7.2 0.24 0.36 2 0.029 21 63 0.99076 3.13 0.63 12.5 6 
6.4 0.45 0.07 1.1 0.03 10 131 0.9905 2.97 0.28 10.8 5 
8.4 0.18 0.42 5.1 0.036 7 77 0.9939 3.16 0.52 11.7 5 
6 0.2 0.33 1.1 0.039 45 126 0.99051 3.31 0.45 11.6 7 
7.5 0.34 0.24 3.85 0.031 5 34 0.99098 3.01 0.36 11.8 4 
7.3 0.25 0.26 7.2 0.048 52 207 0.99587 3.12 0.37 9.2 5 
7.2 0.2 0.28 1.6 0.028 13 168 0.99203 3.17 1.06 11.5 6 
6.8 0.29 0.32 1.8 0.032 18 130 0.99095 3.05 0.62 11.2 6 
7.1 0.3 0.46 1.5 0.066 29 133 0.9906 3.12 0.54 12.7 6 
7 0.32 0.27 7.1 0.027 37 122 0.99165 3.15 0.6 12.6 7 
6.1 0.32 0.28 6.6 0.021 29 132 0.99188 3.15 0.36 11.45 7 
7.7 0.32 0.62 10.6 0.036 56 153 0.9978 3.13 0.44 8.9 6 
7.7 0.28 0.35 15.3 0.056 31 117 0.9998 3.27 0.5 9.6 5 
5.9 0.19 0.26 7.4 0.034 33 123 0.995 3.49 0.42 10.1 6 
8.5 0.17 0.31 1 0.024 13 91 0.993 2.79 0.37 10.1 5 
6.4 0.25 0.37 4.5 0.039 41 147 0.9921 3.18 0.4 11.1 7 
6.1 0.25 0.28 10 0.055 56 131 0.994 3.22 0.35 10.9 6 
6.8 0.28 0.4 22 0.048 48 167 1.001 2.93 0.5 8.7 5 
6 0.32 0.3 1.9 0.033 41 142 0.98912 3.29 0.42 12.8 7 
8.8 0.24 0.23 10.3 0.032 12 97 0.99571 3.13 0.4 10.7 6 
6 0.29 0.21 15.55 0.043 20 142 0.99658 3.11 0.54 10.1 6 
7.5 0.23 0.35 17.8 0.058 128 212 1.00241 3.44 0.43 8.9 5 
7 0.33 0.78 9.9 0.042 21 251 0.99435 3.01 0.55 11 6 
6.1 0.16 0.34 6.1 0.034 31 114 0.99365 3.32 0.58 10.15 7 
6.7 0.13 0.29 5.3 0.051 31 122 0.9944 3.44 0.37 9.7 6 
6.9 0.19 0.32 7.9 0.042 30 130 0.99456 3.4 0.39 10.5 6 
6.2 0.21 0.29 1.6 0.039 24 92 0.99114 3.27 0.5 11.2 6 
7.5 0.35 0.28 9.6 0.051 26 157 0.9969 3.12 0.53 9.2 6 
6.6 0.16 0.29 1.8 0.05 40 147 0.9912 3.06 0.44 11.4 7 
7.2 0.31 0.26 7.3 0.05 37 157 0.99625 3.09 0.43 9 5 
6.6 0.39 0.22 4 0.038 17 98 0.99018 3.25 0.53 13 7 
7.1 0.31 0.17 1 0.042 21 144 0.99304 3.13 0.4 9.6 5 
6.4 0.13 0.47 1.6 0.092 40 158 0.9928 3.21 0.36 9.8 6 
6.7 0.3 0.35 1.4 0.18 36 160 0.9937 3.11 0.54 9.4 6 
6.1 0.2 0.25 1.2 0.038 34 128 0.9921 3.24 0.44 10.1 5 
7.1 0.46 0.23 13.7 0.045 44 192 0.9981 3.11 0.53 9.4 5 
8.1 0.17 0.21 1.6 0.036 24 119 0.99396 3.18 0.52 10.1 6 
6.2 0.28 0.28 4.3 0.026 22 105 0.989 2.98 0.64 13.1 8 
6.2 0.28 0.51 7.9 0.056 49 206 0.9956 3.18 0.52 9.4 5 
7.1 0.26 0.49 2.2 0.032 31 113 0.9903 3.37 0.42 12.9 9 
7.2 0.29 0.4 7.6 0.024 56 177 0.9928 3.04 0.32 11.5 6 
9.7 0.24 0.49 4.9 0.032 3 18 0.99368 2.85 0.54 10 6 
7 0.34 0.39 6.9 0.066 43 162 0.99561 3.11 0.53 9.5 5 
6.5 0.31 0.14 7.5 0.044 34 133 0.9955 3.22 0.5 9.5 5 
7.3 0.25 0.42 14.2 0.041 57 182 0.9996 3.29 0.75 9.1 7 
7.2 0.23 0.25 18.8 0.085 19 111 1.00044 3.1 0.51 8.7 5 
6.9 0.23 0.34 2.7 0.032 24 121 0.9902 3.14 0.38 12.4 7 
5.8 0.18 0.37 1.2 0.036 19 74 0.98853 3.09 0.49 12.7 7 
7.4 0.34 0.42 1.1 0.033 17 171 0.9917 3.12 0.53 11.3 6 
6.1 0.3 0.47 1.4 0.049 50 187 0.9927 3.19 0.45 9.5 5 
5.6 0.245 0.25 9.7 0.032 12 68 0.994 3.31 0.34 10.5 5 
7 0.36 0.35 2.5 0.048 67 161 0.99146 3.05 0.56 11.1 6 
6.3 0.33 0.2 17.9 0.066 36 161 0.9991 3.14 0.51 8.8 5 
7.5 0.35 0.37 2.5 0.066 29 89 0.98964 3.14 0.42 12.7 6 
7 0.35 0.31 1.8 0.069 15 162 0.9944 3.18 0.47 9.4 5 
6.8 0.32 0.28 4.8 0.034 25 100 0.99026 3.08 0.47 12.4 7 
8.9 0.13 0.49 1 0.028 6 24 0.9926 2.91 0.32 9.9 5 
7 0.21 0.28 8.6 0.045 37 221 0.9954 3.25 0.54 10.4 6 
7.7 0.26 0.51 2.6 0.045 26 159 0.99126 3 0.5 11.2 6 
6.5 0.13 0.27 2.6 0.035 32 76 0.9914 3.21 0.76 11.3333333333333 6 
5.2 0.2 0.27 3.2 0.047 16 93 0.99235 3.44 0.53 10.1 7 
7.1 0.26 0.19 8.2 0.051 53 187 0.996 3.16 0.52 9.7 5 
6.5 0.22 0.19 1.1 0.064 36 191 0.99297 3.05 0.5 9.5 6 
6.7 0.28 0.34 8.9 0.048 32 111 0.99455 3.25 0.54 11 7 
6 0.36 0.06 1.4 0.066 27 128 0.9934 3.26 0.55 9.3 5 
6 0.23 0.34 1.3 0.025 23 111 0.98961 3.36 0.37 12.7 6 
7.5 0.17 0.32 1.7 0.04 51 148 0.9916 3.21 0.44 11.5 7 
6 0.615 0.04 0.8 0.032 8 50 0.99036 3.14 0.4 11 4 
5.8 0.19 0.25 10.8 0.042 33 124 0.99646 3.22 0.41 9.2 6 
5.9 0.29 0.16 7.9 0.044 48 197 0.99512 3.21 0.36 9.4 5 
6.8 0.21 0.55 14.6 0.053 34 159 0.99805 2.93 0.44 9.2 5 
6.3 0.3 0.19 7.7 0.049 47 184 0.99514 3.22 0.48 9.5 5 
7 0.32 0.29 7.6 0.025 35 124 0.99162 3.15 0.65 12.8 7 
7.5 0.33 0.36 2.6 0.051 26 126 0.99097 3.32 0.53 12.7 6 
7.1 0.36 0.24 1.8 0.025 32 102 0.9903 3.34 0.59 12.8 6 
6.7 0.66 0 13 0.033 32 75 0.99551 3.15 0.5 10.7 6 
5.7 0.32 0.18 1.4 0.029 26 104 0.9906 3.44 0.37 11 6 
7.5 0.18 0.31 6.5 0.029 53 160 0.99276 3.03 0.38 10.9 6 
6.4 0.26 0.43 12.6 0.033 64 230 0.9974 3.08 0.38 8.9 5 
5.4 0.29 0.38 1.2 0.029 31 132 0.98895 3.28 0.36 12.4 6 
8.9 0.3 0.35 4.6 0.032 32 148 0.99458 3.15 0.45 11.5 7 
6.6 0.36 0.47 1.4 0.145 26 124 0.99274 3.09 0.56 10.1 6 
6.5 0.24 0.39 17.3 0.052 22 126 0.99888 3.11 0.47 9.2 6 
7.2 0.34 0.2 5.8 0.062 52 203 0.99461 3.17 0.44 9.8 6 
7.8 0.28 0.32 9 0.036 34 115 0.9952 3.17 0.39 10.3 7 
7.1 0.29 0.3 16 0.036 58 201 0.99954 3.3 0.67 9 5 
6.6 0.15 0.32 6 0.033 59 128 0.99192 3.19 0.71 12.1 8 
6.1 0.105 0.31 1.3 0.037 55 145 0.9912 3.41 0.41 11.1 7 
6 0.28 0.24 17.8 0.047 42 111 0.99896 3.1 0.45 8.9 6 
6.9 0.23 0.35 6.9 0.03 45 116 0.99244 2.8 0.54 11 6 
6.8 0.22 0.31 6.9 0.037 33 121 0.99176 3.02 0.39 11.9 8 
5.9 0.48 0.3 1.5 0.037 19 78 0.99057 3.47 0.42 11.9 7 
6.9 0.33 0.21 1 0.053 39 148 0.9927 3.12 0.45 9.4 6 
4.4 0.54 0.09 5.1 0.038 52 97 0.99022 3.41 0.4 12.2 7 
7 0.24 0.51 11 0.029 55 227 0.9965 3.03 0.61 9.5 5 
6 0.21 0.29 13.1 0.042 28 125 0.99936 3.39 0.45 8.6 5 
6.1 0.22 0.28 16.55 0.059 54 135 0.99665 3.2 0.38 10.5 5 
6.1 0.28 0.24 19.95 0.074 32 174 0.99922 3.19 0.44 9.3 6 
7.1 0.2 0.36 11.6 0.042 45 124 0.997 2.92 0.59 9.5 7 
5.3 0.43 0.11 1.1 0.029 6 51 0.99076 3.51 0.48 11.2 4 
8.2 0.27 0.43 1.6 0.035 31 128 0.9916 3.1 0.5 12.3 6 
5.9 0.18 0.28 1 0.037 24 88 0.99094 3.29 0.55 10.65 7 
6.9 0.16 0.3 9.6 0.057 50 185 0.9978 3.39 0.38 9.6 6 
6 0.23 0.34 1.3 0.025 23 111 0.98961 3.36 0.37 12.7 6 
5.8 0.61 0.01 8.4 0.041 31 104 0.9909 3.26 0.72 14.05 7 
6.9 0.12 0.36 2.2 0.037 18 111 0.9919 3.41 0.82 11.9 8 
6.4 0.2 0.32 3.1 0.041 18 126 0.9914 3.43 0.42 12 6 
7.5 0.24 0.31 13.1 0.05 26 180 0.99884 3.05 0.53 9.1 6 
5.6 0.27 0.37 0.9 0.025 11 49 0.98845 3.29 0.33 13.1 6 
7.1 0.22 0.74 2.7 0.044 42 144 0.991 3.31 0.41 12.2 6 
6.5 0.29 0.25 2.5 0.142 8 111 0.9927 3 0.44 9.9 4 
9.8 0.31 0.49 15.4 0.046 13 119 1.0004 3.18 0.45 9.5 5 
7 0.36 0.25 5.7 0.015 14 73 0.98963 2.82 0.59 13.2 6 
6.8 0.25 0.18 1.4 0.056 13 137 0.9935 3.11 0.42 9.5 5 
6.6 0.38 0.36 9.2 0.061 42 214 0.9976 3.31 0.56 9.4 5 
6.3 0.27 0.51 7.6 0.049 35 200 0.99548 3.16 0.54 9.4 4 
7.1 0.15 0.34 1 0.033 27 73 0.98974 3.24 0.41 12.2 6 
6 0.31 0.32 7.4 0.175 47 159 0.9952 3.19 0.5 9.4 6 
6.5 0.28 0.34 4.6 0.054 22 130 0.99193 3.2 0.46 12 7 
7.2 0.6 0.2 9.9 0.07 21 174 0.9971 3.03 0.54 9.1 5 
6.8 0.19 0.4 9.85 0.055 41 103 0.99532 2.98 0.56 10.5 6 
7.5 0.28 0.41 1.3 0.044 11 126 0.99293 3.28 0.45 10.3 5 
7.1 0.28 0.28 8.5 0.03 25 191 0.99338 3.16 0.46 12.2 7 
6.6 0.39 0.28 9.2 0.036 10 92 0.99206 3.07 0.35 12.1 6 
6.8 0.41 0.3 8.8 0.045 28 131 0.9953 3.12 0.59 9.9 5 
9.3 0.34 0.49 7.3 0.052 30 146 0.998 3.17 0.61 10.2 5 
5.4 0.17 0.27 2.7 0.049 28 104 0.99224 3.46 0.55 10.3 6 
6.2 0.16 0.32 1.1 0.036 74 184 0.99096 3.22 0.41 11 6 
8.3 0.42 0.62 19.25 0.04 41 172 1.0002 2.98 0.67 9.7 5 
6.4 0.26 0.21 8.2 0.05 51 182 0.99542 3.23 0.48 9.5 5 
6.7 0.25 0.34 12.85 0.048 30 161 0.9986 3.44 0.47 9.5 6 
6.9 0.32 0.3 1.8 0.036 28 117 0.99269 3.24 0.48 11 6 
8.3 0.27 0.45 1.3 0.048 8 72 0.9944 3.08 0.61 10.3 4 
5.3 0.3 0.3 1.2 0.029 25 93 0.98742 3.31 0.4 13.6 7 
6.8 0.27 0.26 16.1 0.049 55 196 0.9984 3.15 0.5 9.3 5 
6.8 0.26 0.22 4.8 0.041 110 198 0.99437 3.29 0.67 10.6 5 
7.2 0.24 0.28 1.9 0.032 30 92 0.9914 3.1 0.39 10.9 6 
6.5 0.26 0.43 8.9 0.083 50 171 0.9965 2.85 0.5 9 5 
6.9 0.16 0.3 9.6 0.057 50 185 0.9978 3.39 0.38 9.6 6 
7 0.44 0.24 12.1 0.056 68 210 0.99718 3.05 0.5 9.5 5 
9 0.38 0.53 2.1 0.102 19 76 0.99001 2.93 0.57 12.9 5 
6.1 0.27 0.31 1.5 0.035 17 83 0.99076 3.32 0.44 11.1 7 
6.9 0.19 0.35 1.7 0.036 33 101 0.99315 3.21 0.54 10.8 7 
6.2 0.3 0.33 3.5 0.037 37 155 0.98987 3.18 0.37 12.4 6 
8.2 0.22 0.49 9.6 0.037 53 154 0.9951 3.02 0.33 10.6 6 
6.6 0.16 0.32 1.4 0.035 49 186 0.9906 3.35 0.64 12.4 8 
6.4 0.17 0.34 13.4 0.044 45 139 0.99752 3.06 0.43 9.1 6 
5.6 0.26 0 10.2 0.038 13 111 0.99315 3.44 0.46 12.4 6 
6.5 0.36 0.32 1.1 0.031 13 66 0.9916 3.1 0.46 10.6 5 
7.4 0.27 0.26 11.8 0.053 55 173 0.99699 3.11 0.6 9.8 5 
8.4 0.22 0.28 18.8 0.028 55 130 0.998 2.96 0.35 11.6 5 
7 0.23 0.36 7.1 0.028 31 104 0.9922 3.35 0.47 12.1 8 
7.2 0.23 0.39 1.5 0.053 26 106 0.99166 3.18 0.47 11.1 6 
6 0.26 0.5 2.2 0.048 59 153 0.9928 3.08 0.61 9.8 5 
6.3 0.305 0.22 16 0.061 26 141 0.99824 3.08 0.5 9.1 5 
6.7 0.18 0.31 10.6 0.035 42 143 0.99572 3.08 0.49 9.8 7 
7.2 0.17 0.28 17.55 0.05 33 154 0.99971 2.94 0.43 9 7 
7.1 0.3 0.36 6.8 0.055 44.5 234 0.9972 3.49 0.64 10.2 6 
7.7 0.34 0.28 11 0.04 31 117 0.99815 3.27 0.29 9.2 6 
6.6 0.33 0.24 16.05 0.045 31 147 0.99822 3.08 0.52 9.2 5 
5.4 0.46 0.15 2.1 0.026 29 130 0.98953 3.39 0.77 13.4 8 
6.9 0.24 0.33 4.8 0.04 16 131 0.9936 3.26 0.64 10.7 6 
6 0.28 0.29 19.3 0.051 36 174 0.99911 3.14 0.5 9 5 
7.3 0.24 0.43 2 0.021 20 69 0.99 3.08 0.56 12.2 6 
5.2 0.34 0.37 6.2 0.031 42 133 0.99076 3.25 0.41 12.5 6 
5.8 0.335 0.14 5.8 0.046 49 197 0.9937 3.3 0.71 10.3 5 
6.6 0.26 0.36 1.2 0.035 43 126 0.99094 3.01 0.63 11.4 6 
7.8 0.2 0.2 1.4 0.036 25 83 0.99088 3.03 0.46 11.7 6 
6.4 0.24 0.28 11.5 0.05 34 163 0.9969 3.31 0.45 9.5 5 
5.8 0.33 0.2 16.05 0.047 26 166 0.9976 3.09 0.46 8.9 5 
6.8 0.46 0.26 6.3 0.147 49 159 0.99434 3.14 0.47 10 5 
6.4 0.3 0.45 3.5 0.197 76 180 0.9942 3.02 0.39 9.1 6 
7.1 0.34 0.31 5.2 0.032 36 140 0.99166 3.35 0.47 12.3 7 
5.6 0.12 0.26 4.3 0.038 18 97 0.99477 3.36 0.46 9.2 5 
5.6 0.185 0.19 7.1 0.048 36 110 0.99438 3.26 0.41 9.5 6 
8.3 0.14 0.36 8.8 0.026 13 60 0.9956 3.13 0.35 11.05 5 
5.9 0.25 0.24 7.4 0.044 21 113 0.99462 3.38 0.58 10.5 6 
5.9 0.2 0.4 1.3 0.047 23 92 0.99232 3.2 0.45 10 6 
7.1 0.34 0.2 6.1 0.063 47 164 0.9946 3.17 0.42 10 5 
5.8 0.385 0.25 3.7 0.031 38 122 0.99128 3.2 0.63 11.2 6 
5.9 0.32 0.39 3.3 0.114 24 140 0.9934 3.09 0.45 9.2 6 
6.9 0.44 0.42 8.5 0.048 10 147 0.9974 3.32 0.46 9.5 6 
6.5 0.52 0.17 1.4 0.047 5 26 0.9932 3.26 0.32 10 4 
5.5 0.16 0.22 4.5 0.03 30 102 0.9938 3.24 0.36 9.4 6 
5.6 0.19 0.26 1.4 0.03 12 76 0.9905 3.25 0.37 10.9 7 
6.6 0.56 0.22 8.9 0.034 27 133 0.99675 3.2 0.51 9.1 5 
7 0.18 0.37 1.5 0.043 16 104 0.99216 3.18 0.5 10.8 5 
6.9 0.31 0.32 1.6 0.036 34 114 0.99068 3.19 0.45 11.4 7 
6 0.26 0.18 7 0.055 50 194 0.99591 3.21 0.43 9 5 
6.6 0.24 0.22 12.3 0.051 35 146 0.99676 3.1 0.67 9.4 5 
6.9 0.44 0.27 5 0.038 33 166 0.99124 3.2 0.42 12.2 6 
5.8 0.2 0.34 1 0.035 40 86 0.98993 3.5 0.42 11.7 5 
6.6 0.23 0.3 4.6 0.06 29 154 0.99142 3.23 0.49 12.2 8 
6.5 0.26 0.34 16.3 0.051 56 197 1.0004 3.49 0.42 9.8 5 
6.9 0.19 0.31 19.25 0.043 38 167 0.99954 2.93 0.52 9.1 7 
6.2 0.3 0.49 11.2 0.058 68 215 0.99656 3.19 0.6 9.4 6 
6.2 0.3 0.28 1.6 0.036 28 106 0.988245 3.14 0.41 13.3 6 
6.6 0.4 0.3 5.3 0.038 20 125 0.99204 3.36 0.73 12.6 6 
6 0.2 0.26 14.7 0.045 53 125 0.998365 2.99 0.69 9.4 6 
6.6 0.12 0.25 1.4 0.039 21 131 0.99114 3.2 0.45 11.2 7 
7.3 0.19 0.27 13.9 0.057 45 155 0.99807 2.94 0.41 8.8 8 
7.8 0.32 0.33 10.4 0.031 47 194 0.99692 3.07 0.58 9.6 6 
7.7 0.28 0.35 15.3 0.056 31 117 0.9998 3.27 0.5 9.6 5 
6.5 0.26 0.74 13.3 0.044 68 224 0.9972 3.18 0.54 9.5 6 
6.9 0.28 0.4 8.2 0.036 15 95 0.9944 3.17 0.33 10.2 5 
9 0.17 0.49 1 0.039 46 131 0.993 3.09 0.51 10.5 7 
8 0.22 0.28 14 0.053 83 197 0.9981 3.14 0.45 9.8 6 
6.1 0.24 0.32 9 0.031 41 134 0.99234 3.25 0.26 12.3 7 
7.3 0.25 0.28 1.5 0.043 19 113 0.99338 3.38 0.56 10.1 6 
