7 0.27 0.36 20.7 0.045 45 170 1.001 3 0.45 8.8 6 
7 0.27 0.36 20.7 0.045 45 170 1.001 3 0.45 8.8 6 
8.1 0.22 0.43 1.5 0.044 28 129 0.9938 3.22 0.45 11 6 
6.6 0.17 0.38 1.5 0.032 28 112 0.9914 3.25 0.55 11.4 7 
6.2 0.66 0.48 1.2 0.029 29 75 0.9892 3.33 0.39 12.8 8 
6.2 0.66 0.48 1.2 0.029 29 75 0.9892 3.33 0.39 12.8 8 
6.4 0.31 0.38 2.9 0.038 19 102 0.9912 3.17 0.35 11 7 
6.8 0.26 0.42 1.7 0.049 41 122 0.993 3.47 0.48 10.5 8 
7.2 0.32 0.36 2 0.033 37 114 0.9906 3.1 0.71 12.3 7 
7.3 0.28 0.43 1.7 0.08 21 123 0.9905 3.19 0.42 12.8 5 
7.3 0.24 0.39 17.95 0.057 45 149 0.9999 3.21 0.36 8.6 5 
6.2 0.45 0.26 4.4 0.063 63 206 0.994 3.27 0.52 9.8 4 
6.9 0.25 0.35 1.3 0.039 29 191 0.9908 3.13 0.52 11 6 
7.2 0.21 0.34 11.9 0.043 37 213 0.9962 3.09 0.5 9.6 6 
6.7 0.25 0.13 1.2 0.041 81 174 0.992 3.14 0.42 9.8 5 
6.7 0.23 0.31 2.1 0.046 30 96 0.9926 3.33 0.64 10.7 8 
6.8 0.3 0.23 4.6 0.061 50.5 238.5 0.9958 3.32 0.6 9.5 5 
7.1 0.18 0.36 1.4 0.043 31 87 0.9898 3.26 0.37 12.7 7 
6 0.34 0.66 15.9 0.046 26 164 0.9979 3.14 0.5 8.8 6 
7.1 0.12 0.32 9.6 0.054 64 162 0.9962 3.4 0.41 9.4 5 
6 0.21 0.24 12.1 0.05 55 164 0.997 3.34 0.39 9.4 5 
7.1 0.23 0.35 16.5 0.04 60 171 0.999 3.16 0.59 9.1 6 
7.2 0.27 0.46 18.75 0.052 45 255 1 3.04 0.52 8.9 5 
7.2 0.31 0.5 13.3 0.056 68 195 0.9982 3.01 0.47 9.2 5 
6.7 0.41 0.34 9.2 0.049 29 150 0.9968 3.22 0.51 9.1 5 
5.5 0.485 0 1.5 0.065 8 103 0.994 3.63 0.4 9.7 4 
7.3 0.32 0.48 13.3 0.06 57 196 0.9982 3.04 0.5 9.2 5 
7.8 0.24 0.32 12.2 0.054 42 138 0.9984 3.01 0.54 8.8 5 
7.4 0.16 0.31 6.85 0.059 31 131 0.9952 3.29 0.34 9.7 5 
6.3 0.255 0.37 1.1 0.04 37 114 0.9905 3 0.39 10.9 6 
6.9 0.25 0.3 4.1 0.054 23 116 0.994 2.99 0.38 9.4 6 
7.4 0.24 0.42 14 0.066 48 198 0.9979 2.89 0.42 8.9 6 
5.2 0.44 0.04 1.4 0.036 43 119 0.9894 3.36 0.33 12.1 8 
7 0.23 0.36 13 0.051 72 177 0.9972 3.16 0.49 9.8 5 
7.6 0.48 0.37 0.8 0.037 4 100 0.9902 3.03 0.39 11.4 4 
6.8 0.29 0.56 11.9 0.043 66 230 0.9972 3.02 0.63 9.3 5 
6.6 0.15 0.34 5.1 0.055 34 125 0.9942 3.36 0.42 9.6 5 
5.8 0.28 0.35 2.3 0.053 36 114 0.9924 3.28 0.5 10.2 4 
6.8 0.57 0.29 2.2 0.04 15 77 0.9938 3.32 0.74 10.2 5 
5.7 0.28 0.24 17.5 0.044 60 167 0.9989 3.31 0.44 9.4 5 
6.5 0.19 0.3 0.8 0.043 33 144 0.9936 3.42 0.39 9.1 6 
7.2 0.23 0.38 14.3 0.058 55 194 0.9979 3.09 0.44 9 6 
6.1 0.18 0.36 2 0.038 20 249.5 0.9923 3.37 0.79 11.3 6 
6.9 0.4 0.56 11.2 0.043 40 142 0.9975 3.14 0.46 8.7 5 
5.8 0.24 0.39 1.5 0.054 37 158 0.9932 3.21 0.52 9.3 6 
6.4 0.23 0.39 1.8 0.032 23 118 0.9912 3.32 0.5 11.8 6 
6.2 0.24 0.35 1.2 0.038 22 167 0.9912 3.1 0.48 10.6 6 
5.2 0.6 0.07 7 0.044 33 147 0.9944 3.33 0.58 9.7 5 
6.7 0.2 0.41 9.1 0.044 50 166 0.9954 3.14 0.58 9.8 6 
6.7 0.34 0.3 15.6 0.054 51 196 0.9982 3.19 0.49 9.3 5 
7.3 0.32 0.25 7.2 0.056 47 180 0.9961 3.08 0.47 8.8 5 
6.5 0.28 0.33 15.7 0.053 51 190 0.9978 3.22 0.51 9.7 6 
7.2 0.23 0.39 14.2 0.058 49 192 0.9979 2.98 0.48 9 7 
6.2 0.28 0.22 7.3 0.041 26 157 0.9957 3.44 0.64 9.8 7 
6.6 0.24 0.35 7.7 0.031 36 135 0.9938 3.19 0.37 10.5 5 
6.6 0.24 0.35 7.7 0.031 36 135 0.9938 3.19 0.37 10.5 5 
7.2 0.21 0.41 1.3 0.036 33 85 0.992 3.17 0.51 10.4 5 
5.9 0.26 0.4 1.3 0.047 12 139 0.9945 3.45 0.53 10.4 5 
8 0.24 0.36 1.5 0.047 17 129 0.9948 3.2 0.54 10 6 
6.4 0.26 0.42 9.7 0.044 30 140 0.9962 3.18 0.47 9.1 6 
5.4 0.31 0.47 3 0.053 46 144 0.9931 3.29 0.76 10 5 
7.8 0.18 0.46 13.6 0.052 38 118 0.998 3.15 0.5 10 6 
7.1 0.365 0.14 1.2 0.055 24 84 0.9941 3.15 0.43 8.9 5 
7.1 0.39 0.35 12.5 0.044 26 72 0.9941 3.17 0.29 11.6 5 
6.6 0.905 0.19 0.8 0.048 17 204 0.9934 3.34 0.56 10 5 
7.2 0.27 0.27 2.4 0.048 30 149 0.9936 3.1 0.51 9.2 6 
5.7 0.32 0.5 2.6 0.049 17 155 0.9927 3.22 0.64 10 6 
6.4 0.31 0.28 1.5 0.037 12 119 0.9919 3.32 0.51 10.4 7 
6.3 0.39 0.35 5.9 0.04 82.5 260 0.9941 3.12 0.66 10.1 5 
7 0.3 0.38 14.9 0.032 60 181 0.9983 3.18 0.61 9.3 7 
6.8 0.27 0.12 1.3 0.04 87 168 0.992 3.18 0.41 10 5 
6.3 0.2 0.4 1.5 0.037 35 107 0.9917 3.46 0.5 11.4 6 
6.4 0.19 0.42 2.9 0.032 32 83 0.9908 3.3 0.41 11.7 6 
6.3 0.2 0.4 1.5 0.037 35 107 0.9917 3.46 0.5 11.4 6 
6.8 0.27 0.12 1.3 0.04 87 168 0.992 3.18 0.41 10 5 
6.9 0.49 0.24 1.2 0.049 13 125 0.9932 3.17 0.51 9.4 5 
7.4 0.21 0.27 1.2 0.041 27 99 0.9927 3.19 0.33 9.8 6 
6.8 0.29 0.5 13.3 0.053 48 194 0.9974 3.09 0.45 9.4 5 
7.4 0.155 0.34 2.3 0.045 73.5 214 0.9934 3.18 0.61 9.9 7 
6.9 0.2 0.37 6.2 0.027 24 97 0.992 3.38 0.49 12.2 7 
5.8 0.28 0.27 2.6 0.054 30 156 0.9914 3.53 0.42 12.4 5 
6.5 0.41 0.24 14 0.048 24 113 0.9982 3.44 0.53 9.8 6 
6.4 0.28 0.29 1.6 0.052 34 127 0.9929 3.48 0.56 10.5 7 
6.4 0.28 0.29 1.6 0.052 34 127 0.9929 3.48 0.56 10.5 7 
6.1 0.43 0.35 9.1 0.059 83 249 0.9971 3.37 0.5 8.5 5 
6.3 0.21 0.58 10 0.081 34 126 0.9962 2.95 0.46 8.9 5 
7.2 0.39 0.62 11 0.047 66 178 0.9976 3.16 0.5 8.7 5 
7.4 0.28 0.36 1.1 0.028 42 105 0.9893 2.99 0.39 12.4 7 
7 0.22 0.28 1.5 0.037 29 115 0.9927 3.11 0.55 10.5 6 
5.9 0.36 0.41 1.3 0.047 45 104 0.9917 3.33 0.51 10.6 6 
7.4 0.26 0.31 7.6 0.047 52 177 0.9962 3.13 0.45 8.9 6 
7 0.28 0.36 1 0.035 8 70 0.9899 3.09 0.46 12.1 6 
7.2 0.28 0.54 16.7 0.045 54 200 0.999 3.08 0.49 9.5 6 
6.4 0.3 0.3 2.25 0.038 8 210 0.9937 3.2 0.62 9.9 6 
7.8 0.18 0.31 12.2 0.053 46 140 0.998 3.06 0.53 8.9 6 
7.3 0.51 0.26 3.3 0.09 7 135 0.9944 3.01 0.52 8.8 5 
6.7 0.27 0.12 1.3 0.041 62 138 0.9921 3.21 0.42 10 6 
7.8 0.34 0.35 1.8 0.042 8 167 0.9908 3.11 0.41 12.1 6 
7.2 0.34 0.34 12.6 0.048 7 41 0.9942 3.19 0.4 11.7 5 
5.8 0.36 0.32 1.7 0.033 22 96 0.9898 3.03 0.38 11.2 6 
7.9 0.345 0.51 15.3 0.047 54 171 0.9987 3.09 0.51 9.1 5 
5.5 0.35 0.35 1.1 0.045 14 167 0.992 3.34 0.68 9.9 6 
5.9 0.21 0.24 12.1 0.044 53 165 0.9969 3.25 0.39 9.5 5 
6.1 0.26 0.51 2.2 0.05 61 154 0.9929 3.08 0.6 9.8 6 
6 0.38 0.26 6 0.034 42 134 0.9912 3.38 0.38 12.3 7 
5.7 0.18 0.22 4.2 0.042 25 111 0.994 3.35 0.39 9.4 5 
6.6 0.25 0.3 1.6 0.046 32 134 0.993 3.42 0.51 10.1 7 
7.4 0.24 0.22 10.7 0.042 26 81 0.9954 2.86 0.36 9.7 6 
7 0.23 0.33 5.8 0.04 25 136 0.995 3.19 0.58 9.5 6 
7.3 0.2 0.37 1.2 0.037 48 119 0.992 3.32 0.49 10.9 6 
5.9 0.27 0.29 11.4 0.036 31 115 0.9949 3.35 0.48 10.5 8 
6.3 0.26 0.49 1.5 0.052 34 134 0.9924 2.99 0.61 9.8 6 
6.5 0.36 0.28 3.2 0.037 29 119 0.9908 3.25 0.65 12.4 8 
7.4 0.24 0.4 4.3 0.032 9 95 0.992 3.09 0.39 11.1 6 
6.5 0.46 0.41 16.8 0.084 59 222 0.9993 3.18 0.58 9 5 
6.2 0.24 0.29 13.3 0.039 49 130 0.9952 3.33 0.46 11 8 
7.6 0.56 0.12 10.4 0.096 22 177 0.9983 3.32 0.45 9.1 4 
6.1 0.17 0.28 4.5 0.033 46 150 0.9933 3.43 0.49 10.9 6 
6.2 0.17 0.28 4.7 0.037 39 133 0.9931 3.41 0.46 10.8 7 
7.4 0.28 0.25 11.9 0.053 25 148 0.9976 3.1 0.62 9.2 5 
7.1 0.26 0.34 14.4 0.067 35 189 0.9986 3.07 0.53 9.1 7 
7.1 0.28 0.26 1.9 0.049 12 86 0.9934 3.15 0.38 9.4 5 
6.1 0.14 0.25 1.3 0.047 37 173 0.9925 3.35 0.46 10 6 
6.4 0.24 0.5 11.6 0.047 60 211 0.9966 3.18 0.57 9.3 5 
5.7 0.32 0.38 4.75 0.033 23 94 0.991 3.42 0.42 11.8 7 
5.9 0.25 0.25 11.3 0.052 30 165 0.997 3.24 0.44 9.5 6 
8.1 0.46 0.31 1.7 0.052 50 183 0.9923 3.03 0.42 11.2 5 
6.8 0.67 0.3 13 0.29 22 193 0.9984 3.08 0.67 9 4 
6.1 0.36 0.16 6.4 0.037 36 198 0.9944 3.17 0.62 9.9 6 
6 0.36 0.16 6.3 0.036 36 191 0.9942 3.17 0.62 9.8 5 
7.6 0.29 0.58 17.5 0.041 51 225 0.9997 3.16 0.66 9.5 6 
6.7 0.19 0.34 1 0.022 22 94 0.9912 3.23 0.57 11.1 6 
7.5 0.31 0.51 14.8 0.039 62 204 0.9982 3.06 0.6 9.5 5 
7.2 0.18 0.45 4.4 0.046 57 166 0.9943 3.13 0.62 11.2 6 
6.2 0.21 0.27 1.7 0.038 41 150 0.9933 3.49 0.71 10.5 7 
6.9 0.31 0.34 1.6 0.032 23 128 0.9917 3.37 0.47 11.7 6 
6.6 0.33 0.31 1.3 0.02 29 89 0.99035 3.26 0.44 12.4 8 
6.4 0.25 0.3 5.5 0.038 15 129 0.9948 3.14 0.49 9.6 6 
6.4 0.25 0.3 5.5 0.038 15 129 0.9948 3.14 0.49 9.6 6 
7 0.2 0.37 2 0.03 26 136 0.9932 3.28 0.61 10.2 6 
7 0.21 0.34 8.5 0.033 31 253 0.9953 3.22 0.56 10.5 6 
6.9 0.18 0.38 8.1 0.049 44 176 0.9958 3.3 0.54 9.8 6 
6.9 0.18 0.38 8.1 0.049 44 176 0.9958 3.3 0.54 9.8 6 
6.8 0.2 0.36 1.6 0.028 7 46 0.99175 3.21 0.6 10.9 6 
6.6 0.16 0.57 1.1 0.13 58 140 0.9927 3.12 0.39 9.3 7 
8.3 0.14 0.45 1.5 0.039 18 98 0.99215 3.02 0.56 11 6 
6.9 0.22 0.37 15 0.053 59 178 0.9992 3.37 0.82 9.5 7 
7.6 0.3 0.27 10.6 0.039 31 119 0.99815 3.27 0.3 9.3 6 
5.8 0.34 0.16 7 0.037 26 116 0.9949 3.46 0.45 10 7 
6.4 0.31 0.26 13.2 0.046 57 205 0.9975 3.17 0.41 9.6 5 
6 0.39 0.17 12 0.046 65 246 0.9976 3.15 0.38 9 6 
6 0.41 0.05 1.5 0.063 17 120 0.9932 3.21 0.56 9.2 6 
6.5 0.26 0.32 16.5 0.045 44 166 1 3.38 0.46 9.5 6 
7.9 0.35 0.24 15.6 0.072 44 229 0.99785 3.03 0.59 10.5 6 
6.2 0.3 0.17 2.8 0.04 24 125 0.9939 3.01 0.46 9 5 
6.6 0.56 0.22 8.9 0.034 27 133 0.99675 3.2 0.51 9.1 5 
6.8 0.25 0.38 8.1 0.046 24 155 0.9956 3.33 0.59 10.2 6 
7.3 0.25 0.36 2.1 0.034 30 177 0.99085 3.25 0.4 11.9 8 
6 0.2 0.24 1.8 0.03 30 105 0.9909 3.31 0.47 11.5 6 
8.1 0.27 0.35 1.7 0.03 38 103 0.99255 3.22 0.63 10.4 8 
6.1 0.27 0.33 2.2 0.021 26 117 0.9886 3.12 0.3 12.5 6 
6 0.45 0.65 9.7 0.08 11 159 0.9956 3.04 0.48 9.4 5 
10.3 0.17 0.47 1.4 0.037 5 33 0.9939 2.89 0.28 9.6 3 
7.1 0.21 0.32 2.2 0.037 28 141 0.993 3.2 0.57 10 7 
7.4 0.26 0.43 6 0.022 22 125 0.9928 3.13 0.55 11.5 6 
6.1 0.34 0.27 2.6 0.024 20 105 0.9906 3.4 0.67 12.2 7 
7.3 0.26 0.31 1.6 0.04 39 173 0.9918 3.19 0.51 11.4 6 
6.5 0.3 0.32 2 0.044 34 90 0.99185 3.37 0.68 11 7 
5.9 0.26 0.3 1 0.036 38 114 0.9928 3.58 0.48 9.4 5 
7 0.31 0.29 1.4 0.037 33 128 0.9896 3.12 0.36 12.2 7 
5.8 0.26 0.18 1.2 0.031 40 114 0.9908 3.42 0.4 11 7 
6.9 0.21 0.28 2.4 0.056 49 159 0.9944 3.02 0.47 8.8 8 
8 0.32 0.26 1.2 0.05 11.5 88 0.9946 3.24 0.37 9.5 4 
7.7 0.3 0.32 1.6 0.037 23 124 0.9919 2.93 0.33 11 6 
5.9 0.29 0.33 7.4 0.037 58 205 0.99495 3.26 0.41 9.6 5 
6.2 0.28 0.43 13 0.039 64 233 0.99745 3.08 0.38 8.9 5 
5.4 0.415 0.19 1.6 0.039 27 88 0.99265 3.54 0.41 10 7 
7.6 0.345 0.26 1.9 0.043 15 134 0.9936 3.08 0.38 9.5 5 
7.6 0.22 0.34 9.7 0.035 26 143 0.9965 3.08 0.49 9.8 6 
7.3 0.24 0.34 15.4 0.05 38 174 0.9983 3.03 0.42 9 6 
6.5 0.08 0.33 1.9 0.028 23 93 0.991 3.34 0.7 12 7 
5.5 0.42 0.09 1.6 0.019 18 68 0.9906 3.33 0.51 11.4 7 
7.6 0.3 0.25 4.3 0.054 22 111 0.9956 3.12 0.49 9.2 5 
7.4 0.3 0.3 5.2 0.053 45 163 0.9941 3.12 0.45 10.3 6 
6.9 0.19 0.33 1.6 0.043 63 149 0.9925 3.44 0.52 10.8 5 
8.2 0.26 0.44 1.3 0.046 7 69 0.9944 3.14 0.62 10.2 4 
6.5 0.25 0.27 15.2 0.049 75 217 0.9972 3.19 0.39 9.9 5 
6.1 0.24 0.27 9.8 0.062 33 152 0.9966 3.31 0.47 9.5 6 
5.8 0.36 0.26 3.3 0.038 40 153 0.9911 3.34 0.55 11.3 6 
6.6 0.22 0.37 1.2 0.059 45 199 0.993 3.37 0.55 10.3 7 
8.3 0.15 0.39 1.3 0.055 32 146 0.993 3.08 0.39 10.5 6 
6.1 0.16 0.27 12.6 0.064 63 162 0.9994 3.66 0.43 8.9 5 
7.6 0.39 0.22 2.8 0.036 19 113 0.9926 3.03 0.29 10.2 5 
7.1 0.18 0.42 1.4 0.045 47 157 0.9916 2.95 0.31 10.5 6 
8.3 0.14 0.26 1.5 0.049 56 189 0.9946 3.21 0.62 9.5 6 
7.6 0.19 0.38 10.6 0.06 48 174 0.9962 3.13 0.38 10.5 6 
6.8 0.34 0.74 2.8 0.088 23 185 0.9928 3.51 0.7 12 6 
8 0.55 0.17 8.2 0.04 13 60 0.9956 3.09 0.3 9.5 4 
7.5 0.17 0.34 1.4 0.035 13 102 0.9918 3.05 0.74 11 5 
9.4 0.29 0.55 2.2 0.05 17 119 0.9962 3.12 0.69 10.3 4 
8.6 0.26 0.41 2.2 0.049 29 111 0.9941 2.96 0.44 10 5 
7.8 0.26 0.44 1.3 0.037 43 132 0.9944 3.18 0.65 10 5 
6.3 0.23 0.21 5.1 0.035 29 142 0.9942 3.36 0.33 10.1 7 
7.3 0.31 0.69 10.2 0.041 58 160 0.9977 3.06 0.45 8.6 5 
5.2 0.24 0.45 3.8 0.027 21 128 0.992 3.55 0.49 11.2 8 
7 0.17 0.33 4 0.034 17 127 0.9934 3.19 0.39 10.6 7 
8.3 0.21 0.58 17.1 0.049 62 213 1.0006 3.01 0.51 9.3 6 
7.9 0.29 0.39 6.7 0.036 6 117 0.9938 3.12 0.42 10.7 5 
8 0.18 0.37 1.3 0.04 15 96 0.9912 3.06 0.61 12.1 6 
5.8 0.415 0.13 1.4 0.04 11 64 0.9922 3.29 0.52 10.5 5 
6.7 0.105 0.32 12.4 0.051 34 106 0.998 3.54 0.45 9.2 6 
6.6 0.25 0.39 1.45 0.04 40 89 0.9911 3.35 0.4 11.4 7 
9.8 0.36 0.45 1.6 0.042 11 124 0.9944 2.93 0.46 10.8 5 
7.9 0.25 0.29 5.3 0.031 33 117 0.9918 3.06 0.32 11.8 7 
9.2 0.28 0.46 3.2 0.058 39 133 0.996 3.14 0.58 9.5 5 
9 0.31 0.49 6.9 0.034 26 91 0.9937 2.99 0.34 11.5 5 
9.2 0.28 0.46 3.2 0.058 39 133 0.996 3.14 0.58 9.5 5 
7.2 0.24 0.3 1.6 0.048 27 131 0.9933 3.25 0.45 10.5 5 
5.3 0.395 0.07 1.3 0.035 26 102 0.992 3.5 0.35 10.6 6 
6.1 0.45 0.27 0.8 0.039 13 82 0.9927 3.23 0.32 9.5 5 
7.6 0.21 0.44 1.9 0.036 10 119 0.9913 3.01 0.7 12.8 6 
9.8 0.44 0.4 2.8 0.036 35 167 0.9956 2.97 0.39 9.2 5 
7.5 0.42 0.45 9.1 0.029 20 125 0.996 3.12 0.36 10.1 6 
7.4 0.22 0.33 2 0.045 31 101 0.9931 3.42 0.55 11.4 5 
7.9 0.46 0.32 4.1 0.033 40 138 0.9912 3.18 0.44 12.8 7 
6.5 0.41 0.64 11.8 0.065 65 225 0.9978 3.12 0.51 8.9 5 
7.5 0.32 0.37 1.2 0.048 22 184 0.9938 3.09 0.43 9.3 5 
7.1 0.21 0.3 1.4 0.037 45 143 0.9932 3.13 0.33 9.9 6 
7.6 0.26 0.47 1.6 0.068 5 55 0.9944 3.1 0.45 9.6 5 
5 0.33 0.16 1.5 0.049 10 97 0.9917 3.48 0.44 10.7 6 
7.3 0.27 0.39 6.7 0.064 28 188 0.9958 3.29 0.3 9.7 5 
8 0.61 0.38 12.1 0.301 24 220 0.9993 2.94 0.48 9.2 5 
7.2 0.26 0.44 7.1 0.027 25 126 0.993 3.02 0.34 11.1 8 
6.4 0.23 0.33 1.15 0.044 15.5 217.5 0.992 3.33 0.44 11 6 
5.9 0.4 0.32 6 0.034 50 127 0.992 3.51 0.58 12.5 7 
7.9 0.41 0.37 4.5 0.03 40 114 0.992 3.17 0.54 12.4 7 
7.9 0.14 0.28 1.8 0.041 44 178 0.9954 3.45 0.43 9.2 6 
8.4 0.57 0.44 10.7 0.051 46 195 0.9981 3.15 0.51 10.4 5 
6.4 0.17 0.27 6.7 0.036 88 223 0.9948 3.28 0.35 10.2 6 
6.2 0.21 0.38 6.8 0.036 64 245 0.9951 3.06 0.36 9.3 6 
6.9 0.31 0.34 7.4 0.059 36 174 0.9963 3.46 0.62 11.1 7 
8.1 0.5 0.47 1.1 0.037 23 126 0.9938 3.21 0.42 10.9 5 
7.4 0.31 0.74 10.7 0.039 51 147 0.9977 3.02 0.43 8.7 5 
5.2 0.365 0.08 13.5 0.041 37 142 0.997 3.46 0.39 9.9 6 
6.9 0.16 0.35 1.3 0.043 21 182 0.9927 3.25 0.62 10.8 6 
6.5 0.22 0.72 6.8 0.042 33 168 0.9958 3.12 0.36 9.2 6 
7.9 0.16 0.64 17 0.05 69 210 1.0004 3.15 0.51 9.3 7 
7.2 0.16 0.32 0.8 0.04 50 121 0.9922 3.27 0.33 10 6 
8 0.57 0.39 3.9 0.034 22 122 0.9917 3.29 0.67 12.8 7 
6.2 0.12 0.26 5.7 0.044 56 158 0.9951 3.52 0.37 10.5 6 
6.4 0.25 0.33 1.4 0.04 42 115 0.9906 3.19 0.48 11.3 7 
6.9 0.32 0.16 1.4 0.051 15 96 0.994 3.22 0.38 9.5 4 
6.7 0.13 0.28 1.2 0.046 35 140 0.9927 3.33 0.33 10.1 7 
6.2 0.3 0.32 1.7 0.032 30 130 0.9911 3.28 0.41 11.2 7 
6.9 0.46 0.2 0.9 0.054 5 126 0.992 3.1 0.42 10.4 6 
6.8 0.23 0.4 1.6 0.047 5 133 0.993 3.23 0.7 11.4 6 
8.1 0.19 0.4 0.9 0.037 73 180 0.9926 3.06 0.34 10 6 
7 0.2 0.34 5.7 0.035 32 83 0.9928 3.19 0.46 11.5 6 
6.3 0.67 0.48 12.6 0.052 57 222 0.9979 3.17 0.52 9.3 6 
7.3 0.25 0.36 13.1 0.05 35 200 0.9986 3.04 0.46 8.9 7 
7 0.2 0.34 5.7 0.035 32 83 0.9928 3.19 0.46 11.5 6 
5.9 0.415 0.02 0.8 0.038 22 63 0.9932 3.36 0.36 9.3 5 
6.9 0.35 0.74 1 0.044 18 132 0.992 3.13 0.55 10.2 5 
6.2 0.18 0.49 4.5 0.047 17 90 0.9919 3.27 0.37 11.6 6 
7 0.39 0.24 1 0.048 8 119 0.9923 3 0.31 10.1 4 
7.2 0.26 0.74 13.6 0.05 56 162 0.998 3.03 0.44 8.8 5 
7.2 0.31 0.24 1.4 0.057 17 117 0.9928 3.16 0.35 10.5 5 
7 0.18 0.49 5.3 0.04 34 125 0.9914 3.24 0.4 12.2 6 
7.8 0.43 0.49 13 0.033 37 158 0.9955 3.14 0.35 11.3 6 
7.8 0.43 0.49 13 0.033 37 158 0.9955 3.14 0.35 11.3 6 
7 0.2 0.74 0.8 0.044 19 163 0.9931 3.46 0.53 10.2 5 
6.9 0.19 0.49 6.6 0.036 49 172 0.9932 3.2 0.27 11.5 6 
7.1 0.25 0.49 3 0.03 30 96 0.9903 3.13 0.39 12.3 7 
7.8 0.21 0.49 1.35 0.052 6 48 0.9911 3.15 0.28 11.4 5 
6.9 0.25 0.24 3.6 0.057 13 85 0.9942 2.99 0.48 9.5 4 
7.1 0.85 0.49 8.7 0.028 40 184 0.9962 3.22 0.36 10.7 5 
7.4 0.28 0.49 1.5 0.034 20 126 0.9918 2.98 0.39 10.6 6 
6.7 0.25 0.74 19.4 0.054 44 169 1.0004 3.51 0.45 9.8 6 
7.9 0.16 0.74 17.85 0.037 52 187 0.9998 2.99 0.41 9.3 5 
7.5 0.2 0.49 1.3 0.031 8 97 0.9918 3.06 0.62 11.1 5 
6.7 0.51 0.24 2.1 0.043 14 155 0.9904 3.22 0.6 13 6 
8.3 0.2 0.49 1.7 0.04 34 169 0.9938 3.05 0.37 10.1 5 
6.8 0.36 0.24 4.6 0.039 24 124 0.9909 3.27 0.34 12.6 7 
6.8 0.21 0.49 14.5 0.06 50 170 0.9991 3.55 0.44 9.8 6 
7.3 0.155 0.49 1.3 0.039 34 136 0.9926 3.14 0.77 10.5 6 
8.2 0.24 0.49 9.3 0.038 52 163 0.9952 3.02 0.33 10.6 6 
8 0.25 0.49 9 0.044 31 185 0.998 3.34 0.49 10 6 
7.1 0.53 0.24 0.8 0.029 29 86 0.993 3.16 0.32 9.1 4 
7.9 0.18 0.49 5.2 0.051 36 157 0.9953 3.18 0.48 10.6 6 
6.6 0.19 0.99 1.2 0.122 45 129 0.9936 3.09 0.31 8.7 6 
6.9 0.24 0.49 1.3 0.032 35 148 0.9932 3.45 0.57 10.7 7 
7.6 0.23 0.49 10 0.036 45 182 0.9967 3.08 0.58 9.6 6 
8.8 0.35 0.49 1 0.036 14 56 0.992 2.96 0.33 10.5 4 
9.1 0.28 0.49 2 0.059 10 112 0.9958 3.15 0.46 10.1 5 
6.7 0.3 0.74 5 0.038 35 157 0.9945 3.21 0.46 9.9 5 
6.6 0.3 0.74 4.6 0.041 36 159 0.9946 3.21 0.45 9.9 5 
6.9 0.22 0.49 7 0.063 50 168 0.9957 3.54 0.5 10.3 6 
7.3 0.3 0.74 13.5 0.039 46 165 0.9982 3.02 0.4 8.7 5 
5.8 0.19 0.49 4.9 0.04 44 118 0.9935 3.34 0.38 9.5 7 
6.9 0.27 0.49 23.5 0.057 59 235 1.0024 2.98 0.47 8.6 5 
6.9 0.34 0.49 7.3 0.045 61 206 0.9957 3.09 0.4 9 6 
6.4 0.26 0.49 6.4 0.037 37 161 0.9954 3.38 0.53 9.7 6 
9 0.22 0.49 10.4 0.048 52 195 0.9987 3.31 0.44 10.2 6 
8.2 0.2 0.49 3.5 0.057 14 108 0.9928 3.19 0.35 11.5 6 
7.8 0.49 0.49 7 0.043 29 149 0.9952 3.21 0.33 10 5 
8.1 0.3 0.49 12.3 0.049 50 144 0.9971 3.09 0.57 10.2 7 
6.4 0.22 0.49 7.5 0.054 42 151 0.9948 3.27 0.52 10.1 6 
7.1 0.3 0.49 1.6 0.045 31 100 0.9942 3.4 0.59 10.2 5 
7.8 0.28 0.49 1.3 0.046 27 142 0.9936 3.09 0.59 10.2 5 
7.8 0.4 0.49 7.8 0.06 34 162 0.9966 3.26 0.58 11.3 6 
6.6 0.31 0.49 7.7 0.05 52 220 0.9964 3.12 0.45 8.8 5 
7.9 0.33 0.28 31.6 0.053 35 176 1.0103 3.15 0.38 8.8 6 
8.1 0.28 0.46 15.4 0.059 32 177 1.0004 3.27 0.58 9 4 
8.8 0.39 0.34 5.9 0.055 33 128 0.9927 2.95 0.51 11.8 6 
7.1 0.31 0.38 1.2 0.036 10 124 0.9924 3.14 0.44 9.9 6 
7.4 0.26 0.37 9.4 0.047 42 147 0.9982 3.46 0.72 10 5 
7.1 0.16 0.25 1.3 0.034 28 123 0.9915 3.27 0.55 11.4 6 
7 0.24 0.3 4.2 0.04 41 213 0.9927 3.28 0.49 11.8 6 
7.7 0.12 0.32 1.4 0.06 47 150 0.9952 3.37 0.42 9.2 6 
8.5 0.32 0.36 14.9 0.041 47 190 0.9982 3.08 0.31 10 6 
6.9 0.18 0.3 2 0.038 39 190 0.9914 3.32 0.37 12.2 6 
7 0.24 0.3 4.2 0.04 41 213 0.9927 3.28 0.49 11.8 6 
6.7 0.26 0.3 1.8 0.043 25 121 0.9944 3.44 0.61 10.2 6 
7 0.61 0.26 1.7 0.051 25 161 0.9946 3.36 0.6 10.6 4 
8.2 0.15 0.48 2.7 0.052 24 190 0.995 3.5 0.45 10.9 7 
6.5 0.18 0.34 1.6 0.04 43 148 0.9912 3.32 0.59 11.5 8 
6.8 0.3 0.24 6.6 0.123 35 116 0.9953 3.07 0.48 9.4 5 
7.5 0.22 0.33 6.7 0.036 45 138 0.9939 3.2 0.68 11.4 6 
8 0.27 0.24 1.2 0.044 20 102 0.9929 3.28 0.42 10.9 5 
7.4 0.18 0.3 10.4 0.045 44 174 0.9966 3.11 0.57 9.7 6 
7.3 0.21 0.3 10.9 0.037 18 112 0.997 3.4 0.5 9.6 6 
6.9 0.29 0.23 8.6 0.056 56 215 0.9967 3.17 0.44 8.8 5 
7.8 0.39 0.26 9.9 0.059 33 181 0.9955 3.04 0.42 10.9 6 
6.9 0.19 0.28 3 0.054 33 99 0.9924 3.16 0.4 10.8 6 
7.7 0.49 1 19.6 0.03 28 135 0.9973 3.24 0.4 12 6 
6.6 0.25 0.35 14 0.069 42 163 0.999 3.56 0.47 9.8 5 
8.4 0.17 0.31 5.4 0.052 47 150 0.9953 3.24 0.38 9.8 5 
7.1 0.37 0.32 1.4 0.037 27 126 0.9918 3.19 0.62 12 5 
6.9 0.25 0.27 9.05 0.039 37 128 0.9936 3.27 0.34 11.3 8 
7.2 0.15 0.38 1.2 0.038 18 110 0.9917 3.19 0.43 11.1 6 
8.2 0.42 0.29 4.1 0.03 31 100 0.9911 3 0.32 12.8 7 
7.7 0.44 0.24 11.2 0.031 41 167 0.9948 3.12 0.43 11.3 7 
6.6 0.28 0.3 7.8 0.049 57 202 0.9958 3.24 0.39 9.5 5 
6.6 0.31 0.38 16.05 0.058 16 165 0.9997 3.38 0.6 9.2 5 
8 0.2 0.36 1.2 0.032 21 78 0.9921 3.08 0.37 10.4 6 
7.2 0.2 0.61 16.2 0.043 14 103 0.9987 3.06 0.36 9.2 6 
6.8 0.35 0.44 6.5 0.056 31 161 0.9952 3.14 0.44 9.5 5 
7.2 0.31 0.41 8.6 0.053 15 89 0.9976 3.29 0.64 9.9 6 
8.8 0.23 0.35 10.7 0.04 26 183 0.9984 2.93 0.49 9.1 6 
8.3 0.23 0.3 2.1 0.049 21 153 0.9953 3.09 0.5 9.6 6 
7.2 0.36 0.36 5.7 0.038 26 98 0.9914 2.93 0.59 12.5 7 
8.2 0.37 0.27 1.7 0.028 10 59 0.9923 2.97 0.48 10.4 5 
6.3 0.2 0.58 1.4 0.204 15 97 0.9931 3.16 0.43 10 6 
9.2 0.27 0.34 10.5 0.043 49 228 0.9974 3.04 0.41 10.4 6 
7.2 0.47 0.65 8.3 0.083 27 182 0.9964 3 0.35 9.2 5 
8.1 0.26 0.3 7.8 0.049 39 152 0.9954 2.99 0.58 10 6 
6.4 0.22 0.32 12 0.066 57 158 0.9992 3.6 0.43 9 6 
8.1 0.31 0.36 8.2 0.028 29 142 0.9925 3.01 0.34 13 7 
6.4 0.29 0.28 11.1 0.063 66 169 0.9973 2.89 0.57 9 5 
7.2 0.15 0.33 1.1 0.027 16 63 0.9937 3.37 0.4 9.9 5 
7 0.12 0.32 7.2 0.058 22 89 0.9966 3.29 0.38 9.2 6 
7.4 0.32 0.55 16.6 0.056 53 238 1.0017 2.96 0.58 8.7 6 
8.2 0.21 0.48 1.4 0.041 11 99 0.9958 3.17 0.57 9.9 5 
8.3 0.49 0.43 2.5 0.036 32 116 0.9944 3.23 0.47 10.7 6 
7.5 0.38 0.5 12.8 0.042 57 184 0.9984 3.09 0.46 9 6 
7.6 0.16 0.41 1.9 0.047 27 151 0.9937 3.2 0.53 10.1 6 
7.4 0.3 0.22 5.25 0.053 33 180 0.9926 3.13 0.45 11.6 6 
9 0.55 0.3 8.1 0.026 14 71 0.993 2.94 0.36 11.8 5 
6.9 0.19 0.39 8 0.028 22 84 0.994 3.11 0.66 10.8 6 
7.5 0.3 0.71 1.3 0.16 44 149 0.9948 3.08 0.42 8.9 5 
6.4 0.26 0.4 1.7 0.179 5 60 0.9925 3.09 0.54 10.1 5 
6.9 0.32 0.15 8.1 0.046 51 180 0.9958 3.13 0.45 8.9 5 
7.2 0.23 0.33 12.7 0.049 50 183 0.9987 3.41 0.4 9.8 5 
5.7 0.27 0.32 1.2 0.046 20 155 0.9934 3.8 0.41 10.2 6 
8.7 0.24 0.35 0.6 0.042 11 71 0.9926 3.08 0.38 10.6 5 
8.3 0.33 0.43 9.2 0.046 22 126 0.9982 3.38 0.47 9.3 5 
11.8 0.23 0.38 11.1 0.034 15 123 0.9997 2.93 0.55 9.7 3 
6.8 0.21 0.27 18.15 0.042 41 146 1.0001 3.3 0.36 8.7 5 
8.6 0.485 0.29 4.1 0.026 19 101 0.9918 3.01 0.38 12.4 5 
6.8 0.28 0.44 11.5 0.04 58 223 0.9969 3.22 0.56 9.5 5 
6.9 0.17 0.25 1.6 0.047 34 132 0.9914 3.16 0.48 11.4 5 
7.6 0.18 0.36 2.4 0.049 38 123 0.996 3.6 0.46 10.3 5 
7.3 0.34 0.3 1.3 0.057 25 173 0.9948 3.26 0.51 9.1 6 
7.2 0.24 0.19 7.7 0.045 53 176 0.9958 3.17 0.38 9.5 5 
6.7 0.24 0.33 12.3 0.046 31 145 0.9983 3.36 0.4 9.5 5 
6.5 0.22 0.25 17.1 0.05 44 138 1.0001 3.3 0.37 8.8 5 
6.5 0.22 0.25 17.1 0.05 44 138 1.0001 3.3 0.37 8.8 5 
8 0.16 0.36 1.5 0.033 14 122 0.9941 3.2 0.39 10.3 4 
6.9 0.26 0.33 12.6 0.051 59 173 0.998 3.39 0.38 9.9 5 
6 0.28 0.22 12.15 0.048 42 163 0.9957 3.2 0.46 10.1 5 
6.8 0.28 0.39 1.4 0.036 15 115 0.9918 3.27 0.72 11.7 5 
7.8 0.29 0.33 8.75 0.035 33 181 0.9962 3.11 0.46 10.7 5 
7.4 0.18 0.27 1.3 0.048 26 105 0.994 3.52 0.66 10.6 6 
7.4 0.19 0.3 12.8 0.053 48.5 229 0.9986 3.14 0.49 9.1 7 
9.2 0.23 0.35 10.7 0.037 34 145 0.9981 3.09 0.32 9.7 5 
7.7 0.39 0.34 10 0.056 35 178 0.9974 3.26 0.6 10.2 5 
6.6 0.23 0.24 3.9 0.045 36 138 0.9922 3.15 0.64 11.3 7 
8.5 0.28 0.34 13.8 0.041 32 161 0.9981 3.13 0.4 9.9 6 
8.1 0.25 0.38 3.8 0.051 18 129 0.9928 3.21 0.38 11.5 6 
6.5 0.24 0.36 2.2 0.027 36 134 0.9898 3.28 0.36 12.5 7 
8 0.45 0.28 10.8 0.051 25 157 0.9957 3.06 0.47 11.4 7 
6.5 0.39 0.35 1.6 0.049 10 164 0.99516 3.35 0.51 9.7 5 
7.2 0.29 0.18 8.2 0.042 41 180 0.99644 3.16 0.49 9.1 5 
7.5 0.31 0.24 7.1 0.031 28 141 0.99397 3.16 0.38 10.6 7 
7.4 0.18 0.29 1.4 0.042 34 101 0.99384 3.54 0.6 10.5 7 
7.6 0.48 0.28 10.4 0.049 57 205 0.99748 3.24 0.45 9.3 5 
6.2 0.25 0.28 8.5 0.035 28 108 0.99486 3.4 0.42 10.4 6 
7.5 0.29 0.26 14.95 0.067 47 178 0.99838 3.04 0.49 9.2 4 
7.3 0.4 0.28 6.5 0.037 26 97 0.99148 3.16 0.58 12.6 7 
7 0.32 0.31 6.4 0.031 38 115 0.99235 3.38 0.58 12.2 7 
6.9 0.28 0.31 7.2 0.04 47 168 0.9946 3.29 0.57 10.6 7 
6.3 0.41 0.18 3.5 0.027 23 109 0.99018 3.34 0.54 12.8 8 
7 0.32 0.31 6.4 0.031 38 115 0.99235 3.38 0.58 12.2 7 
9.4 0.28 0.3 1.6 0.045 36 139 0.99534 3.11 0.49 9.3 5 
6.1 0.41 0.04 1.3 0.036 23 121 0.99228 3.24 0.61 9.9 6 
6.9 0.3 0.21 7.2 0.045 54 190 0.99595 3.22 0.48 9.4 5 
6.9 0.35 0.55 11.95 0.038 22 111 0.99687 3.11 0.29 9.7 5 
7.6 0.3 0.4 2.2 0.054 29 175 0.99445 3.19 0.53 9.8 5 
8.3 0.27 0.34 10.2 0.048 50 118 0.99716 3.18 0.51 10.3 5 
7.9 0.46 0.4 10.1 0.168 19 184 0.99782 3.06 0.62 9.5 5 
7.9 0.25 0.34 11.4 0.04 53 202 0.99708 3.11 0.57 9.6 6 
7.6 0.32 0.35 1.6 0.092 24 138 0.99438 3.19 0.44 9.8 5 
6.3 0.1 0.24 6 0.039 25 107 0.99511 3.59 0.49 10.5 7 
7.6 0.48 0.37 1.2 0.034 5 57 0.99256 3.05 0.54 10.4 3 
9.4 0.23 0.56 16.45 0.063 52.5 282 1.00098 3.1 0.51 9.3 5 
6.4 0.27 0.19 1.9 0.085 21 196 0.99516 3.49 0.64 9.5 4 
7.6 0.2 0.68 12.9 0.042 56 160 0.99841 3.05 0.41 8.7 5 
6.9 0.3 0.3 1.3 0.053 24 186 0.99361 3.29 0.54 9.9 4 
7.6 0.21 0.35 1.2 0.041 7 106 0.9914 3.06 0.45 11.3 4 
7 0.27 0.29 3.9 0.059 28 199 0.9961 3.54 0.59 10.3 5 
9.2 0.16 0.49 2 0.044 18 107 0.99514 3.1 0.53 10.2 4 
7.5 0.705 0.1 13 0.044 44 214 0.99741 3.1 0.5 9.1 5 
8.2 0.24 0.3 2.3 0.05 23 106 0.99397 2.98 0.5 10 5 
8.3 0.28 0.27 17.5 0.045 48 253 1.00014 3.02 0.56 9.1 6 
6.9 0.43 0.28 9.4 0.056 29 183 0.99594 3.17 0.43 9.4 5 
6.7 0.27 0.26 2.3 0.043 61 181 0.99394 3.45 0.63 10.6 6 
6.6 0.56 0.15 10 0.037 38 157 0.99642 3.28 0.52 9.4 5 
6.9 0.26 0.31 7 0.039 37 175 0.99376 3.32 0.49 11.4 6 
6.6 0.32 0.34 7.7 0.044 63 212 0.99526 3.22 0.48 9.7 6 
6.9 0.34 0.36 1.4 0.032 13 145 0.99214 3.07 0.52 9.8 5 
8.2 0.2 0.38 3.5 0.053 41 174 0.99306 3.22 0.41 11.6 5 
6.5 0.23 0.25 17.3 0.046 15 110 0.99828 3.15 0.42 9.2 6 
5.9 0.28 0.14 8.6 0.032 30 142 0.99542 3.28 0.44 9.5 6 
6.2 0.27 0.18 1.5 0.028 20 111 0.99228 3.41 0.5 10 5 
8.9 0.27 0.34 10.7 0.029 19.5 166 0.99669 3.13 0.48 10.6 5 
6.7 0.5 0.38 7.5 0.046 26 175 0.99662 3.32 0.54 9.6 5 
6.8 0.26 0.24 1.9 0.043 70 154 0.99273 3.18 0.52 10.5 5 
6.4 0.28 0.56 1.7 0.156 49 106 0.99354 3.1 0.37 9.2 6 
6.8 0.18 0.3 12.8 0.062 19 171 0.99808 3 0.52 9 7 
8.2 0.52 0.34 1.2 0.042 18 167 0.99366 3.24 0.39 10.6 5 
6.2 0.26 0.32 15.3 0.031 64 185 0.99835 3.31 0.61 9.4 5 
7.1 0.2 0.3 0.9 0.019 4 28 0.98931 3.2 0.36 12 6 
7.2 0.2 0.36 2.5 0.028 22 157 0.9938 3.48 0.49 10.6 6 
8.9 0.26 0.33 8.1 0.024 47 202 0.99558 3.13 0.46 10.8 6 
7.5 0.25 0.32 8.2 0.024 53 209 0.99563 3.12 0.46 10.8 6 
6.5 0.3 0.39 7.8 0.038 61 219 0.9959 3.19 0.5 9.4 5 
6.5 0.28 0.28 20.4 0.041 40 144 1.0002 3.14 0.38 8.7 5 
7 0.24 0.24 9 0.03 42 219 0.99636 3.47 0.46 10.2 6 
6.8 0.44 0.2 16 0.065 61 186 0.99884 3.13 0.45 8.6 5 
7.3 0.22 0.31 2.3 0.018 45 80 0.98936 3.06 0.34 12.9 7 
6.4 0.28 0.27 11 0.042 45 148 0.99786 3.14 0.46 8.7 5 
6.9 0.4 0.22 5.95 0.081 76 303 0.99705 3.4 0.57 9.4 5 
6.8 0.19 0.23 5.1 0.034 71 204 0.9942 3.23 0.69 10.1 5 
6.7 0.33 0.34 6.6 0.067 35 156 0.99542 3.11 0.48 9.3 6 
7 0.23 0.33 1 0.043 46 110 0.99118 3.04 0.65 10.8 6 
8 0.13 0.25 1.1 0.033 15 86 0.99044 2.98 0.39 11.2 8 
7 0.15 0.3 13.3 0.049 46 120 0.99704 3.2 0.36 9.5 7 
5.7 0.23 0.28 9.65 0.025 26 121 0.9925 3.28 0.38 11.3 6 
6.9 0.31 0.32 1.2 0.024 20 166 0.99208 3.05 0.54 9.8 6 
6.5 0.23 0.36 16.3 0.038 43 133 0.99924 3.26 0.41 8.8 5 
6.8 0.23 0.42 7.4 0.044 56 189 0.9958 3.22 0.48 9.3 6 
7.5 0.26 0.25 1.7 0.038 29 129 0.99312 3.45 0.56 10.4 6 
7.9 0.51 0.34 2.6 0.049 13 135 0.99335 3.09 0.51 10 5 
6.5 0.29 0.31 1.7 0.035 24 79 0.99053 3.27 0.69 11.4 7 
6.5 0.35 0.28 12.4 0.051 86 213 0.9962 3.16 0.51 9.9 6 
6.9 0.615 0.42 12 0.067 24 131 0.99727 3.19 0.34 9.3 5 
8 0.23 0.28 2.7 0.048 49 165 0.9952 3.26 0.72 9.5 6 
7.1 0.43 0.3 6.6 0.025 15 138 0.99126 3.18 0.46 12.6 6 
7.7 0.18 0.35 5.8 0.055 25 144 0.99576 3.24 0.54 10.2 6 
7.9 0.16 0.3 7.4 0.05 58 152 0.99612 3.12 0.37 9.5 6 
6.4 0.27 0.29 10.8 0.028 17 118 0.99356 3.18 0.37 11.2 6 
7 0.36 0.32 10.05 0.045 37 131 0.99352 3.09 0.33 11.7 8 
7.6 0.2 0.36 1.9 0.043 24 111 0.99237 3.29 0.54 11.3 6 
7.1 0.2 0.31 6.85 0.053 32 211 0.99587 3.31 0.59 10.4 6 
7.1 0.2 0.31 7.4 0.053 32 211 0.99587 3.31 0.59 10.4 6 
6.5 0.37 0.3 2.2 0.033 39 107 0.98894 3.22 0.53 13.5 7 
6.4 0.22 0.32 7.2 0.028 15 83 0.993 3.13 0.55 10.9 8 
6.6 0.25 0.51 8 0.047 61 189 0.99604 3.22 0.49 9.2 5 
6.8 0.26 0.44 8.2 0.046 52 183 0.99584 3.2 0.51 9.4 5 
5.5 0.15 0.32 14 0.031 16 99 0.99437 3.26 0.38 11.5 8 
7 0.27 0.48 6.1 0.042 60 184 0.99566 3.2 0.5 9.4 6 
6.7 0.19 0.39 1 0.032 14 71 0.98912 3.31 0.38 13 7 
6 0.21 0.34 2 0.042 63 123 0.99052 3.44 0.42 11.4 6 
6.2 0.15 0.27 1.4 0.041 51 117 0.9909 3.28 0.38 11.2 6 
5.8 0.22 0.29 0.9 0.034 34 89 0.98936 3.14 0.36 11.1 7 
6.6 0.31 0.07 1.5 0.033 55 144 0.99208 3.16 0.42 10 5 
7.7 0.43 0.37 10 0.169 22 210 0.99776 3.02 0.64 9.5 5 
6.7 0.24 0.29 14.9 0.053 55 136 0.99839 3.03 0.52 9 5 
6.9 0.33 0.26 5 0.027 46 143 0.9924 3.25 0.43 11.2 7 
5.3 0.16 0.39 1 0.028 40 101 0.99156 3.57 0.59 10.6 6 
6.7 0.15 0.38 1.7 0.037 20 84 0.99046 3.09 0.53 11.4 6 
6.4 0.22 0.31 13.9 0.04 57 135 0.99672 3.21 0.38 10.7 5 
5.9 0.32 0.33 2.1 0.027 35 138 0.98945 3.37 0.42 12.7 6 
7 0.24 0.3 6.7 0.039 37 125 0.99436 3.2 0.39 9.9 5 
6.8 0.475 0.33 3.95 0.047 16 81 0.98988 3.23 0.53 13.4 7 
6.4 0.2 0.28 2.5 0.032 24 84 0.99168 3.31 0.55 11.5 5 
6.2 0.16 0.34 1.7 0.038 85 153 0.9909 3.33 0.86 12 7 
8.6 0.18 0.28 0.8 0.032 25 78 0.99104 2.99 0.38 11.1 5 
6.5 0.22 0.32 2.2 0.028 36 92 0.99076 3.27 0.59 11.9 7 
5.7 0.21 0.25 1.1 0.035 26 81 0.9902 3.31 0.52 11.4 6 
6.4 0.25 0.32 0.9 0.034 40 114 0.99114 3.31 0.58 10.8 7 
6.2 0.2 0.31 1 0.031 22 73 0.99035 3.24 0.52 11.3 6 
6.9 0.14 0.38 1 0.041 22 81 0.99043 3.03 0.54 11.4 6 
6.5 0.44 0.47 5.45 0.014 44 137 0.98984 3.13 0.32 13 8 
7 0.31 0.31 9.1 0.036 45 140 0.99216 2.98 0.31 12 7 
6.6 0.22 0.29 14.4 0.046 39 118 0.99834 3.05 0.5 9.1 6 
7 0.12 0.29 10.3 0.039 41 98 0.99564 3.19 0.38 9.8 8 
6 0.28 0.52 5 0.078 30 139 0.99494 3.1 0.36 9 6 
7.2 0.2 0.22 1.6 0.044 17 101 0.99471 3.37 0.53 10 5 
7.4 0.35 0.24 6 0.042 28 123 0.99304 3.14 0.44 11.3 5 
6.4 0.12 0.3 1.1 0.031 37 94 0.98986 3.01 0.56 11.7 6 
7.2 0.2 0.22 1.6 0.044 17 101 0.99471 3.37 0.53 10 5 
7.7 0.11 0.34 14.05 0.04 41 114 0.99634 3.07 0.59 11 7 
6.9 0.23 0.41 8 0.03 30 114 0.99368 3.22 0.54 11 6 
6.9 0.38 0.38 13.1 0.112 14 94 0.99792 3.02 0.48 9.2 5 
5.8 0.19 0.24 1.3 0.044 38 128 0.99362 3.77 0.6 10.6 5 
8.4 0.31 0.31 0.95 0.021 52 148 0.99038 2.93 0.32 11.5 5 
6.7 0.2 0.3 1.4 0.025 17 76 0.99104 3.11 0.44 11 6 
7.5 0.19 0.4 7.1 0.056 50 110 0.9954 3.06 0.52 9.9 6 
6.7 0.36 0.26 7.9 0.034 39 123 0.99119 2.99 0.3 12.2 7 
6.7 0.18 0.28 10.2 0.039 29 115 0.99469 3.11 0.45 10.9 7 
6.6 0.22 0.36 5.5 0.029 30 105 0.99206 3.2 0.47 11.8 6 
6.8 0.25 0.37 3.1 0.026 29 93 0.99035 3.14 0.45 12.2 6 
5.9 0.34 0.3 3.8 0.035 57 135 0.99016 3.09 0.34 12 6 
5.4 0.22 0.29 1.2 0.045 69 152 0.99178 3.76 0.63 11 7 
6.8 0.29 0.34 3.5 0.054 26 189 0.99489 3.42 0.58 10.4 5 
6.3 0.27 0.29 12.2 0.044 59 196 0.99782 3.14 0.4 8.8 6 
6.3 0.33 0.42 17.2 0.037 57 170 0.99884 3.26 0.57 9.4 6 
5.6 0.2 0.66 10.2 0.043 78 175 0.9945 2.98 0.43 10.4 7 
5.8 0.15 0.31 5.9 0.036 7 73 0.99152 3.2 0.43 11.9 6 
6.8 0.28 0.43 7.6 0.03 30 110 0.99164 3.08 0.59 12.5 8 
6.2 0.25 0.54 7 0.046 58 176 0.99454 3.19 0.7 10.4 5 
7 0.53 0.43 6.1 0.029 6 76 0.99118 3.08 0.5 12.5 8 
8.5 0.19 0.48 1.1 0.026 23 58 0.99184 2.9 0.5 10.5 6 
6.6 0.78 0.5 1.5 0.045 30 133 0.99104 3.25 0.48 11.7 5 
6.7 0.14 0.51 4.3 0.028 57 124 0.99176 2.91 0.54 10.7 7 
6.5 0.29 0.26 7 0.04 18 113 0.99366 3.17 0.38 10.2 6 
6.7 0.24 0.46 2.2 0.033 19 111 0.99045 3.1 0.62 11.9 6 
7.6 0.23 0.34 1.6 0.043 24 129 0.99305 3.12 0.7 10.4 5 
6.5 0.24 0.39 17.3 0.052 22 126 0.99888 3.11 0.47 9.2 6 
6.7 0.21 0.37 2.5 0.034 35 89 0.9913 3.25 0.5 11 7 
5.9 0.28 0.39 1.4 0.031 47 147 0.98836 3.08 0.64 12.9 7 
6.2 0.25 0.42 8 0.049 53 206 0.99586 3.16 0.47 9.1 6 
7.2 0.17 0.37 6.9 0.059 47 128 0.99322 3.08 0.46 11 7 
6.3 0.17 0.32 4.2 0.04 37 117 0.99182 3.24 0.43 11.3 6 
6.5 0.16 0.33 4.8 0.043 45 114 0.992 3.18 0.44 11.2 6 
5.5 0.19 0.27 0.9 0.04 52 103 0.99026 3.5 0.39 11.2 5 
7.2 0.32 0.4 8.7 0.038 45 154 0.99568 3.2 0.47 10.4 6 
7.6 0.25 1.23 4.6 0.035 51 294 0.99018 3.03 0.43 13.1 6 
6.1 0.17 0.42 15.1 0.033 28 124 0.99684 2.87 0.47 9.5 5 
6.8 0.39 0.34 7.4 0.02 38 133 0.99212 3.18 0.44 12 7 
6.1 0.68 0.52 1.4 0.037 32 123 0.99022 3.24 0.45 12 6 
6.2 0.19 0.38 5.1 0.019 22 82 0.98961 3.05 0.36 12.5 6 
7.3 0.2 0.39 2.3 0.048 24 87 0.99044 2.94 0.35 12 6 
6.7 0.33 0.34 7.5 0.036 39 124 0.99123 2.99 0.32 12.4 8 
7.8 0.21 0.34 11.9 0.039 55 140 0.9959 3.02 0.31 10.3 6 
7.3 0.2 0.39 2.3 0.048 24 87 0.99044 2.94 0.35 12 6 
6.5 0.21 0.4 7.3 0.041 49 115 0.99268 3.21 0.43 11 6 
6.7 0.18 0.37 1.3 0.027 42 125 0.98939 3.24 0.37 12.8 7 
5.8 0.28 0.3 1.5 0.026 31 114 0.98952 3.32 0.6 12.5 7 
6.8 0.21 0.4 6.3 0.032 40 121 0.99214 3.18 0.53 12 7 
7.9 0.34 0.44 6.5 0.027 47 126 0.99124 2.96 0.37 12.5 6 
6.4 0.22 0.38 9.1 0.044 35 127 0.99326 2.97 0.3 11 7 
6.8 0.45 0.36 5 0.033 28 156 0.991 3.11 0.4 12.4 7 
6.6 0.29 0.39 6.75 0.031 22 98 0.9913 3.15 0.8 12.9 7 
5.8 0.33 0.23 5 0.053 29 106 0.99458 3.13 0.52 9 5 
6.6 0.33 0.4 2.65 0.041 35 86 0.98916 3.11 0.39 13.3 7 
6.8 0.27 0.37 8.2 0.055 52 192 0.99586 3.11 0.52 9.5 6 
6.8 0.27 0.42 7.3 0.054 58 200 0.99556 3.12 0.49 9.4 6 
6.7 0.13 0.57 6.6 0.056 60 150 0.99548 2.96 0.43 9.4 6 
6.4 0.23 0.35 4.6 0.039 43 147 0.99216 3.18 0.4 11 7 
6.6 0.34 0.24 3.3 0.034 29 99 0.99031 3.1 0.4 12.3 7 
6.7 0.21 0.36 8.55 0.02 20 86 0.99146 3.19 0.22 13.4 7 
7.6 0.27 0.29 2.5 0.059 37 115 0.99328 3.09 0.37 9.8 5 
5.9 0.24 0.12 1.4 0.035 60 247 0.99358 3.34 0.44 9.6 6 
4.2 0.215 0.23 5.1 0.041 64 157 0.99688 3.42 0.44 8.0 3 
8.1 0.24 0.32 10.5 0.03 34 105 0.99407 3.11 0.42 11.8 6 
6.4 0.23 0.32 1.9 0.038 40 118 0.99074 3.32 0.53 11.8 7 
6.4 0.16 0.25 1.4 0.057 21 125 0.99091 3.23 0.44 11.1 7 
7.4 0.16 0.32 1.4 0.065 23 140 0.99134 3.06 0.47 11.4 6 
6.5 0.25 0.5 7.6 0.047 54 184 0.99572 3.17 0.45 9.2 5 
6.3 0.19 0.29 2 0.022 33 96 0.98902 3.04 0.54 12.8 7 
6.4 0.35 0.28 12.6 0.039 19 124 0.99539 3.2 0.43 10.6 6 
5.8 0.17 0.36 1.3 0.036 11 70 0.99202 3.43 0.68 10.4 7 
6.9 0.38 0.29 13.65 0.048 52 189 0.99784 3 0.6 9.5 6 
6.8 0.18 0.24 9.8 0.058 64 188 0.9952 3.13 0.51 10.6 6 
6.7 0.18 0.24 10.3 0.057 64 185 0.99519 3.12 0.5 10.6 6 
6.8 0.2 0.28 12.6 0.048 54 136 0.99556 3.19 0.37 10.7 6 
6.2 0.3 0.21 1.1 0.032 31 111 0.9889 2.97 0.42 12.2 6 
7 0.22 0.28 10.6 0.039 32 117 0.99355 3.05 0.55 11.5 7 
7.8 0.22 0.26 9 0.047 38 132 0.997 3.25 0.53 10.2 6 
7.6 0.36 0.49 11.3 0.046 87 221 0.9984 3.01 0.43 9.2 5 
6.9 0.29 0.3 8.2 0.026 35 112 0.99144 3 0.37 12.3 6 
6.7 0.38 0.26 9.55 0.036 35 91 0.9919 2.98 0.37 12.4 6 
5.6 0.32 0.33 7.4 0.037 25 95 0.99268 3.25 0.49 11.1 6 
6.2 0.23 0.35 0.7 0.051 24 111 0.9916 3.37 0.43 11 3 
6.1 0.3 0.3 2.1 0.031 50 163 0.9895 3.39 0.43 12.7 7 
7.1 0.17 0.4 14.55 0.047 47 156 0.99945 3.34 0.78 9.1 6 
7.1 0.18 0.39 14.5 0.051 48 156 0.99947 3.35 0.78 9.1 5 
7.1 0.17 0.4 14.55 0.047 47 156 0.99945 3.34 0.78 9.1 6 
6.5 0.24 0.28 1.1 0.034 26 83 0.98928 3.25 0.33 12.3 6 
6.7 0.3 0.44 18.5 0.057 65 224 0.99956 3.11 0.53 9.1 5 
7.1 0.25 0.28 1.2 0.04 31 111 0.99174 3.18 0.53 11.1 5 
7.3 0.23 0.24 0.9 0.031 29 86 0.98926 2.9 0.38 12.2 6 
5.8 0.32 0.2 2.6 0.027 17 123 0.98936 3.36 0.78 13.9 7 
7.6 0.22 0.28 12 0.056 68 143 0.9983 2.99 0.3 9.2 6 
6.7 0.24 0.3 3.85 0.042 105 179 0.99189 3.04 0.59 11.3 8 
6.8 0.17 0.34 2 0.04 38 111 0.99 3.24 0.45 12.9 6 
6.8 0.19 0.34 1.9 0.04 41 108 0.99 3.25 0.45 12.9 6 
6.6 0.24 0.27 10.3 0.047 54 219 0.99742 3.04 0.45 8.8 5 
7.6 0.22 0.28 12 0.056 68 143 0.9983 2.99 0.3 9.2 6 
6.2 0.36 0.45 10.4 0.06 22 184 0.99711 3.31 0.56 9.8 6 
7.6 0.31 0.24 1.8 0.037 39 150 0.9913 3.05 0.44 11.8 7 
6.7 0.24 0.36 8.4 0.042 42 123 0.99473 3.34 0.52 10.9 6 
6 0.24 0.28 3.95 0.038 61 134 0.99146 3.3 0.54 11.3 7 
6.1 0.33 0.3 3 0.036 30 124 0.98922 3.31 0.4 13.1 7 
5.3 0.36 0.27 6.3 0.028 40 132 0.99186 3.37 0.4 11.6 6 
7.2 0.31 0.35 7.2 0.046 45 178 0.9955 3.14 0.53 9.7 5 
6.2 0.27 0.47 1.2 0.146 28 105 0.99224 3.23 0.51 10.1 5 
6.6 0.23 0.37 8.5 0.036 46 153 0.99576 3.2 0.48 9.4 6 
6.2 0.47 0.19 8.3 0.029 24 142 0.992 3.22 0.45 12.3 6 
6 0.33 0.2 1.8 0.031 49 159 0.9919 3.41 0.53 11 6 
7.2 0.14 0.32 1.1 0.022 48 116 0.99218 3.04 0.67 10 6 
7.6 0.37 0.34 3.2 0.028 42 162 0.9903 3.01 0.33 12.4 6 
7 0.48 0.12 4.5 0.05 23 86 0.99398 2.86 0.35 9 5 
8 0.25 0.27 9.7 0.036 15 85 0.99406 2.99 0.36 11.2 6 
7.6 0.38 0.28 4.2 0.029 7 112 0.9906 3 0.41 12.6 6 
8 0.25 0.27 9.7 0.036 15 85 0.99406 2.99 0.36 11.2 6 
7.3 0.23 0.27 2.6 0.035 39 120 0.99138 3.04 0.59 11.3 7 
7.2 0.26 0.24 7 0.023 19 130 0.99176 3.14 0.49 12.8 7 
5.8 0.28 0.28 4.2 0.044 52 158 0.992 3.35 0.44 10.7 7 
6.4 0.28 0.36 1.3 0.053 28 186 0.99211 3.31 0.45 10.8 5 
5.6 0.28 0.27 3.9 0.043 52 158 0.99202 3.35 0.44 10.7 7 
6.8 0.19 0.32 7.6 0.049 37 107 0.99332 3.12 0.44 10.7 7 
6.6 0.19 0.28 11.8 0.042 54 137 0.99492 3.18 0.37 10.8 6 
5.8 0.2 0.24 1.4 0.033 65 169 0.99043 3.59 0.56 12.3 7 
7 0.16 0.25 14.3 0.044 27 149 0.998 2.91 0.46 9.2 6 
6.7 0.35 0.48 8.8 0.056 35 167 0.99628 3.04 0.47 9.4 5 
6.8 0.14 0.18 1.4 0.047 30 90 0.99164 3.27 0.54 11.2 6 
7.7 0.32 0.61 11.8 0.041 66 188 0.99794 3 0.54 9.3 5 
7.1 0.27 0.24 12.6 0.044 48 118 0.99726 3.04 0.56 10 7 
6.6 0.3 0.25 8 0.036 21 124 0.99362 3.06 0.38 10.8 6 
6.7 0.13 0.32 3.7 0.017 32 99 0.99348 3.12 0.44 10 6 
7.3 0.31 0.25 6.65 0.032 30 138 0.99244 2.9 0.37 11.1 5 
5.7 0.15 0.47 11.4 0.035 49 128 0.99456 3.03 0.34 10.5 8 
5.4 0.53 0.16 2.7 0.036 34 128 0.98856 3.2 0.53 13.2 8 
6.9 0.58 0.58 8.2 0.032 29 169 0.99275 3.28 0.44 12.2 6 
6.4 0.16 0.44 1.2 0.051 39 122 0.99058 3.11 0.75 11.3 7 
6.8 0.31 0.3 8 0.028 33 122 0.99164 3.13 0.63 12.6 7 
6.8 0.15 0.41 12.9 0.044 79.5 183 0.99742 3.24 0.78 10.2 6 
6 0.16 0.27 12 0.03 39 98 0.99402 3.15 0.34 10.8 5 
7.1 0.21 0.35 2.5 0.04 41 186 0.99128 3.32 0.56 12.5 6 
7.2 0.23 0.25 18.8 0.085 19 111 1.00044 3.1 0.51 8.7 5 
6.8 0.15 0.41 12.9 0.044 79.5 182 0.99742 3.24 0.78 10.2 6 
7.6 0.3 0.37 1.6 0.087 27 177 0.99438 3.09 0.5 9.8 5 
6.6 0.26 0.22 18.15 0.05 23 139 0.99904 3.06 0.5 9.2 5 
7.5 0.24 0.31 13.1 0.05 26 180 0.99884 3.05 0.53 9.1 6 
7.5 0.24 0.31 13.1 0.05 26 180 0.99884 3.05 0.53 9.1 6 
6.6 0.15 0.34 1 0.037 45 79 0.98949 2.96 0.5 11.7 6 
6.6 0.3 0.45 8 0.038 54 200 0.9956 3.18 0.48 9.5 5 
5.4 0.255 0.33 1.2 0.051 29 122 0.99048 3.37 0.66 11.3 6 
4.8 0.17 0.28 2.9 0.03 22 111 0.9902 3.38 0.34 11.3 7 
5.7 0.265 0.28 6.9 0.036 46 150 0.99299 3.36 0.44 10.8 7 
6.2 0.22 0.2 20.8 0.035 58 184 1.00022 3.11 0.53 9 6 
7 0.15 0.28 14.7 0.051 29 149 0.99792 2.96 0.39 9 7 
6.8 0.22 0.3 10.6 0.07 67 194 0.99654 2.89 0.42 9 6 
6.3 0.28 0.29 6.8 0.051 40 143 0.99374 3.43 0.59 11 6 
6.7 0.39 0.24 2.7 0.017 22 80 0.99084 3.03 0.37 11.5 5 
6.5 0.33 0.28 6.1 0.018 41 103 0.99122 3.24 0.32 12.2 6 
6.5 0.25 0.27 17.4 0.064 29 140 0.99776 3.2 0.49 10.1 6 
6.4 0.27 0.45 8.3 0.05 52 196 0.9955 3.18 0.48 9.5 5 
6.3 0.32 0.26 12 0.049 63 170 0.9961 3.14 0.55 9.9 6 
7.2 0.17 0.34 6.4 0.042 16 111 0.99278 2.99 0.4 10.8 6 
6.9 0.21 0.62 6.3 0.042 7 109 0.99358 2.96 0.59 10.2 6 
7.9 0.21 0.39 2 0.057 21 138 0.99176 3.05 0.52 10.9 5 
6.3 0.43 0.32 8.8 0.042 18 106 0.99172 3.28 0.33 12.9 7 
6.7 0.26 0.49 8.1 0.052 48 197 0.99558 3.19 0.48 9.5 5 
7 0.15 0.29 16.4 0.058 45 110 0.9978 3.15 0.37 9.7 6 
6.5 0.41 0.22 4.8 0.052 49 142 0.9946 3.14 0.62 9.2 5 
6.2 0.31 0.23 3.3 0.052 34 113 0.99429 3.16 0.48 8.4 5 
5.9 0.18 0.29 4.6 0.032 68 137 0.99159 3.21 0.38 11.3 6 
6.1 0.21 0.3 6.3 0.039 47 136 0.99068 3.27 0.31 12.7 6 
6.5 0.27 0.19 6.6 0.045 98 175 0.99364 3.16 0.34 10.1 6 
6.1 0.23 0.27 9.8 0.055 74 134 0.99534 3.16 0.4 10.2 6 
6.5 0.27 0.19 6.6 0.045 98 175 0.99364 3.16 0.34 10.1 6 
7.6 0.37 0.51 11.7 0.094 58 181 0.99776 2.91 0.51 9 5 
6.7 0.26 0.51 8 0.062 50 194 0.99545 3.13 0.5 9.6 5 
7.1 0.2 0.37 1.5 0.049 28 129 0.99226 3.15 0.52 10.8 5 
8.5 0.23 0.34 1.3 0.035 54 110 0.99176 3.07 0.55 11 7 
7.2 0.23 0.82 1.3 0.149 70 109 0.99304 2.93 0.42 9.2 6 
6.5 0.33 0.3 3.8 0.036 34 88 0.99028 3.25 0.63 12.5 7 
7.2 0.25 0.32 1.5 0.054 24 105 0.99154 3.17 0.48 11.1 6 
6.2 0.39 0.24 4.8 0.037 45 138 0.99174 3.23 0.43 11.2 7 
6.4 0.35 0.28 1.6 0.037 31 113 0.98779 3.12 0.4 14.2 7 
7.3 0.36 0.34 14.8 0.057 46 173 0.99751 3.14 0.57 10.2 5 
6.9 0.14 0.29 9.9 0.056 30 91 0.99512 3.19 0.33 9.9 6 
7.3 0.27 0.3 1.3 0.04 26 84 0.99222 3.28 0.53 10.7 6 
7 0.46 0.2 16.7 0.046 50 184 0.99898 3.08 0.56 9.4 5 
5.7 0.23 0.25 7.95 0.042 16 108 0.99486 3.44 0.61 10.3 6 
6.5 0.36 0.36 6.7 0.185 51.5 151 0.99528 3.17 0.42 9.3 5 
6.1 0.27 0.32 6.2 0.048 47 161 0.99281 3.22 0.6 11 6 
6.2 0.27 0.32 6.3 0.048 47 159 0.99282 3.21 0.6 11 6 
5.4 0.24 0.18 2.3 0.05 22 145 0.99207 3.24 0.46 10.3 5 
7.7 0.31 0.36 4.3 0.026 15 87 0.99152 3.11 0.48 12 5 
7.5 0.35 0.48 12.4 0.056 61 176.5 0.99803 2.97 0.52 8.8 5 
6.5 0.29 0.52 7.9 0.049 35 192 0.99551 3.16 0.51 9.5 6 
6.1 0.24 0.26 1.7 0.033 61 134 0.9903 3.19 0.81 11.9 7 
6.9 0.27 0.25 7.5 0.03 18 117 0.99116 3.09 0.38 13 6 
5.6 0.23 0.25 8 0.043 31 101 0.99429 3.19 0.42 10.4 6 
8 0.37 0.31 4.7 0.038 3 127 0.99186 2.9 0.72 12.1 5 
6 0.26 0.29 3.1 0.041 37 144 0.98944 3.22 0.39 12.8 7 
6.1 0.25 0.48 15.8 0.052 25 94 0.99782 3.07 0.45 9.2 6 
6 0.26 0.29 3.1 0.041 37 144 0.98944 3.22 0.39 12.8 7 
6.5 0.46 0.24 11.5 0.051 56 171 0.99588 3.08 0.56 9.8 6 
6.5 0.18 0.48 18 0.054 56 183 1.00038 2.98 0.61 8.5 6 
7.2 0.4 0.24 8.5 0.055 45 151 0.99626 3.2 0.52 9.2 5 
5.9 0.23 0.24 1.6 0.037 32 115 0.99076 3.21 0.51 11.4 6 
6.2 0.32 0.12 4.8 0.054 6 97 0.99424 3.16 0.5 9.3 5 
6.2 0.32 0.45 2.9 0.029 37 94 0.98998 3.25 0.6 12.4 6 
6.1 0.28 0.3 7.75 0.031 33 139 0.99296 3.22 0.46 11 6 
6.9 0.19 0.38 1.15 0.023 30 105 0.99047 3.11 0.38 11.4 5 
6.4 0.29 0.57 1 0.06 15 120 0.9924 3.06 0.41 9.5 5 
6.4 0.2 0.22 7.4 0.032 53 172 0.99404 3.24 0.58 11 6 
6.2 0.24 0.22 7.9 0.053 45 149 0.99545 3.23 0.52 9.3 5 
7.4 0.16 0.27 15.5 0.05 25 135 0.9984 2.9 0.43 8.7 7 
6.8 0.16 0.36 1.3 0.034 32 98 0.99058 3.02 0.58 11.3 6 
7.4 0.16 0.27 15.5 0.05 25 135 0.9984 2.9 0.43 8.7 7 
7.2 0.17 0.28 17.55 0.05 33 154 0.99971 2.94 0.43 9 7 
7.4 0.36 0.32 1.9 0.036 27 119 0.99196 3.15 0.49 11.2 6 
6.1 0.17 0.21 1.9 0.09 44 130 0.99255 3.07 0.41 9.7 5 
6.9 0.38 0.28 8.3 0.062 22 166 0.99506 3.16 0.72 10.6 5 
5.7 0.25 0.26 12.5 0.049 52.5 120 0.99691 3.08 0.45 9.4 6 
5.8 0.23 0.21 1.5 0.044 21 110 0.99138 3.3 0.57 11 6 
5.4 0.265 0.28 7.8 0.052 27 91 0.99432 3.19 0.38 10.4 6 
6.7 0.24 0.3 10.2 0.07 44 179 0.99666 2.86 0.46 8.9 6 
6.4 0.14 0.28 7.9 0.057 21 82 0.99425 3.26 0.36 10 6 
5.7 0.31 0.28 4.1 0.03 22 86 0.99062 3.31 0.38 11.7 7 
5.5 0.21 0.25 1.2 0.04 18 75 0.99006 3.31 0.56 11.3 6 
6.1 0.17 0.29 1.1 0.041 32 92 0.99036 3.26 0.57 11.2 6 
6.2 0.35 0.2 18.1 0.069 33 158 0.99908 3.15 0.5 8.8 6 
6.5 0.4 0.31 3.5 0.046 22 147 0.99024 3.15 0.31 12 7 
6.2 0.34 0.25 12.1 0.059 33 171 0.99769 3.14 0.56 8.7 6 
6 0.13 0.36 1.6 0.052 23 72 0.98974 3.1 0.5 11.5 7 
5.7 0.25 0.27 11.5 0.04 24 120 0.99411 3.33 0.31 10.8 6 
6.8 0.28 0.29 11.9 0.052 51 149 0.99544 3.02 0.58 10.4 6 
5.8 0.24 0.28 1.4 0.038 40 76 0.98711 3.1 0.29 13.9 7 
6.2 0.2 0.25 15 0.055 8 120 0.99767 3.19 0.53 9.6 6 
6.2 0.32 0.5 6.5 0.048 61 186 0.9948 3.19 0.45 9.6 5 
6.3 0.34 0.52 6.3 0.047 63 186 0.99481 3.18 0.44 9.6 5 
7.2 0.26 0.38 1.5 0.061 12 120 0.99192 3.18 0.46 10.4 5 
5.8 0.23 0.31 3.5 0.044 35 158 0.98998 3.19 0.37 12.1 7 
6.8 0.34 0.27 5.2 0.06 14 169 0.99252 3.27 0.57 11.6 6 
7.1 0.34 0.86 1.4 0.174 36 99 0.99288 2.92 0.5 9.3 5 
6.9 0.24 0.4 15.4 0.052 81 198 0.9986 3.2 0.69 9.4 5 
6.4 0.33 0.28 4 0.04 24 81 0.9903 3.26 0.64 12.6 7 
6.7 0.2 0.24 6.5 0.044 28 100 0.99348 3.12 0.33 10.2 6 
7.9 0.36 0.53 12.9 0.049 63 139 0.99792 2.94 0.45 9.1 5 
8.1 0.27 0.33 1.3 0.045 26 100 0.99066 2.98 0.44 12.4 6 
6.7 0.41 0.27 2.6 0.033 25 85 0.99086 3.05 0.34 11.7 6 
6.9 0.26 0.38 10.5 0.044 33 139 0.99517 3.06 0.5 10.3 6 
6.6 0.23 0.32 1.7 0.024 26 102 0.99084 3.29 0.6 11.8 6 
6 0.17 0.21 6 0.05 26 134 0.9939 3.08 0.54 9.8 6 
6.1 0.38 0.14 3.9 0.06 27 113 0.99344 3.07 0.34 9.2 4 
8 0.33 0.32 4.6 0.041 31 180 0.99184 2.92 0.74 12.2 6 
6 0.22 0.23 5 0.045 10 122 0.99261 2.94 0.63 10 6 
7.5 0.23 0.3 1.2 0.03 27 80 0.99192 3.05 0.68 10.5 5 
7.6 0.36 0.48 13.5 0.038 44 116 0.9982 3.04 0.48 9.2 5 
7.6 0.35 0.47 13.3 0.037 42 116 0.99822 3.04 0.5 9.2 5 
5.7 0.18 0.26 2.2 0.023 21 95 0.9893 3.07 0.54 12.3 6 
6 0.33 0.26 5.1 0.051 16 119 0.99416 3.15 0.41 9.2 5 
6 0.31 0.27 2.3 0.042 19 120 0.98952 3.32 0.41 12.7 7 
6.9 0.52 0.54 7.9 0.036 23 169 0.99267 3.26 0.47 12.2 6 
5.8 0.2 0.16 1.4 0.042 44 99 0.98912 3.23 0.37 12.2 6 
6 0.31 0.27 2.3 0.042 19 120 0.98952 3.32 0.41 12.7 7 
5.7 0.22 0.29 3.5 0.04 27 146 0.98999 3.17 0.36 12.1 6 
6 0.2 0.26 6.8 0.049 22 93 0.9928 3.15 0.42 11 6 
7.2 0.21 0.36 15.7 0.045 68 183 0.99922 3.25 0.76 9.4 5 
6.5 0.22 0.27 1.6 0.039 36 116 0.99178 3.38 0.57 11 7 
6.6 0.34 0.25 4.8 0.038 16 121 0.99198 3.36 0.71 12.6 6 
5.6 0.225 0.24 9.8 0.054 59 140 0.99545 3.17 0.39 10.2 6 
6.9 0.26 0.29 4.2 0.043 33 114 0.9902 3.16 0.31 12.5 6 
6.3 0.41 0.22 7.3 0.035 23 117 0.99172 3.2 0.39 11.94 7 
6.3 0.28 0.22 11.5 0.036 27 150 0.99445 3 0.33 10.6 6 
7.4 0.38 0.34 8.3 0.052 44 168 0.99627 3.11 0.52 9.2 5 
6.4 0.24 0.26 8.2 0.054 47 182 0.99538 3.12 0.5 9.5 5 
7.3 0.19 0.27 13.9 0.057 45 155 0.99807 2.94 0.41 8.8 8 
6.7 0.27 0.69 1.2 0.176 36 106 0.99288 2.96 0.43 9.2 6 
6.4 0.31 0.28 2.5 0.039 34 137 0.98946 3.22 0.38 12.7 6 
7.1 0.31 0.25 11.2 0.048 32 136 0.99663 3.14 0.4 9.5 5 
7.1 0.31 0.25 11.2 0.048 32 136 0.99663 3.14 0.4 9.5 5 
7.1 0.23 0.23 3.5 0.038 23 112 0.99157 3.05 0.37 11.3666666666667 6 
6.1 0.34 0.21 5 0.042 17 133 0.99373 3.02 0.53 9.4 5 
6.2 0.25 0.44 15.8 0.057 39 167 0.99804 3.14 0.51 9.2 5 
6.6 0.22 0.23 17.3 0.047 37 118 0.99906 3.08 0.46 8.8 6 
6.1 0.22 0.5 6.6 0.045 30 122 0.99415 3.22 0.49 9.9 6 
6.1 0.31 0.34 2.8 0.042 59.5 162 0.99179 3.27 0.47 10.8 6 
8.1 0.36 0.59 13.6 0.051 60 134 0.99886 2.96 0.39 8.7 5 
6.9 0.56 0.26 10.9 0.06 55 193 0.9969 3.21 0.44 9.4 5 
6.5 0.29 0.3 9.15 0.051 25 166 0.99339 3.24 0.56 11.35 6 
6.6 0.27 0.25 1.2 0.033 36 111 0.98918 3.16 0.37 12.4 6 
7.2 0.47 0.16 5.9 0.048 14 125 0.99428 3.09 0.49 9.8 5 
7.3 0.3 0.25 2.5 0.045 32 122 0.99329 3.18 0.54 10.3 5 
6.4 0.28 0.22 12.8 0.039 51 150 0.99535 3.23 0.43 10.7 6 
6.6 0.38 0.29 2.9 0.035 15 101 0.98916 3.04 0.37 12.5 6 
6 0.28 0.29 19.3 0.051 36 174 0.99911 3.14 0.5 9 5 
6.6 0.26 0.56 15.4 0.053 32 141 0.9981 3.11 0.49 9.3 5 
6.2 0.2 0.28 1.1 0.039 24 78 0.9899 3.36 0.47 12.1 6 
7.1 0.36 0.2 1.6 0.271 24 140 0.99356 3.11 0.63 9.8 5 
6 0.2 0.38 1.3 0.034 37 104 0.98865 3.11 0.52 12.7 6 
6.4 0.15 0.25 7.8 0.05 13 68 0.99394 3.16 0.4 9.9 6 
7.1 0.25 0.31 2.3 0.05 32 156 0.9914 3.14 0.51 11.4 6 
5.1 0.305 0.13 1.75 0.036 17 73 0.99 3.4 0.51 12.3333333333333 5 
6.8 0.4 0.29 2.8 0.044 27 97 0.9904 3.12 0.42 11.2 6 
6.2 0.32 0.32 2.2 0.036 15 70 0.9899 3.16 0.48 12.7 6 
6.3 0.36 0.2 2 0.048 48 191 0.9929 3.17 0.51 9.6 5 
7.3 0.26 0.53 12.7 0.047 60.5 164.5 0.9984 3.06 0.45 9.1 6 
5.8 0.28 0.3 3.9 0.026 36 105 0.98963 3.26 0.58 12.75 6 
6.8 0.45 0.3 11.8 0.094 23 97 0.997 3.09 0.44 9.6 5 
6.1 0.37 0.46 12 0.042 61 210 0.997 3.17 0.59 9.7 6 
6 0.26 0.26 2.2 0.035 10 72 0.989465 3.11 0.48 12.15 6 
5.6 0.22 0.32 1.2 0.024 29 97 0.98823 3.2 0.46 13.05 7 
4.8 0.13 0.32 1.2 0.042 40 98 0.9898 3.42 0.64 11.8 7 
5.7 0.2 0.24 13.8 0.047 44 112 0.99837 2.97 0.66 8.8 6 
5 0.33 0.23 11.8 0.03 23 158 0.99322 3.41 0.64 11.8 6 
6.5 0.36 0.31 13.55 0.053 20 113 0.99544 3.2 0.56 11 6 
7.1 0.39 0.3 9.9 0.037 29 124 0.99414 3.07 0.42 10.9 6 
6.7 0.53 0.29 4.3 0.069 20 114 0.99014 3.22 0.59 13.4 6 
6.5 0.29 0.32 3 0.036 38 93 0.9906 3.16 0.59 12 6 
5.9 0.42 0.36 2.4 0.034 19 77 0.99184 3.25 0.48 10.9 5 
7.5 0.305 0.38 1.4 0.047 30 95 0.99158 3.22 0.52 11.5 7 
6.1 0.19 0.37 2.6 0.041 24 99 0.99153 3.18 0.5 10.9 6 
6.1 0.19 0.37 2.6 0.041 24 99 0.99153 3.18 0.5 10.9 6 
5.6 0.24 0.34 2 0.041 14 73 0.98981 3.04 0.45 11.6 7 
5.8 0.345 0.15 10.8 0.033 26 120 0.99494 3.25 0.49 10 6 
6.5 0.51 0.25 1.7 0.048 39 177 0.99212 3.28 0.57 10.5666666666667 5 
6 0.24 0.41 1.3 0.036 42 118 0.99018 3.04 0.64 11.75 6 
6 0.17 0.33 6 0.036 30 111 0.99362 3.32 0.58 10.1333333333333 7 
6.1 0.16 0.34 6.1 0.034 31 114 0.99365 3.32 0.58 10.1333333333333 7 
4.9 0.335 0.14 1.3 0.036 69 168 0.99212 3.47 0.46 10.4666666666667 5 
6 0.28 0.52 6.2 0.028 37 104 0.99161 3.28 0.51 11.8 7 
6.8 0.63 0.04 1.3 0.058 25 133 0.99271 3.17 0.39 10.2 4 
6.5 0.33 0.32 1 0.041 39 120 0.99004 3.06 0.37 12.2 6 
6.7 0.16 0.32 12.5 0.035 18 156 0.99666 2.88 0.36 9 6 
6.9 0.19 0.31 19.25 0.043 38 167 0.99954 2.93 0.52 9.1 7 
5.6 0.205 0.16 12.55 0.051 31 115 0.99564 3.4 0.38 10.8 6 
5.4 0.205 0.16 12.55 0.051 31 115 0.99564 3.4 0.38 10.8 6 
6.7 0.15 0.32 7.9 0.034 17 81 0.99512 3.29 0.31 10 6 
5.3 0.31 0.38 10.5 0.031 53 140 0.99321 3.34 0.46 11.7 6 
5.5 0.16 0.31 1.2 0.026 31 68 0.9898 3.33 0.44 11.6333333333333 6 
6 0.17 0.36 1.7 0.042 14 61 0.99144 3.22 0.54 10.8 6 
6 0.16 0.36 1.6 0.042 13 61 0.99143 3.22 0.54 10.8 6 
5.5 0.16 0.31 1.2 0.026 31 68 0.9898 3.33 0.44 11.65 6 
6 0.32 0.46 1.5 0.05 56 189 0.99308 3.24 0.49 9.6 5 
5.6 0.26 0.5 11.4 0.029 25 93 0.99428 3.23 0.49 10.5 6 
6.2 0.35 0.25 18.4 0.051 28 182 0.99946 3.13 0.62 9.3 6 
5.1 0.25 0.36 1.3 0.035 40 78 0.9891 3.23 0.64 12.1 7 
6 0.38 0.26 3.5 0.035 38 111 0.98872 3.18 0.47 13.6 7 
5.3 0.4 0.25 3.9 0.031 45 130 0.99072 3.31 0.58 11.75 7 
6.8 0.27 0.3 13 0.047 69 160 0.99705 3.16 0.5 9.6 6 
6.4 0.28 0.45 8.6 0.057 47 223 0.99654 3.16 0.51 9.1 5 
5.2 0.21 0.31 1.7 0.048 17 61 0.98953 3.24 0.37 12 7 
6.7 0.3 0.5 12.1 0.045 38 127 0.9974 3.04 0.53 8.9 6 
5.9 0.32 0.19 14.5 0.042 37 115 0.99684 3.16 0.43 10.3 5 
6.4 0.105 0.29 1.1 0.035 44 140 0.99142 3.17 0.55 10.7 7 
6 0.35 0.46 0.9 0.033 9 65 0.98934 3.24 0.35 12.1 4 
6 0.17 0.3 7.3 0.039 39 104 0.99252 2.91 0.57 11 6 
5.4 0.375 0.4 3.3 0.054 29 147 0.99482 3.42 0.52 9.1 5 
6 0.27 0.4 1.7 0.021 18 82 0.9891 3.24 0.95 13.1333333333333 6 
6.4 0.23 0.35 10.3 0.042 54 140 0.9967 3.23 0.47 9.2 5 
6 0.32 0.33 9.9 0.032 22 90 0.99258 3.1 0.43 12.1 7 
5.6 0.33 0.28 1.2 0.031 33 97 0.99126 3.49 0.58 10.9 6 
5.9 0.37 0.3 1.5 0.033 35 95 0.98986 3.36 0.56 12 7 
6.6 0.38 0.29 2.4 0.136 15 93 0.99336 3.18 0.6 9.5 5 
5.1 0.3 0.3 2.3 0.048 40 150 0.98944 3.29 0.46 12.2 6 
6.4 0.33 0.44 8.9 0.055 52 164 0.99488 3.1 0.48 9.6 5 
7 0.36 0.35 2.5 0.048 67 161 0.99146 3.05 0.56 11.1 6 
7.5 0.38 0.33 9.2 0.043 19 116 0.99444 3.08 0.42 11.4 6 
6.2 0.355 0.35 2 0.046 31 95 0.98822 3.06 0.46 13.6 6 
5.3 0.6 0.34 1.4 0.031 3 60 0.98854 3.27 0.38 13 6 
5.9 0.54 0 0.8 0.032 12 82 0.99286 3.25 0.36 8.8 5 
6.2 0.21 0.28 5.7 0.028 45 121 0.99168 3.21 1.08 12.15 7 
5.7 0.21 0.32 0.9 0.038 38 121 0.99074 3.24 0.46 10.6 6 
