17 4000 16000 8 6 12 100 
250 512 4000 0 1 7 25 
810 512 512 8 1 1 18 
800 256 8000 0 1 4 16 
320 256 6000 0 1 6 33 
50 2000 8000 8 1 5 71 
56 5240 20970 30 12 24 106 
23 16000 32000 64 16 32 489 
75 2000 8000 8 3 24 62 
56 2000 8000 0 1 8 24 
800 256 8000 0 1 4 14 
50 1000 4000 8 1 5 29 
225 1000 4000 2 3 6 24 
60 4000 16000 64 5 8 93 
300 192 768 6 6 24 36 
72 4000 16000 64 8 16 143 
200 1000 8000 0 1 2 36 
59 8000 16000 64 12 24 188 
400 512 3500 4 1 6 40 
26 8000 32000 0 8 24 277 
50 2000 16000 24 1 6 70 
185 2000 16000 16 1 6 76 
50 2000 32000 48 26 52 208 
50 2000 16000 24 1 6 80 
125 2000 8000 0 2 14 52 
105 2000 4000 8 3 8 22 
200 1000 2000 0 1 2 25 
300 768 3000 0 6 24 36 
50 2000 16000 12 3 16 45 
50 2620 10480 30 12 24 63 
59 4000 12000 32 6 12 113 
23 16000 64000 64 16 32 636 
320 256 3000 4 1 3 27 
240 512 2000 8 1 5 11 
75 2000 8000 64 1 38 144 
140 2000 4000 0 4 8 40 
110 5000 5000 142 8 64 120 
70 4000 12000 8 6 8 75 
