143 2300 6200 0 6 64 61 
800 256 8000 0 1 4 12 
50 4000 16000 65 1 8 138 
400 2000 4000 0 1 1 32 
160 2000 8000 32 1 13 109 
26 8000 24000 32 8 16 173 
50 2000 4000 0 3 6 27 
330 1000 2000 0 1 2 16 
30 16000 32000 256 16 24 510 
1500 768 2000 0 0 0 18 
50 2000 16000 8 3 5 40 
75 4000 16000 16 1 6 66 
23 32000 64000 128 32 64 1144 
60 2000 16000 64 5 8 74 
124 1000 8000 0 1 8 42 
320 256 5000 4 1 6 27 
50 2000 8000 8 3 6 45 
92 2000 8000 4 1 6 50 
133 1000 8000 9 3 12 72 
92 2000 8000 32 1 6 60 
900 512 1000 0 1 2 11 
50 2000 16000 24 6 16 54 
38 8000 16000 64 4 8 100 
38 8000 32000 64 8 24 326 
140 2000 4000 8 1 20 35 
23 16000 32000 64 16 32 367 
50 8000 16000 48 1 10 136 
112 1000 1000 0 1 4 8 
250 1000 16000 1 1 8 50 
75 2000 16000 64 1 38 144 
160 512 4000 2 1 5 30 
800 256 8000 0 1 4 20 
900 1000 4000 8 1 2 22 
56 4000 16000 0 1 8 46 
160 512 2000 2 3 8 32 
50 1000 8000 8 3 5 36 
50 2000 32000 24 6 26 114 
900 1000 1000 0 1 2 11 
