38 4000 8000 32 16 32 51 
143 1500 6300 0 5 32 30 
57 4000 24000 64 12 16 237 
105 1000 4000 0 3 24 32 
50 2000 8000 8 1 6 56 
133 1000 12000 9 3 12 72 
1500 768 1000 0 0 0 12 
225 2000 4000 8 3 6 40 
115 512 6000 16 1 6 45 
72 2000 8000 16 6 8 105 
480 1000 4000 0 0 0 45 
180 2000 8000 8 1 6 50 
140 2000 4000 8 1 20 22 
125 256 6000 256 16 128 198 
160 1000 8000 16 1 14 60 
50 2620 10480 30 12 24 32 
30 8000 64000 128 12 176 1150 
50 4000 16000 64 5 10 111 
320 512 5000 4 1 5 77 
100 1000 8000 24 3 6 32 
400 4000 8000 0 1 1 32 
56 1000 4000 0 1 6 17 
140 2000 32000 32 1 20 134 
75 3000 8000 8 3 48 64 
56 4000 12000 0 1 8 42 
50 2000 32000 112 52 104 307 
125 512 1000 0 8 20 36 
140 2000 4000 0 3 6 29 
240 512 1000 8 1 3 6 
75 2000 16000 128 1 38 259 
38 8000 24000 160 4 8 140 
105 2000 8000 16 4 14 58 
180 262 4000 0 1 3 12 
60 2000 8000 65 1 8 92 
180 512 4000 0 1 3 14 
105 256 2000 0 3 10 26 
116 2000 8000 32 5 28 70 
110 1000 12000 16 1 2 60 
