56 4000 8000 0 1 8 34 
480 96 512 0 1 1 6 
40 8000 16000 32 8 16 214 
1100 768 2000 0 1 1 13 
140 2000 32000 32 1 54 189 
26 8000 32000 64 12 16 248 
40 8000 32000 64 8 24 277 
200 512 8000 8 1 8 62 
1100 512 1500 0 1 1 7 
300 1000 16000 8 2 112 38 
180 2000 16000 16 1 6 66 
400 1000 3000 0 1 2 38 
180 768 12000 6 1 31 84 
800 256 8000 0 1 4 22 
115 2000 8000 16 1 3 50 
700 384 8000 0 1 1 24 
900 2000 4000 0 3 6 37 
52 4000 16000 32 4 12 130 
30 8000 64000 96 12 176 915 
143 1000 2000 0 5 16 31 
700 256 2000 0 1 1 24 
100 1000 8000 24 2 6 26 
143 3100 6200 0 5 20 33 
26 8000 32000 128 24 32 405 
180 262 4000 0 1 3 18 
84 1000 2000 0 1 6 12 
320 512 2000 4 1 3 69 
143 512 5000 0 7 32 28 
29 8000 16000 32 8 16 132 
140 2000 32000 32 1 54 141 
330 1000 4000 0 3 6 22 
29 8000 32000 32 8 32 269 
203 1000 2000 0 1 5 24 
320 128 6000 0 1 12 23 
810 1000 5000 0 1 1 20 
140 1000 16000 16 1 3 138 
38 16000 32000 128 16 32 510 
300 768 12000 6 6 24 50 
