29 8000 32000 32 8 32 220 
350 64 64 0 1 4 10 
200 512 16000 0 4 32 35 
167 524 2000 8 4 15 19 
110 3100 6200 0 6 64 76 
25 1310 2620 131 12 24 274 
25 1310 2620 131 12 24 368 
64 5240 20970 30 12 24 208 
50 500 2000 8 1 4 20 
50 1000 4000 8 3 5 26 
50 2000 16000 8 3 6 52 
320 512 8000 4 1 5 40 
220 1000 8000 16 1 2 71 
90 256 1000 0 3 10 17 
105 2000 4000 8 3 19 32 
175 256 2000 0 3 24 22 
300 768 3000 6 6 24 44 
330 1000 3000 0 2 4 16 
300 1000 4000 8 3 64 38 
140 2000 8000 32 1 54 66 
57 4000 16000 1 6 12 132 
26 8000 16000 0 8 16 185 
25 2000 12000 8 1 4 49 
17 4000 16000 32 6 12 133 
800 768 2000 0 0 0 20 
100 1000 8000 0 2 6 16 
150 512 4000 0 8 128 30 
115 2000 4000 2 1 5 40 
92 2000 8000 32 1 6 62 
35 8000 32000 64 8 24 370 
48 4000 24000 32 8 24 214 
56 2000 6000 0 1 8 21 
38 4000 8000 32 16 32 116 
200 2000 8000 64 1 5 41 
250 512 4000 0 4 7 50 
105 2000 6000 16 6 16 33 
50 4000 32000 112 52 104 397 
180 512 4000 0 1 3 21 
