165.0 186.0 9 0.0 0.0 2.5555546 1.5729187 2.0 1.173788 49.51852 45.11111 61.11111 42.333336 -13.222222 34.77778 -21.555555 61.11111 0.3072572 -1.9408131 PATH 
200.0 189.0 9 0.0 0.0 1.1111113 1.0886619 3.1666667 1.0055408 49.666668 45.11111 60.88889 43.0 -13.666667 33.666668 -20.0 60.88889 0.2938097 -1.9732205 PATH 
183.0 185.0 9 0.0 0.0 2.8888881 1.4246495 5.777777 5.556445 44.962963 40.666668 55.0 39.22222 -12.888889 30.11111 -17.222221 55.0 0.28574014 -2.0049882 PATH 
54.0 176.0 9 0.0 0.0 2.1111126 0.68853056 2.6666672 2.6915512 50.666668 46.0 62.666668 43.333332 -14.0 36.0 -22.0 62.666668 0.30857325 -1.9514097 PATH 
250.0 196.0 9 0.0 0.0 1.4999994 1.5018506 2.2777767 1.2186811 47.77778 42.666668 58.77778 41.88889 -15.333333 33.0 -17.666666 58.77778 0.28913772 -2.0459957 PATH 
214.0 194.0 9 0.0 0.0 1.222222 1.0255985 3.2222226 1.6953099 45.074074 40.22222 55.444443 39.555557 -14.555555 31.11111 -16.555555 55.444443 0.29197225 -2.0469983 PATH 
201.0 191.0 9 0.0 0.0 1.0000006 0.76011723 2.944444 1.0201671 49.185184 44.666668 59.77778 43.11111 -13.555555 31.777779 -18.222221 59.77778 0.2788862 -1.9989927 PATH 
185.0 188.0 9 0.0 0.0 1.7777767 1.1287484 1.9999994 1.2472184 50.185184 45.0 62.11111 43.444443 -15.555555 35.77778 -20.222221 62.11111 0.3004298 -2.0073802 PATH 
251.0 195.0 9 0.0 0.0 2.944444 2.8784 3.833334 2.3546653 47.925926 42.555557 59.22222 42.0 -16.11111 33.88889 -17.777779 59.22222 0.2918749 -2.0567336 PATH 
249.0 200.0 9 0.0 0.0 2.5555546 2.6218467 2.5 1.2064643 45.296295 40.666668 55.77778 39.444443 -13.888889 31.444445 -17.555555 55.77778 0.29278436 -2.0166461 PATH 
129.0 184.0 9 0.11111111 0.0 2.222222 0.91084087 3.6111114 1.8186271 45.22222 41.77778 54.444443 39.444443 -10.333333 27.666666 -17.333334 54.444443 0.2758183 -1.9301959 PATH 
53.0 176.0 9 0.0 0.0 1.9444453 0.8798155 1.5555559 1.9962938 50.296295 45.444443 62.11111 43.333332 -14.555555 35.444443 -20.88889 62.11111 0.3024212 -1.9775702 PATH 
188.0 190.0 9 0.0 0.0 1.9444447 0.9756285 2.055556 1.103865 48.88889 44.22222 60.0 42.444443 -14.0 33.333332 -19.333334 60.0 0.29230747 -1.9863075 PATH 
147.0 182.0 9 0.0 0.0 2.2777786 1.7051128 2.9444447 1.5974519 43.592594 40.333336 52.555557 37.88889 -9.777778 26.88889 -17.11111 52.555557 0.27866945 -1.9191672 PATH 
215.0 193.0 9 0.0 0.0 1.9999994 0.5163988 4.8333335 1.2952919 45.22222 40.88889 55.333332 39.444443 -13.0 30.333334 -17.333334 55.333332 0.28924206 -2.0001178 PATH 
227.0 196.0 9 0.0 0.0 2.6111114 2.360949 3.5555565 1.6953094 47.185184 42.11111 58.22222 41.22222 -15.222222 33.11111 -17.88889 58.22222 0.2924689 -2.0394914 PATH 
185.0 186.0 9 0.0 0.0 2.1666667 1.8589127 2.9999993 1.3498974 48.22222 44.0 58.88889 41.77778 -12.666667 32.0 -19.333334 58.88889 0.29042712 -1.9560229 PATH 
253.0 201.0 9 0.0 0.0 2.9999993 2.6915498 2.8333328 2.3357134 43.962963 39.22222 53.88889 38.77778 -14.222222 29.777779 -15.555555 53.88889 0.2808298 -2.0678604 PATH 
228.0 191.0 9 0.0 0.0 1.4444447 0.6206325 2.3333328 1.1925693 49.22222 44.0 60.555557 43.11111 -15.666667 34.0 -18.333334 60.555557 0.28958246 -2.040515 PATH 
235.0 196.0 9 0.0 0.0 1.6666666 1.333334 2.222222 1.1482682 47.25926 41.77778 58.555557 41.444443 -16.444445 33.88889 -17.444445 58.555557 0.29423782 -2.0746155 PATH 
209.0 191.0 9 0.0 0.11111111 3.0555553 2.3037815 5.722222 6.071487 48.22222 43.88889 58.666668 42.11111 -13.0 31.333334 -18.333334 58.666668 0.27976418 -1.964901 PATH 
236.0 193.0 9 0.0 0.0 2.6666653 1.6865476 4.0555553 3.2756124 49.11111 43.333332 61.22222 42.77778 -17.333334 36.333332 -19.0 61.22222 0.30314395 -2.0654206 PATH 
181.0 186.0 9 0.11111111 0.0 2.9444454 2.7114286 2.0555553 1.6788442 48.814816 44.11111 60.444443 41.88889 -14.111111 34.88889 -20.777779 60.444443 0.30702683 -1.9685109 PATH 
133.0 181.0 9 0.0 0.0 2.3888893 2.1645303 4.777777 2.8648567 41.25926 37.77778 49.555557 36.444443 -10.444445 24.88889 -14.444445 49.555557 0.2656194 -1.9983681 PATH 
142.0 183.0 9 0.11111111 0.0 1.0 0.8692275 1.5555553 1.4857352 43.185184 40.22222 52.0 37.333336 -8.888889 26.444445 -17.555555 52.0 0.28154 -1.8877307 PATH 
142.0 185.0 9 0.11111111 0.0 2.2777786 1.7690771 3.1111114 1.1674604 47.814816 43.88889 58.22222 41.333336 -11.777778 31.222221 -19.444445 58.22222 0.28914437 -1.937924 PATH 
178.0 185.0 9 0.0 0.0 2.6111119 1.8063676 3.1111114 2.2771008 49.037037 44.0 60.666668 42.444443 -15.111111 34.88889 -19.777779 60.666668 0.30003616 -2.006186 PATH 
169.0 186.0 9 0.0 0.22222222 2.333334 1.659987 5.5000005 2.5188184 49.444443 44.666668 61.11111 42.555557 -14.333333 35.0 -20.666666 61.11111 0.30344796 -1.974394 PATH 
234.0 194.0 9 0.0 0.22222222 1.4444453 1.9512585 3.8333333 3.0894084 48.62963 43.0 60.333332 42.555557 -16.88889 35.11111 -18.222221 60.333332 0.29836866 -2.0718758 PATH 
224.0 190.0 9 0.0 0.0 2.8888886 2.1361103 3.0000007 1.8499246 47.48148 42.444443 58.666668 41.333336 -15.111111 33.555557 -18.444445 58.666668 0.2956214 -2.025942 PATH 
252.0 195.0 9 0.0 0.0 2.6111119 2.091428 3.722222 2.2052138 47.666668 42.444443 58.77778 41.77778 -15.666667 33.333332 -17.666666 58.77778 0.28878826 -2.0516715 PATH 
118.0 182.0 9 0.11111111 0.0 1.777778 1.293861 2.500002 1.42595 45.0 41.666668 54.333332 39.0 -10.0 28.0 -18.0 54.333332 0.28187475 -1.9106771 PATH 
182.0 186.0 9 0.11111111 0.0 3.666666 2.0439608 1.7777767 1.2412661 48.444443 43.77778 59.88889 41.666668 -14.0 34.333332 -20.333334 59.88889 0.30452195 -1.9730555 PATH 
229.0 195.0 9 0.0 0.0 4.166666 2.2779152 4.111111 2.2476342 47.703705 42.444443 58.88889 41.77778 -15.777778 33.555557 -17.777779 58.88889 0.29027814 -2.0527046 PATH 
240.0 192.0 9 0.0 0.0 2.3888881 0.6469305 4.3888893 2.3796992 45.962963 40.555557 58.11111 39.22222 -16.222221 36.444443 -20.222221 58.11111 0.32560807 -2.0165784 PATH 
117.0 181.0 9 0.11111111 0.0 1.8333334 1.2427571 3.0000007 2.054805 46.88889 43.0 56.88889 40.77778 -11.666667 30.0 -18.333334 56.88889 0.28328654 -1.9490879 PATH 
9.0 171.0 9 0.0 0.0 1.4999994 1.0055392 2.7777774 1.64204 45.925926 41.0 57.22222 39.555557 -14.777778 33.88889 -19.11111 57.22222 0.30794257 -2.0107226 PATH 
244.0 194.0 9 0.0 0.0 1.722222 1.14342 2.277778 2.03761 49.74074 44.444443 61.666668 43.11111 -15.888889 35.77778 -19.88889 61.666668 0.30085307 -2.0218375 PATH 
62.0 177.0 9 0.0 0.0 1.2777786 0.8798145 1.6666673 0.9428091 51.074074 46.333332 63.11111 43.77778 -14.222222 36.11111 -21.88889 63.11111 0.30621472 -1.9560046 PATH 
32.0 173.0 9 0.0 0.0 1.7222217 1.7815932 9.0 6.749488 43.592594 39.555557 52.88889 38.333336 -12.111111 27.88889 -15.777778 52.88889 0.26691392 -1.9988575 PATH 
204.0 194.0 9 0.0 0.0 2.6111114 1.9254627 5.1111107 3.4167333 41.037037 37.0 49.77778 36.333336 -12.111111 26.222221 -14.111111 49.77778 0.27541482 -2.0452008 PATH 
144.0 187.0 9 0.0 0.0 1.9444441 2.0484867 6.222222 3.512938 56.148148 49.88889 69.66667 48.88889 -18.777779 40.555557 -21.777779 69.66667 0.29995137 -2.0438795 PATH 
140.0 188.0 9 0.0 0.0 2.0 2.1081848 3.0555546 2.4981472 61.666668 54.444443 76.55556 54.0 -21.666666 44.666668 -23.0 76.55556 0.29562417 -2.074028 PATH 
78.0 201.0 9 0.0 0.0 2.8333333 2.6562307 4.9999995 4.071583 56.444443 51.444443 68.66667 49.22222 -15.0 36.666668 -21.666666 68.66667 0.28042978 -1.9694558 PATH 
63.0 201.0 9 0.0 0.0 2.1111119 1.7341882 2.5000007 1.656637 61.62963 54.88889 76.44444 53.555557 -20.222221 44.444443 -24.222221 76.44444 0.29921305 -2.0341187 PATH 
60.0 196.0 9 0.0 0.0 1.4444447 1.0470428 4.444444 1.9962916 51.148148 45.333332 63.333332 44.77778 -17.444445 36.555557 -19.11111 63.333332 0.2976887 -2.059262 PATH 
61.0 197.0 9 0.0 0.0 1.4444441 1.5153533 2.6111107 1.9254634 49.592594 44.22222 61.555557 43.0 -16.11111 35.88889 -19.777779 61.555557 0.30292457 -2.0222743 PATH 
250.0 176.0 9 0.0 0.11111111 1.611112 1.0628399 3.444444 1.6953092 53.666668 47.11111 67.66667 46.22222 -19.666666 42.0 -22.333334 67.66667 0.3181372 -2.0522583 PATH 
24.0 205.0 9 0.0 0.0 2.2222226 1.5869851 2.3888893 2.4892375 56.074074 49.77778 69.77778 48.666668 -18.88889 41.11111 -22.222221 69.77778 0.30391166 -2.0382628 PATH 
83.0 198.0 9 0.0 0.0 2.3888886 1.4969089 4.833334 3.0092454 59.77778 53.11111 74.0 52.22222 -20.0 42.666668 -22.666666 74.0 0.2963139 -2.0505745 PATH 
50.0 199.0 9 0.0 0.0 3.2222226 2.9789395 5.611111 4.6159945 55.666668 49.11111 69.77778 48.11111 -19.666666 42.333332 -22.666666 69.77778 0.31241447 -2.0454311 PATH 
172.0 183.0 9 0.0 0.0 2.8888893 1.6821506 4.0555553 3.0725813 56.333332 50.444443 70.0 48.555557 -17.666666 41.0 -23.333334 70.0 0.30547154 -1.9975766 PATH 
166.0 185.0 9 0.0 0.0 1.9444447 0.250924 2.0 0.21081811 54.22222 48.555557 67.22222 46.88889 -17.0 39.0 -22.0 67.22222 0.30253935 -2.0080075 PATH 
119.0 196.0 9 0.0 0.0 2.666666 2.1499357 1.3888893 1.35674 53.333332 47.333332 65.66667 47.0 -18.0 37.0 -19.0 65.66667 0.2935857 -2.0791848 PATH 
97.0 63.0 9 0.0 0.0 0.7222214 0.4430521 0.33333206 0.21081766 108.92593 96.22222 126.111115 104.44444 -38.11111 51.555557 -13.444445 126.111115 0.23688999 -2.3824377 SKY 
112.0 77.0 9 0.0 0.0 0.94444656 0.57413495 1.1666654 0.80966693 107.62963 93.888885 125.22222 103.77778 -41.22222 52.77778 -11.555555 125.22222 0.2501428 -2.4246798 SKY 
121.0 82.0 9 0.0 0.0 0.555556 0.34426636 0.6111107 0.44305366 106.51852 92.888885 125.888885 100.77778 -40.88889 58.11111 -17.222221 125.888885 0.2620926 -2.3448718 SKY 
190.0 45.0 9 0.0 0.0 0.6666667 0.66666645 0.7777786 0.54433 108.96296 95.888885 126.888885 104.111115 -39.22222 53.77778 -14.555555 126.888885 0.24428888 -2.3718073 SKY 
53.0 28.0 9 0.0 0.0 0.44444403 0.40368605 1.7777786 0.86066204 111.59259 96.44444 130.66667 107.666664 -45.444443 57.22222 -11.777778 130.66667 0.26183844 -2.4385846 SKY 
88.0 91.0 9 0.0 0.0 1.0555559 0.8277575 0.7222214 0.77220345 104.888885 92.55556 123.44444 98.666664 -37.0 55.666668 -18.666666 123.44444 0.2502041 -2.300486 SKY 
152.0 18.0 9 0.0 0.0 0.7777774 0.4554219 0.55555725 0.2721644 112.111115 97.22222 130.44444 108.666664 -44.666668 55.0 -10.333333 130.44444 0.2546684 -2.45498 SKY 
115.0 81.0 9 0.0 0.0 0.72222394 0.64693224 0.72222394 0.38968277 105.92593 91.888885 124.888885 101.0 -42.11111 56.88889 -14.777778 124.888885 0.26421982 -2.3822613 SKY 
178.0 16.0 9 0.0 0.0 0.3333346 0.298143 1.4999987 1.2064619 112.96296 99.55556 131.0 108.333336 -40.22222 54.11111 -13.888889 131.0 0.23989888 -2.3850007 SKY 
66.0 41.0 9 0.0 0.0 0.61111194 0.32773077 0.38889185 0.32773316 109.703705 95.111115 128.88889 105.111115 -43.77778 57.555557 -13.777778 128.88889 0.26204562 -2.404745 SKY 
53.0 78.0 9 0.11111111 0.0 1.2222252 1.0255988 2.6666653 2.2900763 106.85185 93.22222 125.666664 101.666664 -40.88889 56.444443 -15.555555 125.666664 0.25818166 -2.3680825 SKY 
160.0 30.0 9 0.0 0.0 0.22222137 0.27216452 0.61110944 0.6116157 111.22222 97.666664 129.0 107.0 -40.666668 53.333332 -12.666667 129.0 0.24285044 -2.405295 SKY 
230.0 12.0 9 0.0 0.0 0.88888806 0.27216384 1.611112 0.97562623 119.03704 107.22222 135.33334 114.55556 -35.444443 48.88889 -13.444445 135.33334 0.20767513 -2.368866 SKY 
84.0 86.0 9 0.0 0.0 0.8333346 0.6912141 1.1666692 0.69121444 105.77778 92.888885 124.111115 100.333336 -38.666668 55.0 -16.333334 124.111115 0.25155202 -2.3437886 SKY 
58.0 25.0 9 0.0 0.0 0.7777799 0.50184816 0.3888893 0.3277306 112.22222 97.77778 131.33334 107.55556 -43.333332 57.333332 -14.0 131.33334 0.25541002 -2.3968942 SKY 
185.0 35.0 9 0.0 0.0 1.3888868 1.0417228 1.1666654 0.80966425 109.111115 96.44444 125.44444 105.44444 -38.0 49.0 -11.0 125.44444 0.23116584 -2.4202032 SKY 
171.0 15.0 9 0.0 0.0 0.66666794 0.55777216 0.66666794 0.6992054 113.74074 100.111115 132.0 109.111115 -40.88889 54.77778 -13.888889 132.0 0.24157602 -2.3890254 SKY 
231.0 13.0 9 0.0 0.0 1.2777761 0.57413495 1.0 1.0540915 118.666664 106.55556 135.77779 113.666664 -36.333332 51.333332 -15.0 135.77779 0.21508773 -2.3518965 SKY 
80.0 40.0 9 0.0 0.0 0.6111107 0.5741323 0.7222226 0.7722025 110.703705 96.22222 129.0 106.888885 -43.444443 54.88889 -11.444445 129.0 0.2540513 -2.4346924 SKY 
67.0 40.0 9 0.0 0.0 0.6666654 0.51639676 0.6666667 0.699204 110.03704 95.333336 129.0 105.77778 -44.11111 56.88889 -12.777778 129.0 0.2609661 -2.4194565 SKY 
11.0 50.0 9 0.11111111 0.0 1.7777773 1.0036945 1.111112 0.9108403 109.25926 93.888885 130.33334 103.55556 -46.11111 63.22222 -17.11111 130.33334 0.27970007 -2.3720198 SKY 
76.0 19.0 9 0.0 0.0 0.944444 0.4430521 0.88888806 0.5837302 114.25926 101.0 132.33334 109.44444 -39.77778 54.22222 -14.444445 132.33334 0.23673333 -2.3759847 SKY 
134.0 29.0 9 0.0 0.0 0.7777774 0.40368682 0.44444275 0.40368643 112.07407 98.55556 130.55556 107.111115 -40.555557 55.444443 -14.888889 130.55556 0.24509327 -2.3732064 SKY 
232.0 31.0 9 0.0 0.0 0.5555547 0.34426576 0.7777774 0.34426582 114.96296 101.888885 132.55556 110.44444 -39.22222 52.77778 -13.555555 132.55556 0.23132005 -2.384877 SKY 
112.0 18.0 9 0.0 0.0 0.8333333 0.6912159 0.5 0.27888793 113.77778 102.333336 130.11111 108.888885 -34.333332 49.0 -14.666667 130.11111 0.21325745 -2.3408391 SKY 
104.0 41.0 9 0.0 0.0 0.3888893 0.32773066 0.8333333 0.58689624 112.111115 99.0 129.33334 108.0 -39.333332 51.666668 -12.333333 129.33334 0.23449263 -2.4045534 SKY 
62.0 26.0 9 0.0 0.0 0.7777774 0.27216512 0.44444403 0.40368605 112.22222 98.333336 130.88889 107.44444 -41.666668 56.0 -14.333333 130.88889 0.24869815 -2.38614 SKY 
81.0 67.0 9 0.0 0.0 0.83333206 0.45947185 0.8888893 0.5837296 122.888885 112.333336 138.44444 117.888885 -31.666666 46.666668 -15.0 138.44444 0.18855007 -2.3171885 SKY 
143.0 20.0 9 0.0 0.0 1.1111158 0.7503102 1.2777799 0.92895854 127.333336 116.77778 142.66667 122.55556 -31.666666 46.0 -14.333333 142.66667 0.18147528 -2.3269186 SKY 
207.0 58.0 9 0.0 0.0 0.8333308 0.45946908 1.0000013 0.4216377 122.0 110.111115 138.77779 117.111115 -35.666668 50.333332 -14.666667 138.77779 0.20650265 -2.3492694 SKY 
38.0 71.0 9 0.0 0.0 0.7222214 0.49065483 0.88888806 0.72008145 122.18519 111.44444 138.33334 116.77778 -32.22222 48.444443 -16.222221 138.33334 0.19431558 -2.3012028 SKY 
134.0 54.0 9 0.0 0.0 0.61111194 0.64693147 1.2222214 1.0036972 124.37037 112.666664 141.33334 119.111115 -35.11111 50.88889 -15.777778 141.33334 0.2027078 -2.3286614 SKY 
37.0 25.0 9 0.0 0.0 1.3333321 0.73029673 0.9999962 0.76011676 126.03704 114.333336 142.22223 121.55556 -35.11111 48.555557 -13.444445 142.22223 0.19609308 -2.36518 SKY 
16.0 51.0 9 0.0 0.0 0.7222226 0.44305405 0.8333346 0.7226493 122.96296 110.666664 140.77779 117.44444 -36.88889 53.444443 -16.555555 140.77779 0.21381323 -2.3304648 SKY 
120.0 51.0 9 0.0 0.0 1.0555547 0.7123238 2.0555534 0.742867 124.40741 113.22222 141.11111 118.888885 -33.555557 50.11111 -16.555555 141.11111 0.19756877 -2.3053098 SKY 
44.0 33.0 9 0.0 0.0 1.1666641 0.9368973 1.0555534 0.8541826 125.888885 114.666664 141.77779 121.22222 -33.666668 47.666668 -14.0 141.77779 0.19121477 -2.3480024 SKY 
97.0 21.0 9 0.0 0.0 0.944444 0.6116148 1.3333321 0.8692265 126.81481 115.0 142.88889 122.55556 -35.444443 48.22222 -12.777778 142.88889 0.19512747 -2.3778136 SKY 
8.0 21.0 9 0.11111111 0.0 0.61111194 0.44305393 2.055556 1.2186847 125.59259 113.44444 142.44444 120.888885 -36.444443 50.555557 -14.111111 142.44444 0.20358202 -2.362526 SKY 
83.0 53.0 9 0.0 0.0 0.5555547 0.4554187 0.7222226 0.4906516 123.44444 112.333336 138.22223 119.77778 -33.333332 44.333332 -11.0 138.22223 0.18721664 -2.3932705 SKY 
126.0 20.0 9 0.0 0.0 0.99999744 1.1925684 1.1666654 1.1498771 126.55556 115.666664 142.33334 121.666664 -32.666668 47.333332 -14.666667 142.33334 0.18729347 -2.3280342 SKY 
197.0 58.0 9 0.0 0.0 0.8333346 0.62360954 1.4444441 1.0036969 122.25926 110.44444 138.77779 117.55556 -35.444443 49.555557 -14.111111 138.77779 0.20414667 -2.357271 SKY 
143.0 34.0 9 0.0 0.0 1.0555547 0.9289564 1.388888 0.8798136 125.48148 113.666664 142.0 120.77778 -35.444443 49.555557 -14.111111 142.0 0.19951604 -2.3572717 SKY 
221.0 50.0 9 0.0 0.0 0.44444528 0.5443321 1.4444441 0.6885326 122.07407 109.888885 139.77779 116.55556 -36.555557 53.11111 -16.555555 139.77779 0.21380861 -2.3256788 SKY 
217.0 23.0 9 0.0 0.0 1.0555547 0.61161584 1.1666654 0.54772294 124.44444 111.888885 141.66667 119.77778 -37.666668 51.666668 -14.0 141.66667 0.2101616 -2.3705504 SKY 
91.0 19.0 9 0.0 0.0 1.0000013 0.760118 1.4444466 0.7793644 126.666664 115.44444 142.44444 122.111115 -33.666668 47.333332 -13.666667 142.44444 0.18952668 -2.3528337 SKY 
138.0 49.0 9 0.0 0.0 1.0555573 0.9289595 1.7777799 1.0680549 124.03704 113.111115 140.44444 118.55556 -32.77778 49.22222 -16.444445 140.44444 0.19462235 -2.303412 SKY 
230.0 41.0 9 0.0 0.0 0.88889056 0.6885295 1.8888893 1.2412663 121.48148 110.22222 138.88889 115.333336 -33.77778 52.22222 -18.444445 138.88889 0.2063918 -2.2808032 SKY 
17.0 18.0 9 0.0 0.0 1.2222214 1.2938598 1.2777773 1.2546203 125.62963 114.0 142.0 120.888885 -34.88889 49.11111 -14.222222 142.0 0.1971055 -2.3521838 SKY 
206.0 30.0 9 0.0 0.0 0.7777774 0.50184685 0.83333206 0.54772305 123.333336 112.77778 139.66667 117.55556 -31.666666 49.0 -17.333334 139.66667 0.19250989 -2.2795098 SKY 
118.0 38.0 9 0.0 0.0 0.7777774 0.58372986 0.88888806 1.0680552 124.85185 113.333336 141.66667 119.55556 -34.555557 50.444443 -15.888889 141.66667 0.19997217 -2.322923 SKY 
73.0 19.0 9 0.0 0.0 0.9444453 0.38968116 0.94444275 0.68041587 127.51852 116.55556 143.11111 122.888885 -32.88889 46.77778 -13.888889 143.11111 0.1855386 -2.344188 SKY 
183.0 78.0 9 0.0 0.0 1.0555573 0.32963154 0.7777786 1.2740806 135.55556 128.66667 147.0 131.0 -20.666666 34.333332 -13.666667 147.0 0.124646865 -2.2255366 SKY 
236.0 42.0 9 0.0 0.0 0.72222394 0.46296337 1.3888906 1.4407468 135.2963 128.11111 146.44444 131.33334 -21.555555 33.444443 -11.888889 146.44444 0.12513736 -2.2822175 SKY 
18.0 13.0 9 0.0 0.0 0.88889056 0.20740725 1.1111145 0.16296056 140.25926 134.33334 149.11111 137.33334 -17.777779 26.555555 -8.777778 149.11111 0.099060155 -2.292384 SKY 
49.0 42.0 9 0.0 0.0 2.6111107 0.92895794 1.333334 0.8944278 58.88889 50.666668 74.55556 51.444443 -24.666666 47.0 -22.333334 74.55556 0.3229307 -2.1257355 CEMENT 
92.0 70.0 9 0.11111111 0.0 1.1111107 1.3608265 0.7777767 0.65546083 61.11111 53.444443 77.0 52.88889 -23.0 47.666668 -24.666666 77.0 0.31436473 -2.070832 CEMENT 
63.0 19.0 9 0.0 0.0 2.4444447 1.1863403 1.4444447 0.8861062 45.185184 38.0 58.77778 38.77778 -21.555555 40.77778 -19.222221 58.77778 0.35522667 -2.1336765 CEMENT 
170.0 159.0 9 0.11111111 0.0 2.2777777 1.420746 1.611111 1.1816499 20.518518 20.333334 22.333334 18.88889 -0.5555556 5.4444447 -4.888889 22.333334 0.15127982 -1.5966792 CEMENT 
58.0 109.0 9 0.0 0.0 1.1666666 0.6236098 1.0555553 0.49065349 41.814816 36.11111 53.666668 35.666668 -17.11111 35.555557 -18.444445 53.666668 0.3349617 -2.068644 CEMENT 
24.0 15.0 9 0.0 0.0 0.8333346 0.6912141 1.1111107 0.54432976 70.07407 61.0 87.44444 61.77778 -27.222221 52.11111 -24.88889 87.44444 0.30227023 -2.1249814 CEMENT 
44.0 50.0 9 0.0 0.0 1.1666673 0.96032333 1.0555573 0.389682 65.111115 57.333332 80.333336 57.666668 -23.333334 45.666668 -22.333334 80.333336 0.29016516 -2.1077845 CEMENT 
27.0 57.0 9 0.11111111 0.0 0.7222226 0.32772803 0.7222226 0.3896791 70.37037 60.0 90.111115 61.0 -31.11111 59.22222 -28.11111 90.111115 0.33538663 -2.128801 CEMENT 
72.0 32.0 9 0.11111111 0.11111111 3.9444447 2.7032225 2.277778 1.9710876 56.37037 48.555557 72.77778 47.77778 -23.444445 49.22222 -25.777779 72.77778 0.3444093 -2.060607 CEMENT 
244.0 134.0 9 0.11111111 0.0 2.1111126 1.1287498 1.0000006 0.7302964 44.703705 37.11111 58.22222 38.77778 -22.777779 40.555557 -17.777779 58.22222 0.36128438 -2.1753492 CEMENT 
78.0 85.0 9 0.0 0.0 5.4999995 2.105549 6.4999995 4.5983086 48.88889 42.444443 61.555557 42.666668 -19.333334 38.0 -18.666666 61.555557 0.31522787 -2.0973632 CEMENT 
114.0 145.0 9 0.11111111 0.0 2.166666 1.3123348 0.99999934 0.6992059 61.11111 52.444443 76.77778 54.11111 -26.0 47.0 -21.0 76.77778 0.31713998 -2.1661513 CEMENT 
22.0 125.0 9 0.0 0.0 2.277778 1.8063672 2.4444447 1.3443986 58.22222 50.22222 73.77778 50.666668 -24.0 46.666668 -22.666666 73.77778 0.32390848 -2.1127234 CEMENT 
230.0 117.0 9 0.0 0.0 3.2777786 0.92895794 1.4444433 0.86066324 39.037037 33.555557 49.77778 33.77778 -16.444445 32.22222 -15.777778 49.77778 0.33502588 -2.1062348 CEMENT 
228.0 22.0 9 0.0 0.0 1.1111107 0.8606628 1.3888887 0.9756292 49.666668 42.77778 62.88889 43.333332 -20.666666 39.666668 -19.0 62.88889 0.3194739 -2.123537 CEMENT 
109.0 111.0 9 0.0 0.0 1.4444447 1.0886633 1.5000006 1.471961 57.77778 51.333332 71.66667 50.333332 -19.333334 41.666668 -22.333334 71.66667 0.29889232 -2.045165 CEMENT 
78.0 128.0 9 0.0 0.0 1.1666673 0.88819444 1.388888 1.1238163 49.925926 42.666668 64.22222 42.88889 -21.777779 42.88889 -21.11111 64.22222 0.34023675 -2.1024415 CEMENT 
58.0 48.0 9 0.0 0.0 2.277778 0.250925 0.27777734 0.25092447 40.851852 35.444447 52.444443 34.666668 -16.222221 34.77778 -18.555555 52.444443 0.33911672 -2.0487316 CEMENT 
103.0 65.0 9 0.0 0.0 1.277778 1.0835457 1.2222214 0.91083974 60.148148 53.77778 73.888885 52.77778 -19.11111 41.22222 -22.11111 73.888885 0.2870454 -2.0419006 CEMENT 
11.0 62.0 9 0.0 0.0 0.88889056 0.5018489 0.72222394 0.3896814 66.77778 57.444443 84.66667 58.22222 -28.0 53.666668 -25.666666 84.66667 0.3227603 -2.124459 CEMENT 
121.0 102.0 9 0.11111111 0.0 2.9444435 1.8549231 1.222222 0.86066246 51.666668 47.11111 62.333332 45.555557 -13.666667 32.0 -18.333334 62.333332 0.2694 -1.9948803 CEMENT 
219.0 132.0 9 0.0 0.0 1.4444447 0.65546167 1.1111107 0.7503098 35.22222 29.555555 45.666668 30.444445 -17.0 31.333334 -14.333333 45.666668 0.35474625 -2.1469688 CEMENT 
186.0 98.0 9 0.0 0.0 1.2777783 1.1816506 5.944444 3.0798028 33.962963 31.0 41.0 29.88889 -8.888889 21.11111 -12.222222 41.0 0.2656978 -1.9603096 CEMENT 
54.0 133.0 9 0.0 0.0 4.3888893 1.705111 1.2777773 1.2186816 21.444445 19.88889 25.777779 18.666668 -4.6666665 13.0 -8.333333 25.777779 0.27027062 -1.9038104 CEMENT 
22.0 87.0 9 0.0 0.0 1.8888899 1.2590423 1.1666666 0.62361073 64.03704 55.77778 80.333336 56.0 -24.777779 48.88889 -24.11111 80.333336 0.30969977 -2.105073 CEMENT 
54.0 126.0 9 0.11111111 0.0 2.7777774 2.6970487 3.3888886 2.2746582 23.296297 21.0 28.88889 20.0 -6.888889 16.777779 -9.888889 28.88889 0.3057855 -1.9687403 CEMENT 
147.0 34.0 9 0.0 0.0 4.611111 4.154872 0.7777786 0.7793621 47.592594 41.11111 60.0 41.666668 -19.444445 37.22222 -17.777779 60.0 0.3175422 -2.1228747 CEMENT 
151.0 101.0 9 0.0 0.0 9.611111 6.5367904 0.5 0.34960347 31.185184 27.222221 39.444443 26.88889 -11.888889 24.777779 -12.888889 39.444443 0.32728764 -2.05839 CEMENT 
70.0 38.0 9 0.0 0.0 1.2222227 0.2721662 1.0000006 0.76011634 58.0 50.0 74.333336 49.666668 -24.0 49.0 -25.0 74.333336 0.33601543 -2.0785036 CEMENT 
109.0 100.0 9 0.0 0.0 0.944444 0.49065506 0.44444466 0.40368706 57.148148 51.555557 69.66667 50.22222 -16.777779 37.555557 -20.777779 69.66667 0.27896288 -2.024061 CEMENT 
93.0 67.0 9 0.0 0.0 1.7222208 1.3891102 1.4999994 1.1879022 60.74074 53.0 75.888885 53.333332 -23.222221 45.444443 -22.222221 75.888885 0.303044 -2.109804 CEMENT 
191.0 107.0 9 0.0 0.0 2.0555553 1.5263124 10.333333 3.0110908 29.222221 26.88889 35.88889 24.88889 -7.0 20.0 -13.0 35.88889 0.31155226 -1.8771589 CEMENT 
19.0 102.0 9 0.0 0.0 3.88889 1.5006163 1.1666666 0.62360954 58.37037 50.666668 73.44444 51.0 -23.11111 45.22222 -22.11111 73.44444 0.317014 -2.1020474 CEMENT 
79.0 28.0 9 0.0 0.0 4.277777 3.7618961 0.8333333 0.6582806 62.407406 53.444443 79.111115 54.666668 -26.88889 50.11111 -23.222221 79.111115 0.32455578 -2.1445074 CEMENT 
32.0 88.0 9 0.0 0.0 0.83333206 0.34960276 1.111112 0.72008145 67.25926 57.88889 85.0 58.88889 -28.11111 53.22222 -25.11111 85.0 0.32012162 -2.1320271 CEMENT 
118.0 21.0 9 0.0 0.0 4.8333344 4.5740814 1.277778 1.0628413 65.888885 59.333332 79.22222 59.11111 -19.666666 40.0 -20.333334 79.22222 0.2570597 -2.072158 CEMENT 
178.0 25.0 9 0.0 0.0 0.7222214 0.32773143 1.5555559 1.2412641 44.814816 39.555557 55.0 39.88889 -15.777778 30.555555 -14.777778 55.0 0.2845817 -2.1188104 CEMENT 
24.0 93.0 9 0.0 0.0 1.6111094 0.7722033 2.0555553 1.7309806 62.851852 54.77778 79.22222 54.555557 -24.222221 49.11111 -24.88889 79.22222 0.3155379 -2.0837152 CEMENT 
224.0 124.0 9 0.0 0.0 1.5555559 1.2938598 1.8888887 1.186342 43.51852 36.77778 56.333332 37.444443 -20.222221 38.444443 -18.222221 56.333332 0.3480217 -2.1278005 CEMENT 
158.0 76.0 9 0.0 0.0 0.833333 0.65828085 3.277778 3.065339 34.851852 31.88889 42.0 30.666666 -8.888889 21.444445 -12.555555 42.0 0.2703099 -1.9814991 CEMENT 
104.0 112.0 9 0.0 0.0 0.6111107 0.25092375 1.0555559 0.71232516 59.148148 52.22222 73.333336 51.88889 -20.777779 42.555557 -21.777779 73.333336 0.29368052 -2.0784628 CEMENT 
94.0 104.0 9 0.0 0.0 6.6111107 1.420747 1.0000013 0.5163988 55.74074 48.88889 69.55556 48.77778 -20.555555 41.444443 -20.88889 69.55556 0.30307138 -2.0854902 CEMENT 
105.0 111.0 9 0.0 0.0 0.3888887 0.38968194 1.0555559 0.44305268 60.185184 53.22222 74.888885 52.444443 -20.88889 44.11111 -23.222221 74.888885 0.29966387 -2.0580003 CEMENT 
102.0 158.0 9 0.22222222 0.0 2.2777774 2.1230664 1.8333334 1.0488074 39.333332 35.555557 47.444443 35.0 -11.333333 24.333334 -13.0 47.444443 0.26415184 -2.049172 CEMENT 
83.0 143.0 9 0.0 0.0 1.2777767 1.1038657 1.2222214 0.54433095 50.37037 43.0 64.77778 43.333332 -22.11111 43.22222 -21.11111 64.77778 0.3412286 -2.1089952 CEMENT 
48.0 139.0 9 0.0 0.0 2.4444447 1.6821502 1.833334 1.048809 48.22222 42.555557 60.444443 41.666668 -17.0 36.666668 -19.666666 60.444443 0.3108182 -2.0442379 CEMENT 
97.0 46.0 9 0.0 0.0 1.6666673 1.6193271 2.2222207 1.4089662 62.333332 53.22222 79.111115 54.666668 -27.333334 50.333332 -23.0 79.111115 0.32671866 -2.1523037 CEMENT 
34.0 116.0 9 0.0 0.0 5.777778 4.405383 0.49999872 0.27888796 61.0 52.444443 76.44444 54.11111 -25.666666 46.333332 -20.666666 76.44444 0.31323463 -2.1617932 CEMENT 
229.0 24.0 9 0.0 0.0 1.777778 1.1088876 1.2222233 1.0470423 49.185184 42.333336 61.22222 44.0 -20.555555 36.11111 -15.555555 61.22222 0.3086199 -2.1867971 CEMENT 
52.0 89.0 9 0.0 0.0 5.2222223 2.721655 0.7222226 0.49065316 28.925926 25.222221 36.88889 24.666666 -11.111111 23.88889 -12.777778 36.88889 0.33112764 -2.0484614 CEMENT 
247.0 115.0 9 0.0 0.0 3.555556 1.8094409 1.3888897 1.3066785 28.851852 24.88889 36.77778 24.88889 -11.888889 23.777779 -11.888889 36.77778 0.33166277 -2.094392 CEMENT 
233.0 124.0 9 0.11111111 0.0 2.1111114 1.5006171 2.0555553 0.49065465 40.925926 35.77778 51.444443 35.555557 -15.444445 31.555555 -16.11111 51.444443 0.31709695 -2.0769668 CEMENT 
29.0 78.0 9 0.0 0.0 0.6666654 0.6992061 2.6111107 2.322991 69.74074 59.666668 88.44444 61.11111 -30.222221 56.11111 -25.88889 88.44444 0.32548746 -2.145541 CEMENT 
147.0 87.0 9 0.0 0.0 6.8333335 6.6189947 1.5555567 1.6953089 43.333332 37.88889 54.88889 37.22222 -16.333334 34.666668 -18.333334 54.88889 0.319706 -2.050388 CEMENT 
86.0 20.0 9 0.0 0.0 0.94444656 1.0201677 1.9444441 1.0628412 65.18519 56.444443 81.66667 57.444443 -26.222221 49.444443 -23.222221 81.66667 0.30955637 -2.1330314 CEMENT 
110.0 189.0 9 0.0 0.0 1.0000004 0.66666675 1.2222223 1.1863422 12.925926 10.888889 9.222222 18.666668 -6.111111 -11.111111 17.222221 18.666668 0.50813884 1.9108642 GRASS 
225.0 244.0 9 0.0 0.0 3.3888886 2.1951127 2.9999998 1.5202343 12.259259 10.333334 9.333334 17.11111 -5.7777777 -8.777778 14.555555 17.11111 0.48014903 1.9879022 GRASS 
97.0 186.0 9 0.0 0.0 1.1666671 0.6912147 1.1666671 1.0055404 15.592592 13.888889 11.777778 21.11111 -5.111111 -11.444445 16.555555 21.11111 0.44266057 1.8636538 GRASS 
62.0 224.0 9 0.0 0.0 0.9444445 1.083547 2.3333335 1.6329932 14.62963 13.222222 11.444445 19.222221 -4.2222223 -9.555555 13.777778 19.222221 0.40896538 1.8601909 GRASS 
44.0 233.0 9 0.0 0.0 2.2222219 2.1464872 2.111111 1.3277657 14.481482 12.555555 11.333333 19.555555 -5.7777777 -9.444445 15.222222 19.555555 0.42217422 1.9504046 GRASS 
55.0 209.0 9 0.11111111 0.0 1.8333331 1.2952907 1.3888888 0.99814624 12.518518 10.333334 10.333334 16.88889 -6.5555553 -6.5555553 13.111111 16.88889 0.40790388 2.0992203 GRASS 
90.0 189.0 9 0.0 0.0 0.88888884 0.7793635 1.0555555 0.82775915 12.888889 10.444445 9.444445 18.777779 -7.3333335 -10.333333 17.666666 18.777779 0.49709514 1.9855517 GRASS 
58.0 217.0 9 0.0 0.0 1.3888888 1.06284 1.6666665 1.3498971 11.925926 9.777778 9.0 17.0 -6.4444447 -8.777778 15.222222 17.0 0.48659843 2.0066419 GRASS 
245.0 176.0 9 0.0 0.0 1.0000006 0.516398 1.0 0.5577736 18.481482 15.111111 17.0 23.333334 -10.111111 -4.4444447 14.555555 23.333334 0.35206997 2.332243 GRASS 
80.0 203.0 9 0.0 0.0 1.3888887 0.74286735 1.9444443 1.5263122 12.407408 10.0 9.0 18.222221 -7.2222223 -10.222222 17.444445 18.222221 0.5144446 1.9867483 GRASS 
85.0 223.0 9 0.11111111 0.0 1.7777776 1.0470417 1.9444445 1.5116831 14.740741 12.666667 11.555555 20.0 -6.2222223 -9.555555 15.777778 20.0 0.42312294 1.9665359 GRASS 
116.0 245.0 9 0.0 0.0 2.277778 1.1626909 2.2777777 1.496911 16.37037 13.555555 14.333333 21.222221 -8.444445 -6.111111 14.555555 21.222221 0.38490298 2.1980507 GRASS 
200.0 250.0 9 0.0 0.0 2.2777777 1.420746 1.4444445 1.0255988 9.222222 6.5555553 7.3333335 13.777778 -8.0 -5.6666665 13.666667 13.777778 0.5633903 2.1929355 GRASS 
30.0 251.0 9 0.0 0.0 2.444444 1.8816857 8.0 1.6055425 20.666666 21.444445 17.777779 22.777779 2.3333333 -8.666667 6.3333335 22.777779 0.23141664 1.2870604 GRASS 
102.0 203.0 9 0.0 0.0 0.6666665 0.760117 1.3333331 0.8944272 9.777778 7.4444447 6.4444447 15.444445 -7.0 -10.0 17.0 15.444445 0.5918262 1.9847853 GRASS 
163.0 210.0 9 0.0 0.0 1.5555555 0.5443307 1.4999999 0.9603243 11.851851 9.333334 8.888889 17.333334 -7.5555553 -8.888889 16.444445 17.333334 0.48873982 2.0437257 GRASS 
34.0 169.0 9 0.0 0.0 0.8333333 0.5055251 1.6111112 0.8798151 12.814815 10.666667 9.777778 18.0 -6.4444447 -9.111111 15.555555 18.0 0.46356925 1.9931829 GRASS 
223.0 185.0 9 0.0 0.0 0.5 0.34960312 2.3888886 2.0807757 12.962963 11.555555 9.777778 17.555555 -4.2222223 -9.555555 13.777778 17.555555 0.44541803 1.8388497 GRASS 
166.0 222.0 9 0.0 0.0 1.5555555 0.83444345 1.1666665 0.6236094 10.481482 8.666667 6.6666665 16.11111 -5.4444447 -11.444445 16.88889 16.11111 0.58765954 1.8704867 GRASS 
88.0 211.0 9 0.22222222 0.0 1.388889 0.87981474 2.4444444 1.4555134 10.814815 8.888889 7.6666665 15.888889 -5.7777777 -9.444445 15.222222 15.888889 0.52432793 1.9408315 GRASS 
75.0 226.0 9 0.0 0.0 2.2222226 0.6554613 1.611111 1.0201668 16.703703 15.333333 13.0 21.777779 -4.111111 -11.111111 15.222222 21.777779 0.40474883 1.8223403 GRASS 
85.0 225.0 9 0.0 0.0 1.5 1.0055401 1.6111113 1.2895594 16.185184 14.444445 12.777778 21.333334 -5.2222223 -10.222222 15.444445 21.333334 0.40115124 1.8910155 GRASS 
47.0 215.0 9 0.0 0.0 3.1111114 1.7847089 3.3888893 2.4075494 17.185184 14.444445 15.666667 21.444445 -8.222222 -4.5555553 12.777778 21.444445 0.34176603 2.2660944 GRASS 
57.0 229.0 9 0.0 0.0 2.7222226 2.0593057 3.4444447 1.4089648 14.62963 12.0 13.555555 18.333334 -7.888889 -3.2222223 11.111111 18.333334 0.3476919 2.3504374 GRASS 
8.0 199.0 9 0.0 0.0 1.6666671 0.78881073 1.3888893 0.71232533 15.0 13.333333 11.777778 19.88889 -5.0 -9.666667 14.666667 19.88889 0.40888458 1.9053026 GRASS 
103.0 174.0 9 0.11111111 0.0 1.4444447 1.1674602 1.6666666 1.2649112 23.185184 20.666668 19.88889 29.0 -7.5555553 -9.888889 17.444445 29.0 0.32797024 2.0336978 GRASS 
197.0 156.0 9 0.0 0.0 0.9444439 0.49065349 2.0555558 1.705112 16.925926 13.444445 15.555555 21.777779 -10.444445 -4.111111 14.555555 21.777779 0.38463837 2.3635807 GRASS 
129.0 176.0 9 0.0 0.0 1.4444443 0.65546167 2.722222 1.5408025 22.74074 19.444445 19.777779 29.0 -9.888889 -8.888889 18.777779 29.0 0.33502117 2.1269014 GRASS 
46.0 238.0 9 0.0 0.0 1.0555557 0.8277594 2.166667 1.8226967 13.259259 9.666667 12.666667 17.444445 -10.777778 -1.7777778 12.555555 17.444445 0.44550914 2.5082257 GRASS 
182.0 197.0 9 0.11111111 0.0 2.166667 0.69121456 2.3888888 1.5834798 12.851851 10.444445 12.777778 15.333333 -7.2222223 -0.22222222 7.4444447 15.333333 0.322069 2.6282077 GRASS 
106.0 193.0 9 0.0 0.0 1.0555557 0.9525794 0.888889 0.6206331 14.444445 11.666667 12.555555 19.11111 -8.333333 -5.6666665 14.0 19.11111 0.38886335 2.2100549 GRASS 
91.0 247.0 9 0.0 0.0 2.6666665 1.2472191 2.222222 1.4246507 12.62963 9.555555 12.444445 15.888889 -9.222222 -0.5555556 9.777778 15.888889 0.4018332 2.55309 GRASS 
170.0 185.0 9 0.0 0.0 0.611111 0.44305348 1.4444447 1.0470417 10.740741 8.111112 9.777778 14.333333 -7.888889 -2.8888888 10.777778 14.333333 0.4351852 2.3628104 GRASS 
11.0 163.0 9 0.0 0.0 1.0555553 0.928958 2.5000002 1.3123353 19.814816 17.444445 16.666668 25.333334 -7.111111 -9.444445 16.555555 25.333334 0.34426668 2.0016809 GRASS 
42.0 244.0 9 0.11111111 0.0 1.111111 1.4707015 1.1111112 1.2590414 12.814815 9.555555 11.666667 17.222223 -9.777778 -3.4444444 13.222222 17.222223 0.44603544 2.3917358 GRASS 
10.0 196.0 9 0.0 0.0 1.2222217 1.0470414 0.9999997 0.8432735 15.333333 14.111111 11.444445 20.444445 -3.6666667 -11.666667 15.333333 20.444445 0.4405804 1.789167 GRASS 
242.0 183.0 9 0.0 0.0 1.4999999 0.9368979 2.1666667 1.798147 15.37037 12.666667 12.444445 21.0 -8.111111 -8.777778 16.88889 21.0 0.42024404 2.0758736 GRASS 
169.0 199.0 9 0.0 0.0 1.277778 0.4430534 1.277778 1.041722 14.518518 11.111111 14.555555 17.88889 -10.222222 0.11111111 10.111111 17.88889 0.37847343 2.6341755 GRASS 
120.0 227.0 9 0.0 0.0 1.4444442 1.186342 1.8888887 0.80737346 12.62963 9.444445 11.0 17.444445 -9.555555 -4.888889 14.444445 17.444445 0.45836443 2.2918468 GRASS 
4.0 208.0 9 0.11111111 0.0 2.3333333 1.7638342 2.4444444 1.6953101 14.777778 12.111111 12.222222 20.0 -8.0 -7.6666665 15.666667 20.0 0.42939755 2.1126173 GRASS 
252.0 181.0 9 0.0 0.0 0.9999997 0.6324556 2.055555 2.037609 16.296297 13.555555 13.888889 21.444445 -8.222222 -7.2222223 15.444445 21.444445 0.38555545 2.141428 GRASS 
23.0 219.0 9 0.0 0.0 1.4999999 1.0055401 1.7222223 0.9289575 13.37037 10.888889 12.0 17.222223 -7.4444447 -4.111111 11.555555 17.222223 0.37191358 2.2553325 GRASS 
51.0 237.0 9 0.11111111 0.0 2.5555556 2.5356712 2.3333333 1.2292727 14.148149 11.111111 13.0 18.333334 -9.111111 -3.4444444 12.555555 18.333334 0.39798474 2.3784301 GRASS 
232.0 175.0 9 0.0 0.0 1.1666669 0.62360954 2.8333333 2.1679492 15.37037 12.444445 13.555555 20.11111 -8.777778 -5.4444447 14.222222 20.11111 0.38741234 2.2421958 GRASS 
38.0 241.0 9 0.0 0.0 2.055556 0.5741337 1.5555559 1.4246509 14.333333 10.888889 14.0 18.11111 -10.333333 -1.0 11.333333 18.11111 0.3999011 2.544142 GRASS 
183.0 157.0 9 0.0 0.0 0.6666667 0.4216376 2.1111114 0.62063295 19.666666 16.444445 18.666668 23.88889 -9.666667 -3.0 12.666667 23.88889 0.31418663 2.4052022 GRASS 
222.0 189.0 9 0.0 0.0 0.833333 1.0055403 1.0000006 1.1925697 17.296297 14.555555 14.111111 23.222221 -8.222222 -9.555555 17.777779 23.222221 0.41042024 2.0604427 GRASS 
136.0 216.0 9 0.11111111 0.0 2.7777774 1.3277673 2.7222226 2.984528 15.074074 11.444445 13.222222 20.555555 -10.888889 -5.5555553 16.444445 20.555555 0.44167453 2.2845712 GRASS 
99.0 160.0 9 0.0 0.0 2.0 0.84327424 3.055555 2.3609476 28.037037 21.11111 29.666666 33.333336 -20.777779 4.888889 15.888889 33.333336 0.36751375 2.8271055 GRASS 
112.0 201.0 9 0.0 0.0 2.833333 1.2952907 3.111111 1.7847089 21.296297 16.666668 20.333334 26.88889 -13.888889 -2.8888888 16.777779 26.88889 0.3819119 2.4679377 GRASS 
115.0 156.0 9 0.0 0.0 0.3888887 0.38968167 1.0555553 0.6469302 24.25926 17.222223 26.0 29.555555 -21.11111 5.2222223 15.888889 29.555555 0.41732758 2.8434196 GRASS 
252.0 194.0 9 0.0 0.0 2.1666667 0.7817362 2.055556 2.0266738 18.555555 15.0 15.333333 25.333334 -10.666667 -9.666667 20.333334 25.333334 0.42249063 2.1265156 GRASS 
235.0 249.0 9 0.0 0.11111111 1.6111113 2.4259405 2.666667 1.5055449 22.851852 19.777779 21.222221 27.555555 -9.222222 -4.888889 14.111111 27.555555 0.28660962 2.2826295 GRASS 
142.0 100.0 9 0.0 0.0 0.6666667 0.26666614 1.388889 0.9074066 22.222221 21.777779 28.444445 16.444445 -1.3333334 18.666666 -17.333334 28.444445 0.42199442 -1.6233006 BRICKFACE 
19.0 55.0 9 0.0 0.0 1.444445 2.8296297 1.277778 0.862964 21.037037 20.555555 26.666666 15.888889 -1.4444444 16.88889 -15.444445 26.666666 0.40479085 -1.634416 BRICKFACE 
82.0 109.0 9 0.11111111 0.0 0.722223 0.24074084 1.3333336 0.8000008 17.777779 19.222221 21.0 13.111111 4.3333335 9.666667 -14.0 21.0 0.37602362 -1.2765617 BRICKFACE 
35.0 62.0 9 0.0 0.0 0.7777786 0.5185192 1.2222227 1.051853 21.222221 20.777779 27.222221 15.666667 -1.3333334 18.0 -16.666666 27.222221 0.423121 -1.6203984 BRICKFACE 
23.0 85.0 9 0.0 0.0 1.4444445 1.0518525 1.777778 0.96296287 17.962963 18.88889 21.88889 13.111111 2.7777777 11.777778 -14.555555 21.88889 0.39975148 -1.386867 BRICKFACE 
1.0 115.0 9 0.11111111 0.0 1.8333331 2.3888893 2.2222226 4.9629602 16.555555 15.666667 21.777779 12.222222 -2.6666667 15.666667 -13.0 21.88889 0.42553785 -1.5480099 BRICKFACE 
69.0 85.0 9 0.11111111 0.0 3.1111114 8.207409 3.944444 9.440739 21.444445 20.444445 28.11111 15.777778 -3.0 20.0 -17.0 28.11111 0.43740398 -1.6598793 BRICKFACE 
78.0 69.0 9 0.0 0.0 1.4999996 1.1444438 1.6111107 1.4407405 24.333334 22.0 32.555557 18.444445 -7.0 24.666666 -17.666666 32.555557 0.4315472 -1.8112034 BRICKFACE 
88.0 89.0 9 0.0 0.0 0.7777774 0.38518468 3.6666667 4.0444417 22.333334 21.666666 28.444445 16.88889 -2.0 18.333334 -16.333334 28.444445 0.40368655 -1.6255869 BRICKFACE 
13.0 73.0 9 0.0 0.0 1.3888887 0.72962976 2.611111 3.1296275 19.074074 19.222221 24.11111 13.888889 0.44444445 15.111111 -15.555555 24.11111 0.42150384 -1.5242527 BRICKFACE 
75.0 67.0 9 0.0 0.0 1.4444447 1.0074071 1.8333334 1.5444458 22.25926 22.555555 27.88889 16.333334 0.8888889 16.88889 -17.777779 27.88889 0.4148357 -1.5247713 BRICKFACE 
95.0 100.0 9 0.11111111 0.0 0.7222223 0.1074075 1.2222217 1.140741 21.074074 21.666666 26.0 15.555555 1.7777778 14.777778 -16.555555 26.0 0.4010419 -1.4770186 BRICKFACE 
140.0 103.0 9 0.11111111 0.0 2.166666 3.4111135 1.8333334 2.1666677 21.851852 21.222221 28.0 16.333334 -1.8888888 18.444445 -16.555555 28.0 0.4162386 -1.6343956 BRICKFACE 
7.0 34.0 9 0.0 0.0 2.0 3.6888885 1.5 2.0333328 20.333334 18.222221 27.88889 14.888889 -6.3333335 22.666666 -16.333334 27.88889 0.4663447 -1.8231477 BRICKFACE 
38.0 106.0 9 0.0 0.0 2.2222223 2.5185175 2.1111114 3.1407404 20.0 20.0 25.11111 14.888889 0.0 15.333333 -15.333333 25.11111 0.40815476 -1.5576197 BRICKFACE 
146.0 72.0 9 0.0 0.0 0.944444 0.507407 1.6666664 0.5777763 26.222221 23.777779 35.444447 19.444445 -7.3333335 27.666666 -20.333334 35.444447 0.45092598 -1.8078662 BRICKFACE 
39.0 60.0 9 0.11111111 0.0 1.5555559 1.1407412 2.444445 1.94074 22.62963 21.333334 30.0 16.555555 -3.8888888 22.11111 -18.222221 30.0 0.44663557 -1.7093887 BRICKFACE 
137.0 94.0 9 0.22222222 0.0 1.666667 0.7999998 3.666667 2.8888905 21.222221 20.666668 27.333334 15.666667 -1.6666666 18.333334 -16.666666 27.333334 0.42781135 -1.627145 BRICKFACE 
69.0 92.0 9 0.11111111 0.0 1.888889 4.518517 1.9999999 1.0222219 19.37037 20.222221 23.333334 14.555555 2.5555556 11.888889 -14.444445 23.333334 0.37657413 -1.4082419 BRICKFACE 
41.0 61.0 9 0.0 0.0 2.0555553 1.5740743 1.5555553 1.940741 21.74074 20.333334 28.777779 16.11111 -4.2222223 21.11111 -16.88889 28.777779 0.43704242 -1.7372931 BRICKFACE 
121.0 113.0 9 0.0 0.0 1.722222 1.5296303 2.944444 1.5296295 20.25926 20.0 25.444445 15.333333 -0.7777778 15.555555 -14.777778 25.444445 0.39658895 -1.5856091 BRICKFACE 
131.0 86.0 9 0.0 0.0 1.3888893 1.2185189 1.6666673 2.5777786 24.296297 23.555555 31.333334 18.0 -2.2222223 21.11111 -18.88889 31.333334 0.42459705 -1.6508442 BRICKFACE 
67.0 61.0 9 0.0 0.0 1.0555557 0.50740737 0.8333333 0.38888904 23.74074 22.666666 30.666666 17.88889 -3.2222223 20.777779 -17.555555 30.666666 0.41575083 -1.7009131 BRICKFACE 
86.0 74.0 9 0.11111111 0.0 1.3333336 1.5555557 0.6666673 0.13333334 22.407408 21.666666 28.88889 16.666668 -2.2222223 19.444445 -17.222221 28.88889 0.42220616 -1.6466708 BRICKFACE 
17.0 64.0 9 0.0 0.0 1.4444443 1.3629619 1.6666664 1.4222221 18.88889 17.555555 25.11111 14.0 -4.0 18.666666 -14.666667 25.11111 0.44109204 -1.7555053 BRICKFACE 
127.0 121.0 9 0.0 0.0 1.6666664 0.8000008 2.0000002 2.4444427 23.11111 21.666666 30.11111 17.555555 -4.3333335 21.0 -16.666666 30.11111 0.4155243 -1.7407364 BRICKFACE 
24.0 58.0 9 0.0 0.0 0.8888893 0.1629633 1.3888887 2.285186 20.925926 20.0 27.333334 15.444445 -2.7777777 19.222221 -16.444445 27.333334 0.4347433 -1.6850739 BRICKFACE 
149.0 117.0 9 0.22222222 0.0 0.833333 0.2555556 0.9999997 0.44444454 21.222221 21.11111 26.333334 16.222223 -0.33333334 15.333333 -15.0 26.333334 0.38262922 -1.5744768 BRICKFACE 
22.0 60.0 9 0.0 0.0 0.5 0.30000025 1.2777777 0.7296294 19.925926 19.333334 25.777779 14.666667 -1.7777778 17.555555 -15.777778 25.777779 0.43048432 -1.650048 BRICKFACE 
64.0 74.0 9 0.0 0.0 1.333333 0.5777771 1.3888893 0.9074071 21.148148 21.0 26.88889 15.555555 -0.44444445 17.222221 -16.777779 26.88889 0.41920358 -1.5542339 BRICKFACE 
21.0 53.0 9 0.0 0.0 0.888889 0.5185181 1.1666666 0.43333283 21.555555 20.88889 27.444445 16.333334 -2.0 17.666666 -15.666667 27.444445 0.40413755 -1.6621771 BRICKFACE 
79.0 95.0 9 0.0 0.0 1.6666666 3.7333338 2.4999993 7.188887 21.11111 21.11111 26.222221 16.0 0.0 15.333333 -15.333333 26.222221 0.38836312 -1.555549 BRICKFACE 
97.0 86.0 9 0.11111111 0.0 1.5000004 0.8333331 3.555556 2.1629639 23.814816 23.333334 30.222221 17.88889 -1.4444444 19.222221 -17.777779 30.222221 0.40554056 -1.6085904 BRICKFACE 
4.0 40.0 9 0.0 0.0 1.3333338 2.711112 1.1111115 2.1185184 17.185184 15.666667 23.333334 12.555555 -4.5555553 18.444445 -13.888889 23.333334 0.4630599 -1.7836024 BRICKFACE 
147.0 69.0 9 0.0 0.0 2.0555556 2.9074075 1.8888897 2.562964 25.666666 23.444445 34.444447 19.11111 -6.6666665 26.333334 -19.666666 34.444447 0.44485995 -1.7913898 BRICKFACE 
84.0 51.0 9 0.0 0.0 1.7777777 1.6296308 2.6666672 0.88888854 25.74074 22.666666 35.11111 19.444445 -9.222222 28.11111 -18.88889 35.11111 0.44611752 -1.8730317 BRICKFACE 
120.0 108.0 9 0.11111111 0.0 0.611111 0.6407408 0.944444 0.1518519 21.925926 21.0 28.222221 16.555555 -2.7777777 18.88889 -16.11111 28.222221 0.41213372 -1.6835289 BRICKFACE 
145.0 101.0 9 0.11111111 0.0 0.55555534 0.118518576 1.611111 0.5962954 22.444445 21.555555 29.222221 16.555555 -2.6666667 20.333334 -17.666666 29.222221 0.43281928 -1.6743178 BRICKFACE 
69.0 81.0 9 0.0 0.0 1.833333 2.2111096 1.8333334 1.0111104 19.851852 20.333334 24.666666 14.555555 1.4444444 14.444445 -15.888889 24.666666 0.41030994 -1.472378 BRICKFACE 
90.0 101.0 9 0.11111111 0.0 0.8888893 0.3851848 1.7222223 1.8851866 20.074074 20.333334 25.0 14.888889 0.7777778 14.777778 -15.555555 25.0 0.40403765 -1.5201249 BRICKFACE 
42.0 56.0 9 0.0 0.0 1.0555553 0.95185125 1.333333 1.5999998 22.74074 21.11111 30.222221 16.88889 -4.888889 22.444445 -17.555555 30.222221 0.44070765 -1.759414 BRICKFACE 
69.0 75.0 9 0.11111111 0.0 2.111111 1.4074076 1.5000004 2.21111 22.74074 22.0 29.333334 16.88889 -2.2222223 19.777779 -17.555555 29.333334 0.4235012 -1.6418817 BRICKFACE 
139.0 86.0 9 0.11111111 0.0 1.4444447 1.2740743 1.222222 1.3185184 26.481482 24.222221 35.0 20.222221 -6.7777777 25.555555 -18.777779 35.0 0.4214949 -1.8048292 BRICKFACE 
89.0 89.0 9 0.0 0.0 1.722222 2.9074073 2.9444447 4.862958 21.88889 21.333334 27.777779 16.555555 -1.6666666 17.666666 -16.0 27.777779 0.4004446 -1.6113652 BRICKFACE 
24.0 83.0 9 0.0 0.0 2.7777774 4.918518 3.6111107 2.3740723 18.74074 19.11111 23.222221 13.888889 1.1111112 13.444445 -14.555555 23.333334 0.39992693 -1.4568193 BRICKFACE 
97.0 75.0 9 0.0 0.11111111 2.0000002 1.9111089 3.7777777 8.296293 24.851852 24.0 31.666666 18.88889 -2.5555556 20.444445 -17.88889 31.666666 0.40211964 -1.6527679 BRICKFACE 
24.0 65.0 9 0.0 0.0 1.2222227 1.7629641 2.333334 2.3555567 20.814816 20.11111 26.777779 15.555555 -2.1111112 17.88889 -15.777778 26.777779 0.41941756 -1.6658529 BRICKFACE 
88.0 88.0 9 0.0 0.0 0.833333 0.4777776 2.888889 2.3851826 22.148148 21.333334 28.444445 16.666668 -2.4444444 18.88889 -16.444445 28.444445 0.41330814 -1.6537874 BRICKFACE 
91.0 115.0 9 0.11111111 0.0 1.7222223 1.4407418 3.888889 2.8296306 19.925926 20.555555 24.11111 15.111111 1.8888888 12.555555 -14.444445 24.11111 0.37532148 -1.4409626 BRICKFACE 
29.0 100.0 9 0.0 0.0 2.2222226 1.3629644 2.6666672 3.6444447 20.62963 20.88889 25.555555 15.444445 0.7777778 14.777778 -15.555555 25.555555 0.39433068 -1.519702 BRICKFACE 
40.0 85.0 9 0.11111111 0.0 1.111111 0.5185188 2.5000007 0.6555552 21.11111 20.777779 27.11111 15.444445 -1.0 18.0 -17.0 27.11111 0.42873532 -1.6039575 BRICKFACE 
77.0 78.0 9 0.0 0.0 2.222223 2.3407404 2.0 5.8666697 24.592592 24.0 31.222221 18.555555 -1.7777778 19.88889 -18.11111 31.222221 0.40196496 -1.610448 BRICKFACE 
147.0 92.0 9 0.0 0.0 1.111111 0.42963067 1.388889 2.240742 23.444445 22.777779 30.0 17.555555 -2.0 19.666666 -17.666666 30.0 0.4143562 -1.6539259 BRICKFACE 
31.0 106.0 9 0.0 0.0 1.6111107 0.7296303 0.7222223 1.1740737 19.11111 19.555555 23.666666 14.111111 1.3333334 13.666667 -15.0 23.666666 0.40322387 -1.4845796 BRICKFACE 
81.0 98.0 9 0.11111111 0.0 1.2222227 0.42963 1.888889 3.2296317 20.88889 21.0 25.88889 15.777778 0.33333334 15.0 -15.333333 25.88889 0.38914663 -1.5288948 BRICKFACE 
7.0 90.0 9 0.0 0.0 1.2777777 0.8541836 2.4444444 2.0184336 4.6666665 2.5555556 5.7777777 5.6666665 -6.3333335 3.3333333 3.0 6.2222223 0.66534394 -3.0441751 FOLIAGE 
37.0 104.0 9 0.0 0.0 7.8333325 9.713106 22.111109 21.61858 18.62963 14.888889 23.444445 17.555555 -11.222222 14.444445 -3.2222223 23.444445 0.6076133 -2.4250698 FOLIAGE 
104.0 139.0 9 0.0 0.0 0.33333334 0.5163977 0.33333334 0.5163977 0.6666667 0.0 1.7777778 0.22222222 -2.0 3.3333333 -1.3333334 1.7777778 1.0 -2.1507304 FOLIAGE 
108.0 146.0 9 0.0 0.0 0.0 0.0 0.0 0.0 0.0 0.0 0.0 0.0 0.0 0.0 0.0 0.0 0.0 0.0 FOLIAGE 
33.0 94.0 9 0.0 0.0 1.3333336 0.21081811 2.5555556 1.6420401 5.888889 3.2222223 7.7777777 6.6666665 -8.0 5.6666665 2.3333333 7.7777777 0.60978836 -2.869948 FOLIAGE 
71.0 125.0 9 0.0 0.0 0.6666667 0.47140455 0.7222223 0.49065357 16.407408 12.444445 23.666666 13.111111 -11.888889 21.777779 -9.888889 25.333334 0.56104016 -1.7934027 FOLIAGE 
96.0 130.0 9 0.0 0.0 0.5555555 0.45542008 1.2222222 0.65546143 2.4074075 0.44444445 5.0 1.7777778 -5.888889 7.7777777 -1.8888888 5.0 0.93121696 -2.3662155 FOLIAGE 
33.0 132.0 9 0.11111111 0.0 1.0555555 0.99814653 1.7222222 0.99814636 1.962963 0.6666667 4.2222223 1.0 -3.8888888 6.7777777 -2.8888888 4.2222223 0.6768879 -2.1524317 FOLIAGE 
14.0 136.0 9 0.0 0.0 0.0 0.0 0.0 0.0 0.0 0.0 0.0 0.0 0.0 0.0 0.0 0.0 0.0 0.0 FOLIAGE 
118.0 125.0 9 0.0 0.0 0.33333334 0.29814234 0.88888884 0.34426528 1.1481482 0.0 3.1111112 0.33333334 -3.4444444 5.888889 -2.4444444 3.1111112 1.0 -2.1756468 FOLIAGE 
117.0 110.0 9 0.0 0.0 2.3333333 2.9059324 2.277777 1.9022408 17.222221 9.222222 29.0 13.444445 -24.0 35.333332 -11.333333 29.0 0.6807869 -2.321226 FOLIAGE 
91.0 120.0 9 0.0 0.0 1.3888893 0.9289578 0.61111146 0.77220225 16.851852 11.222222 25.777779 13.555555 -16.88889 26.777779 -9.888889 25.777779 0.5621582 -2.2308207 FOLIAGE 
98.0 133.0 9 0.0 0.0 0.5555555 0.17213255 0.38888887 0.3277307 0.962963 0.0 2.7777777 0.11111111 -2.8888888 5.4444447 -2.5555556 2.7777777 1.0 -2.123254 FOLIAGE 
121.0 120.0 9 0.0 0.0 0.9444445 0.250924 0.72222215 0.8798147 3.5185184 1.1111112 6.5555553 2.8888888 -7.2222223 9.111111 -1.8888888 6.5555553 0.8399471 -2.4337952 FOLIAGE 
90.0 116.0 9 0.0 0.0 1.277778 0.85418403 1.3333336 1.1352925 18.74074 11.777778 29.555555 14.888889 -20.88889 32.444443 -11.555555 29.555555 0.5961039 -2.2599666 FOLIAGE 
20.0 70.0 9 0.0 0.0 11.499999 8.767999 7.944445 6.9166985 18.592592 13.666667 23.88889 18.222221 -14.777778 15.888889 -1.1111112 23.88889 0.47688422 -2.5891109 FOLIAGE 
10.0 112.0 9 0.0 0.0 0.33333334 0.42163706 0.50000006 0.1825741 0.44444445 0.0 1.2222222 0.11111111 -1.3333334 2.3333333 -1.0 1.2222222 0.6666667 -2.1519136 FOLIAGE 
33.0 131.0 9 0.0 0.0 0.44444445 0.80737346 1.0 1.0954453 0.7407407 0.22222222 1.7777778 0.22222222 -1.5555556 3.1111112 -1.5555556 1.7777778 0.4074074 -2.0943952 FOLIAGE 
85.0 121.0 9 0.0 0.0 1.611111 1.0628405 0.94444495 0.71232516 17.222221 8.888889 29.222221 13.555555 -25.0 36.0 -11.0 29.222221 0.696178 -2.3358712 FOLIAGE 
75.0 113.0 9 0.0 0.11111111 2.944445 4.1226563 6.1666665 6.2245026 27.88889 17.11111 44.22222 22.333334 -32.333332 49.0 -16.666666 44.22222 0.62207055 -2.2966495 FOLIAGE 
113.0 130.0 9 0.0 0.0 0.27777776 0.25092423 0.33333328 0.3651483 0.8888889 0.0 2.5555556 0.11111111 -2.6666667 5.0 -2.3333333 2.5555556 1.0 -2.123254 FOLIAGE 
33.0 100.0 9 0.0 0.0 0.72222227 0.53402746 0.66666675 0.3651482 1.2222222 0.11111111 2.7777777 0.7777778 -3.3333333 4.6666665 -1.3333334 2.7777777 0.9777778 -2.3370957 FOLIAGE 
18.0 70.0 9 0.0 0.11111111 9.444444 5.897896 9.944444 6.9487534 21.037037 16.222223 26.666666 20.222221 -14.444445 16.88889 -2.4444444 26.666666 0.4158355 -2.5142038 FOLIAGE 
39.0 124.0 9 0.0 0.11111111 5.3333335 4.774935 6.5000005 4.544838 7.5925927 4.111111 12.888889 5.7777777 -10.444445 15.888889 -5.4444447 12.888889 0.7721516 -2.2657473 FOLIAGE 
45.0 108.0 9 0.0 0.11111111 25.5 12.795401 27.277779 15.930981 49.814816 41.77778 61.11111 46.555557 -24.11111 33.88889 -9.777778 61.11111 0.35897508 -2.3604913 FOLIAGE 
123.0 143.0 9 0.0 0.0 0.2777778 0.3896817 0.2777778 0.13608274 0.4074074 0.0 1.2222222 0.0 -1.2222222 2.4444444 -1.2222222 1.2222222 0.7777778 -2.0943952 FOLIAGE 
9.0 76.0 9 0.0 0.0 1.2777778 1.4207457 1.6666666 1.8618987 2.4444444 0.8888889 4.666667 1.7777778 -4.6666665 6.6666665 -2.0 4.666667 0.87222224 -2.3408008 FOLIAGE 
25.0 138.0 9 0.11111111 0.0 1.2777777 1.1434193 0.72222215 0.49065349 5.185185 2.0 9.333334 4.2222223 -9.555555 12.444445 -2.8888888 9.333334 0.7900112 -2.4068089 FOLIAGE 
54.0 140.0 9 0.11111111 0.0 0.72222215 0.4430532 1.7777777 1.0470418 8.333333 3.7777777 14.0 7.2222223 -13.666667 17.0 -3.3333333 14.0 0.73447025 -2.4423232 FOLIAGE 
83.0 126.0 9 0.0 0.0 0.72222203 0.5340271 0.94444436 0.5741338 11.185185 5.2222223 20.0 8.333334 -17.88889 26.444445 -8.555555 20.0 0.73926485 -2.313534 FOLIAGE 
86.0 140.0 9 0.0 0.0 5.444444 4.7687263 3.0555556 2.6784468 9.925926 6.0 15.111111 8.666667 -11.777778 15.555555 -3.7777777 15.111111 0.627944 -2.417818 FOLIAGE 
101.0 121.0 9 0.11111111 0.0 0.6666667 0.843274 1.5 0.88819396 3.4074075 1.1111112 6.0 3.1111112 -6.888889 7.7777777 -0.8888889 6.0 0.8435185 -2.5191648 FOLIAGE 
22.0 133.0 9 0.0 0.0 0.0 0.0 0.0 0.0 0.0 0.0 0.0 0.0 0.0 0.0 0.0 0.0 0.0 0.0 FOLIAGE 
104.0 134.0 9 0.0 0.0 0.5 0.18257418 0.8333333 0.27888662 1.7777778 0.11111111 3.8888888 1.3333334 -5.0 6.3333335 -1.3333334 3.8888888 0.9777778 -2.4225056 FOLIAGE 
96.0 138.0 9 0.0 0.0 0.72222227 0.6469301 0.94444436 0.7123256 1.1481482 0.11111111 2.7777777 0.5555556 -3.1111112 4.888889 -1.7777778 2.7777777 0.9777778 -2.219242 FOLIAGE 
33.0 142.0 9 0.0 0.0 1.888889 1.3770607 0.88888884 1.4089661 3.851852 1.6666666 7.2222223 2.6666667 -6.5555553 10.111111 -3.5555556 7.2222223 0.8135803 -2.2806025 FOLIAGE 
96.0 115.0 9 0.0 0.0 1.9999999 0.9660915 3.3333333 1.4142128 14.777778 8.444445 22.88889 13.0 -19.0 24.333334 -5.3333335 22.88889 0.6183277 -2.4590404 FOLIAGE 
94.0 127.0 9 0.0 0.0 0.77777785 0.5018486 0.77777773 0.6885305 2.7407408 0.5555556 5.5555553 2.1111112 -6.5555553 8.444445 -1.8888888 5.5555553 0.91534394 -2.4089394 FOLIAGE 
117.0 137.0 9 0.0 0.0 0.27777776 0.3896817 0.38888887 0.25092417 0.7777778 0.0 2.2222223 0.11111111 -2.3333333 4.3333335 -2.0 2.2222223 1.0 -2.123254 FOLIAGE 
103.0 125.0 9 0.0 0.0 0.9444445 0.82775915 0.83333343 0.6912146 1.7777778 0.44444445 3.8888888 1.0 -4.0 6.3333335 -2.3333333 3.8888888 0.9238095 -2.2375617 FOLIAGE 
68.0 115.0 9 0.0 0.0 3.3333333 3.1055503 2.722222 2.7921848 26.037037 18.444445 39.0 20.666668 -22.777779 38.88889 -16.11111 39.0 0.5235376 -2.0906491 FOLIAGE 
59.0 141.0 9 0.11111111 0.0 2.3888888 1.540803 2.1666667 1.278019 12.666667 7.888889 18.555555 11.555555 -14.333333 17.666666 -3.3333333 18.555555 0.58577543 -2.4515712 FOLIAGE 
85.0 124.0 9 0.0 0.0 1.2222227 0.93491936 2.3888893 1.6788442 14.666667 7.5555553 24.11111 12.333333 -21.333334 28.333334 -7.0 24.11111 0.6911226 -2.3966818 FOLIAGE 
14.0 95.0 9 0.0 0.0 1.3333334 0.699206 1.1111112 0.62063295 2.2592592 0.6666667 3.8888888 2.2222223 -4.7777777 4.888889 -0.11111111 3.8888888 0.8740741 -2.5527236 FOLIAGE 
3.0 106.0 9 0.0 0.0 0.22222222 0.17213261 0.11111111 0.17213261 0.5555556 0.0 1.6666666 0.0 -1.6666666 3.3333333 -1.6666666 1.6666666 1.0 -2.0943952 FOLIAGE 
92.0 121.0 9 0.0 0.0 1.4444445 1.8216802 2.0555556 2.0593057 14.962963 9.555555 23.444445 11.888889 -16.222221 25.444445 -9.222222 23.444445 0.5964221 -2.2353554 FOLIAGE 
41.0 75.0 9 0.0 0.11111111 15.388889 19.136257 26.611113 31.71359 55.0 47.444443 65.44444 52.11111 -22.666666 31.333334 -8.666667 65.44444 0.29780185 -2.3567543 FOLIAGE 
232.0 126.0 9 0.0 0.11111111 2.3888888 11.885187 1.2222223 6.2962966 1.5185186 0.44444445 3.5555556 0.5555556 -3.2222223 6.111111 -2.8888888 3.5555556 0.96581197 -2.1073034 FOLIAGE 
220.0 120.0 9 0.0 0.0 0.38888893 0.062962964 0.38888887 0.062962994 1.0 0.0 3.0 0.0 -3.0 6.0 -3.0 3.0 1.0 -2.0943952 FOLIAGE 
231.0 124.0 9 0.0 0.0 3.4444447 14.962965 1.8333334 6.4333353 3.0 1.4444444 5.888889 1.6666666 -4.6666665 8.666667 -4.0 5.888889 0.895369 -2.118937 FOLIAGE 
240.0 75.0 9 0.0 0.0 29.222221 749.76294 10.222221 99.0963 38.037037 29.777779 50.666668 33.666668 -24.777779 37.88889 -13.111111 50.666668 0.46491185 -2.2841873 FOLIAGE 
233.0 97.0 9 0.0 0.0 0.38888887 0.19629626 0.5555555 0.20740739 2.1111112 0.11111111 5.5555553 0.6666667 -6.0 10.333333 -4.3333335 5.5555553 0.984127 -2.1913822 FOLIAGE 
226.0 84.0 9 0.0 0.0 3.055556 3.9740732 1.7777778 2.6962967 4.5555553 1.5555556 9.0 3.1111112 -9.0 13.333333 -4.3333335 9.0 0.84772927 -2.3057292 FOLIAGE 
226.0 110.0 9 0.0 0.0 0.33333334 0.08888887 0.49999997 0.2111111 1.6666666 0.11111111 4.4444447 0.44444445 -4.6666665 8.333333 -3.6666667 4.4444447 0.9777778 -2.1559837 FOLIAGE 
187.0 36.0 9 0.0 0.0 0.38888884 0.2509243 0.4999999 0.2788868 7.5185184 4.7777777 13.0 4.7777777 -8.222222 16.444445 -8.222222 13.0 0.6486569 -2.0972927 WINDOW 
222.0 145.0 9 0.0 0.0 0.0 0.0 0.0 0.0 0.0 0.0 0.0 0.0 0.0 0.0 0.0 0.0 0.0 0.0 WINDOW 
125.0 149.0 9 0.0 0.0 0.0 0.0 0.0 0.0 0.0 0.0 0.0 0.0 0.0 0.0 0.0 0.0 0.0 0.0 WINDOW 
240.0 63.0 9 0.0 0.0 0.55555564 0.5443313 0.38888916 0.38968176 8.962963 6.3333335 14.0 6.5555553 -7.888889 15.111111 -7.2222223 14.0 0.54770046 -2.1218371 WINDOW 
222.0 62.0 9 0.0 0.0 0.27777782 0.2509242 0.6666667 0.55777335 6.4074073 4.111111 11.444445 3.6666667 -6.888889 15.111111 -8.222222 11.444445 0.68080807 -2.0341523 WINDOW 
186.0 90.0 9 0.0 0.0 4.444444 1.455513 0.6666667 0.4714045 10.037037 7.5555553 15.0 7.5555553 -7.4444447 14.888889 -7.4444447 15.0 0.5339284 -2.067026 WINDOW 
206.0 12.0 9 0.0 0.0 2.6111112 1.4819909 4.5 3.3582406 11.444445 8.444445 17.666668 8.222222 -9.0 18.666666 -9.666667 17.666668 0.5437747 -2.0644825 WINDOW 
196.0 95.0 9 0.0 0.0 1.722222 1.1238165 1.3333335 1.264911 7.6296296 6.7777777 10.777778 5.3333335 -2.5555556 9.444445 -6.888889 10.777778 0.51256585 -1.7492584 WINDOW 
201.0 34.0 9 0.0 0.0 4.277778 3.05808 0.44444466 0.4036869 13.740741 9.777778 20.88889 10.555555 -11.888889 21.444445 -9.555555 20.88889 0.5448579 -2.1628716 WINDOW 
200.0 147.0 9 0.0 0.0 0.22222222 0.5443311 0.4444445 0.68853045 0.2962963 0.22222222 0.44444445 0.22222222 -0.22222222 0.44444445 -0.22222222 0.44444445 0.11111111 -2.0943952 WINDOW 
208.0 34.0 9 0.0 0.0 1.7222224 1.7309811 0.4444445 0.50184834 14.444445 10.777778 21.0 11.555555 -11.0 19.666666 -8.666667 21.0 0.479958 -2.1623826 WINDOW 
187.0 86.0 9 0.0 0.0 1.0555556 1.0628402 3.0555553 2.5422366 6.703704 4.666667 10.888889 4.5555553 -6.111111 12.555555 -6.4444447 10.888889 0.5942257 -2.0544748 WINDOW 
170.0 143.0 9 0.0 0.0 0.0 0.0 0.0 0.0 0.0 0.0 0.0 0.0 0.0 0.0 0.0 0.0 0.0 0.0 WINDOW 
177.0 33.0 9 0.0 0.0 1.6666666 1.577621 4.3333335 2.9739609 8.740741 6.4444447 13.111111 6.6666665 -6.888889 13.111111 -6.2222223 13.111111 0.547103 -2.0561194 WINDOW 
155.0 40.0 9 0.0 0.0 1.888889 2.072751 0.05555554 0.13608274 1.2592592 1.2222222 1.5555556 1.0 -0.11111111 0.8888889 -0.7777778 1.5555556 0.11666667 -1.5707964 WINDOW 
206.0 64.0 9 0.0 0.0 0.055555504 0.13608263 0.27777776 0.13608277 5.703704 3.6666667 10.333334 3.1111112 -6.111111 13.888889 -7.7777777 10.333334 0.6979798 -2.015428 WINDOW 
206.0 61.0 9 0.0 0.0 0.5555555 0.40368673 0.4999999 0.45946813 7.0740743 4.666667 12.222222 4.3333335 -7.2222223 15.444445 -8.222222 12.222222 0.64589113 -2.0487173 WINDOW 
158.0 154.0 9 0.0 0.0 0.9444444 1.0835471 0.2222222 0.40368667 0.6296296 0.44444445 1.2222222 0.22222222 -0.5555556 1.7777778 -1.2222222 1.2222222 0.2777778 -1.8611541 WINDOW 
242.0 65.0 9 0.0 0.0 0.5555553 0.27216578 1.0 0.42163682 8.925926 6.111111 14.333333 6.3333335 -8.444445 16.222221 -7.7777777 14.333333 0.5834605 -2.1218784 WINDOW 
242.0 148.0 9 0.0 0.0 0.0 0.0 0.0 0.0 0.0 0.0 0.0 0.0 0.0 0.0 0.0 0.0 0.0 0.0 WINDOW 
226.0 90.0 9 0.0 0.0 0.77777773 0.62063277 0.38888884 0.2509243 7.185185 5.111111 12.111111 4.3333335 -6.2222223 14.777778 -8.555555 12.111111 0.6410182 -1.9895461 WINDOW 
197.0 144.0 9 0.0 0.0 0.9444444 0.7123252 0.38888887 0.49065337 0.7037037 0.33333334 1.6666666 0.11111111 -1.1111112 2.8888888 -1.7777778 1.6666666 0.8611111 -1.9869384 WINDOW 
187.0 89.0 9 0.0 0.0 3.0 1.6055458 1.111111 1.0680547 8.444445 6.3333335 13.0 6.0 -6.3333335 13.666667 -7.3333335 13.0 0.548545 -2.0438845 WINDOW 
173.0 93.0 9 0.0 0.0 0.0 0.0 0.0 0.0 0.0 0.0 0.0 0.0 0.0 0.0 0.0 0.0 0.0 0.0 WINDOW 
168.0 40.0 9 0.0 0.0 0.0 0.0 0.0 0.0 0.0 0.0 0.0 0.0 0.0 0.0 0.0 0.0 0.0 0.0 WINDOW 
225.0 90.0 9 0.0 0.0 0.38888893 0.2509241 0.55555564 0.45542005 6.5925927 4.666667 11.222222 3.8888888 -5.7777777 13.888889 -8.111111 11.222222 0.65115255 -1.987466 WINDOW 
134.0 148.0 9 0.0 0.0 0.11111113 0.17213261 0.055555556 0.13608277 0.037037037 0.0 0.11111111 0.0 -0.11111111 0.22222222 -0.11111111 0.11111111 0.11111111 -2.0943952 WINDOW 
203.0 61.0 9 0.0 0.0 0.16666675 0.2788868 0.7222221 0.44305354 7.0 4.4444447 12.333333 4.2222223 -7.6666665 16.0 -8.333333 12.333333 0.66625965 -2.0682037 WINDOW 
182.0 152.0 9 0.0 0.0 0.77777785 0.98130673 0.8333333 1.0903618 0.7777778 0.33333334 1.6666666 0.33333334 -1.3333334 2.6666667 -1.3333334 1.6666666 0.70555556 -2.0943952 WINDOW 
220.0 149.0 9 0.0 0.0 0.11111113 0.17213261 0.11111113 0.17213261 0.037037037 0.0 0.11111111 0.0 -0.11111111 0.22222222 -0.11111111 0.11111111 0.11111111 -2.0943952 WINDOW 
131.0 144.0 9 0.0 0.0 0.0 0.0 0.0 0.0 0.0 0.0 0.0 0.0 0.0 0.0 0.0 0.0 0.0 0.0 WINDOW 
225.0 58.0 9 0.0 0.0 0.3333335 0.42163706 0.4444445 0.34426522 8.333333 5.5555553 14.111111 5.3333335 -8.333333 17.333334 -9.0 14.111111 0.62222224 -2.0685637 WINDOW 
238.0 61.0 9 0.0 0.0 0.66666657 0.4714045 0.7222221 0.49065334 8.777778 5.888889 14.333333 6.111111 -8.666667 16.666666 -8.0 14.333333 0.5888227 -2.1218371 WINDOW 
242.0 57.0 9 0.0 0.11111111 2.444444 2.3538773 9.277778 2.7601657 15.37037 11.333333 20.88889 13.888889 -12.111111 16.555555 -4.4444447 20.88889 0.46630767 -2.3706133 WINDOW 
199.0 144.0 9 0.0 0.0 0.33333334 0.5163977 0.33333334 0.36514834 0.44444445 0.11111111 1.1111112 0.11111111 -1.0 2.0 -1.0 1.1111112 0.7407407 -2.0943952 WINDOW 
123.0 152.0 9 0.0 0.0 0.0 0.0 0.0 0.0 0.0 0.0 0.0 0.0 0.0 0.0 0.0 0.0 0.0 0.0 WINDOW 
161.0 147.0 9 0.0 0.0 0.0 0.0 0.0 0.0 0.0 0.0 0.0 0.0 0.0 0.0 0.0 0.0 0.0 0.0 WINDOW 
218.0 64.0 9 0.0 0.0 1.5000004 1.1303884 1.8333334 1.9635572 8.0 6.111111 12.555555 5.3333335 -5.6666665 13.666667 -8.0 12.555555 0.5791423 -1.9652462 WINDOW 
188.0 88.0 9 0.0 0.0 0.6666667 0.4714045 0.33333325 0.29814243 7.3333335 5.111111 12.222222 4.666667 -6.6666665 14.666667 -8.0 12.222222 0.61790985 -2.0357685 WINDOW 
155.0 68.0 9 0.0 0.0 3.4444447 3.786917 0.16666667 0.27888665 2.2962964 2.1111112 2.8888888 1.8888888 -0.5555556 1.7777778 -1.2222222 2.8888888 0.11574074 -1.8611541 WINDOW 
133.0 141.0 9 0.0 0.0 0.11111111 0.17213261 0.11111113 0.1721326 0.074074075 0.0 0.22222222 0.0 -0.22222222 0.44444445 -0.22222222 0.22222222 0.22222222 -2.0943952 WINDOW 
189.0 144.0 9 0.0 0.0 0.0 0.0 0.0 0.0 0.0 0.0 0.0 0.0 0.0 0.0 0.0 0.0 0.0 0.0 WINDOW 
236.0 38.0 9 0.11111111 0.0 1.3333334 1.4907119 2.9444447 2.2941144 14.444445 10.111111 22.0 11.222222 -13.0 22.666666 -9.666667 22.0 0.54723245 -2.1930976 WINDOW 
210.0 153.0 9 0.0 0.0 0.0 0.0 0.0 0.0 0.0 0.0 0.0 0.0 0.0 0.0 0.0 0.0 0.0 0.0 WINDOW 
185.0 84.0 9 0.0 0.0 0.61111134 0.49065334 0.49999937 0.4594679 23.25926 18.666668 31.333334 19.777779 -13.777778 24.222221 -10.444445 31.333334 0.40409946 -2.1848617 WINDOW 
159.0 105.0 9 0.0 0.0 0.55555564 0.5018486 4.0 1.8257413 26.74074 22.555555 34.0 23.666666 -12.555555 21.777779 -9.222222 34.0 0.3374935 -2.192406 WINDOW 
202.0 129.0 9 0.0 0.0 0.22222225 0.54433113 3.4444447 3.804481 2.2962964 2.4444444 2.5555556 1.8888888 0.44444445 0.7777778 -1.2222222 2.6666667 0.09656084 -1.1013936 WINDOW 
227.0 109.0 9 0.0 0.0 1.1666666 0.98319155 0.3888893 0.38968188 21.851852 18.444445 28.777779 18.333334 -10.222222 20.777779 -10.555555 28.777779 0.36714104 -2.0827625 WINDOW 
170.0 113.0 9 0.0 0.0 2.833333 0.62360847 1.222222 0.68853045 28.333334 24.333334 34.88889 25.777779 -12.0 19.666666 -7.6666665 34.88889 0.30207062 -2.2362506 WINDOW 
142.0 112.0 9 0.0 0.0 1.0555557 0.49065286 0.55555534 0.34426492 28.851852 24.555555 36.22222 25.777779 -12.888889 22.11111 -9.222222 36.22222 0.32174963 -2.2001557 WINDOW 
159.0 116.0 9 0.11111111 0.0 0.4444437 0.34426528 2.0555553 1.1038655 29.814816 25.666666 37.11111 26.666666 -12.444445 21.88889 -9.444445 37.11111 0.31028613 -2.1775072 WINDOW 
163.0 133.0 9 0.0 0.0 0.111111104 0.17213258 0.2222222 0.2721655 1.5555556 1.0 3.5555556 0.11111111 -1.6666666 6.0 -4.3333335 3.5555556 0.9722222 -1.8225629 WINDOW 
205.0 106.0 9 0.0 0.0 0.7777777 0.4554203 0.3888893 0.1360822 17.481482 14.111111 24.0 14.333333 -10.111111 19.555555 -9.444445 24.0 0.41640097 -2.1176713 WINDOW 
189.0 107.0 9 0.0 0.0 2.6666667 0.69920635 0.8333333 0.7226496 27.777779 23.444445 35.11111 24.777779 -13.0 22.0 -9.0 35.11111 0.3324073 -2.2014954 WINDOW 
