64.0 176.0 9 0.0 0.0 2.3333328 0.91893756 1.0000006 0.91893756 50.77778 46.0 62.333332 44.0 -14.333333 34.666668 -20.333334 62.333332 0.29405567 -1.9808797 PATH 
253.0 192.0 9 0.0 0.0 2.1666667 2.0083156 2.5555553 1.5444032 47.51852 42.333336 59.22222 41.0 -15.555555 35.11111 -19.555555 59.22222 0.3074729 -2.020234 PATH 
237.0 192.0 9 0.11111111 0.0 0.8333333 0.54772305 4.3888893 3.5239923 46.37037 41.11111 57.666668 40.333336 -15.777778 33.88889 -18.11111 57.666668 0.3026748 -2.047243 PATH 
217.0 195.0 9 0.0 0.0 4.2222233 3.284081 2.3888893 2.102027 45.074074 39.666668 55.555557 40.0 -16.222221 31.444445 -15.222222 55.555557 0.2929567 -2.1185718 PATH 
149.0 182.0 9 0.11111111 0.0 3.1111126 3.2087827 7.0 5.6489916 39.851852 37.22222 47.333332 35.0 -7.888889 22.444445 -14.555555 47.333332 0.24779001 -1.8682772 PATH 
77.0 177.0 9 0.0 0.0 1.3333327 1.3333344 2.1666672 1.9748423 48.407406 44.22222 59.333332 41.666668 -12.555555 32.77778 -20.222221 59.333332 0.29743084 -1.9404231 PATH 
205.0 190.0 9 0.0 0.0 1.2777773 0.9981452 1.6111107 1.1238158 49.48148 44.77778 60.666668 43.0 -14.111111 33.555557 -19.444445 60.666668 0.29078844 -1.9875989 PATH 
168.0 184.0 9 0.0 0.0 4.6666665 1.5202329 5.8333325 1.8104627 48.25926 43.88889 58.666668 42.22222 -13.111111 31.222221 -18.11111 58.666668 0.2781955 -1.9867758 PATH 
248.0 200.0 9 0.0 0.0 1.388888 0.9525792 1.777778 1.1674607 46.11111 41.333336 56.555557 40.444443 -14.333333 31.333334 -17.0 56.555557 0.28666258 -2.0380163 PATH 
102.0 179.0 9 0.11111111 0.0 1.8333334 1.5311582 2.4444447 1.8816848 49.185184 44.88889 59.77778 42.88889 -12.888889 31.777779 -18.88889 59.77778 0.28268683 -1.970398 PATH 
235.0 195.0 9 0.0 0.0 1.8888887 2.0940824 2.9999988 1.7384534 48.333332 42.77778 59.666668 42.555557 -16.666666 34.0 -17.333334 59.666668 0.29058507 -2.0810955 PATH 
132.0 182.0 9 0.0 0.0 0.8888893 0.655462 2.1111114 1.7722135 43.51852 40.22222 52.555557 37.77778 -9.888889 27.11111 -17.222221 52.555557 0.2807636 -1.917349 PATH 
167.0 190.0 9 0.0 0.0 3.055556 0.85418355 5.055556 2.784215 51.074074 44.88889 63.22222 45.11111 -18.555555 36.444443 -17.88889 63.22222 0.29895782 -2.1126902 PATH 
233.0 197.0 9 0.0 0.11111111 3.8888874 2.78621 2.0 1.2649122 49.74074 44.333332 61.444443 43.444443 -16.222221 35.11111 -18.88889 61.444443 0.29465598 -2.0433986 PATH 
142.0 182.0 9 0.11111111 0.0 1.1111113 0.8344437 2.7777774 2.051197 43.62963 40.333336 52.88889 37.666668 -9.888889 27.777779 -17.88889 52.88889 0.28686288 -1.9049777 PATH 
149.0 185.0 9 0.0 0.0 1.5555553 1.0680546 3.0555553 1.9254627 49.333332 45.333332 59.555557 43.11111 -12.0 30.666666 -18.666666 59.555557 0.2758892 -1.9527698 PATH 
10.0 172.0 9 0.0 0.0 4.277777 4.38896 6.6666656 7.360555 44.77778 40.333336 54.666668 39.333336 -13.333333 29.666666 -16.333334 54.666668 0.27804413 -2.0524528 PATH 
236.0 194.0 9 0.0 0.0 2.666666 1.9321826 2.4444435 1.7971164 50.11111 44.22222 62.444443 43.666668 -17.666666 37.0 -19.333334 62.444443 0.30066735 -2.0642767 PATH 
190.0 188.0 9 0.0 0.0 2.0000007 1.5634717 2.2777774 1.7815938 49.703705 44.666668 61.77778 42.666668 -15.111111 36.22222 -21.11111 61.77778 0.30923617 -1.9845647 PATH 
2.0 171.0 9 0.0 0.0 1.9444447 1.2186809 3.6666667 3.1269426 45.77778 41.0 56.333332 40.0 -14.333333 31.666666 -17.333334 56.333332 0.28798285 -2.0329285 PATH 
154.0 189.0 9 0.0 0.0 1.5555553 1.0470409 1.4444441 0.8606628 59.925926 53.444443 74.888885 51.444443 -19.444445 44.88889 -25.444445 74.888885 0.3128917 -2.0059564 PATH 
38.0 202.0 9 0.0 0.0 2.166666 1.0697863 8.333334 2.5121903 57.333332 50.22222 71.55556 50.22222 -21.333334 42.666668 -21.333334 71.55556 0.30251354 -2.0937457 PATH 
105.0 189.0 9 0.0 0.0 2.0555553 1.5116827 4.4444447 3.4555368 61.407406 55.0 75.44444 53.77778 -19.222221 42.11111 -22.88889 75.44444 0.28551513 -2.0358937 PATH 
136.0 193.0 9 0.0 0.0 2.3888886 1.4516919 2.555556 1.408967 60.703705 54.444443 74.888885 52.77778 -18.777779 42.555557 -23.777779 74.888885 0.29530448 -2.0182114 PATH 
57.0 199.0 9 0.0 0.0 3.833334 2.647851 6.3888893 3.4667745 54.962963 47.88889 69.22222 47.77778 -21.222221 42.77778 -21.555555 69.22222 0.31700587 -2.0847538 PATH 
169.0 184.0 9 0.11111111 0.0 1.2222227 0.54433143 2.4999993 1.9293057 56.25926 51.22222 69.0 48.555557 -15.111111 38.22222 -23.11111 69.0 0.2956001 -1.958014 PATH 
25.0 198.0 9 0.0 0.0 2.8333328 1.3457742 4.1111107 3.3444247 48.703705 42.77778 61.0 42.333336 -17.777779 36.88889 -19.11111 61.0 0.30964476 -2.070717 PATH 
134.0 191.0 9 0.0 0.0 1.3888893 1.3066788 1.4444447 1.0886624 61.666668 54.77778 76.66667 53.555557 -20.666666 45.0 -24.333334 76.66667 0.30299366 -2.0412767 PATH 
73.0 194.0 9 0.0 0.0 3.222222 2.3349202 4.611112 3.3560352 60.77778 53.444443 76.111115 52.77778 -22.0 46.0 -24.0 76.111115 0.30925295 -2.0605488 PATH 
188.0 182.0 9 0.0 0.0 1.611112 0.7428682 4.166666 2.1265519 58.0 51.88889 72.44444 49.666668 -18.333334 43.333332 -25.0 72.44444 0.31428084 -1.99159 PATH 
174.0 181.0 9 0.0 0.0 3.2777786 3.1511326 4.1666675 2.786875 59.074074 52.333332 74.22222 50.666668 -20.222221 45.444443 -25.222221 74.22222 0.31734532 -2.0208647 PATH 
166.0 182.0 9 0.0 0.0 3.0555553 4.213295 3.9999993 2.3664315 58.407406 52.555557 72.55556 50.11111 -17.555555 42.444443 -24.88889 72.55556 0.3112005 -1.9784946 PATH 
177.0 181.0 9 0.0 0.0 4.277778 1.7309828 2.555556 1.4857335 60.62963 53.666668 75.66667 52.555557 -20.88889 45.11111 -24.222221 75.66667 0.3069927 -2.0445633 PATH 
234.0 175.0 9 0.0 0.0 1.9444441 1.323576 3.4444454 2.2574966 57.77778 50.666668 72.66667 50.0 -21.333334 44.666668 -23.333334 72.66667 0.31203708 -2.0637763 PATH 
119.0 191.0 9 0.0 0.0 3.11111 2.9489486 5.2222233 3.4297178 59.592594 52.333332 75.22222 51.22222 -21.777779 46.88889 -25.11111 75.22222 0.31901047 -2.047053 PATH 
123.0 194.0 9 0.0 0.0 2.555556 1.7847078 9.111109 7.7133846 60.814816 54.333332 74.888885 53.22222 -19.444445 42.22222 -22.777779 74.888885 0.29238248 -2.033605 PATH 
64.0 196.0 9 0.0 0.0 2.6666667 2.3758044 3.4444447 2.2770991 49.88889 44.333332 61.444443 43.88889 -16.666666 34.666668 -18.0 61.444443 0.2899971 -2.0638638 PATH 
176.0 187.0 9 0.0 0.0 1.7777773 1.6009252 2.333334 2.0221 54.77778 49.0 68.0 47.333332 -17.333334 39.666668 -22.333334 68.0 0.30412614 -2.0096147 PATH 
5.0 210.0 9 0.0 0.11111111 2.1666672 1.6699982 4.444444 2.613356 51.296295 45.444443 64.333336 44.11111 -17.555555 39.11111 -21.555555 64.333336 0.3175664 -2.0208955 PATH 
223.0 175.0 9 0.0 0.0 3.7777786 3.1245742 7.166668 4.68923 57.851852 50.77778 72.77778 50.0 -21.222221 44.77778 -23.555555 72.77778 0.31283396 -2.05935 PATH 
249.0 178.0 9 0.0 0.0 2.277778 1.7690756 5.2222214 4.933632 47.962963 42.666668 58.88889 42.333336 -15.888889 32.77778 -16.88889 58.88889 0.2898632 -2.102536 PATH 
134.0 194.0 9 0.0 0.0 2.6111107 1.218682 5.222222 4.435546 58.962963 52.88889 71.55556 52.444443 -18.222221 37.77778 -19.555555 71.55556 0.27344358 -2.0818913 PATH 
93.0 190.0 9 0.0 0.0 5.5000014 1.8226972 2.6111114 3.234651 53.592594 47.333332 66.88889 46.555557 -18.777779 39.88889 -21.11111 66.88889 0.3036015 -2.052546 PATH 
62.0 200.0 9 0.0 0.0 2.2777774 2.1335068 3.7777793 1.7847085 61.037037 54.11111 76.44444 52.555557 -20.777779 46.22222 -25.444445 76.44444 0.31254068 -2.0265863 PATH 
112.0 197.0 9 0.0 0.0 4.2222233 2.9938211 4.9444447 3.1227946 50.333332 44.666668 62.22222 44.11111 -17.0 35.666668 -18.666666 62.22222 0.29632849 -2.0712209 PATH 
194.0 183.0 9 0.0 0.0 0.77777797 0.5837306 2.944444 1.625037 54.74074 49.22222 67.77778 47.22222 -16.555555 39.11111 -22.555555 67.77778 0.30312124 -1.9917008 PATH 
121.0 192.0 9 0.11111111 0.0 3.3888886 2.059307 5.9444447 2.489237 60.814816 53.444443 76.44444 52.555557 -22.11111 46.88889 -24.777779 76.44444 0.3126096 -2.055457 PATH 
62.0 202.0 9 0.0 0.0 2.555556 1.7083669 1.4999994 1.1303879 60.48148 53.666668 74.888885 52.88889 -20.444445 43.22222 -22.777779 74.888885 0.2978795 -2.0606136 PATH 
116.0 192.0 9 0.11111111 0.0 6.055556 2.8238401 4.3333335 3.062316 57.074074 50.333332 72.111115 48.77778 -20.222221 45.11111 -24.88889 72.111115 0.32401717 -2.024748 PATH 
7.0 203.0 9 0.11111111 0.11111111 3.8888881 2.8570898 5.4444447 2.7460413 54.0 47.666668 67.66667 46.666668 -19.0 41.0 -22.0 67.66667 0.31489635 -2.0400128 PATH 
42.0 201.0 9 0.0 0.0 2.1111107 2.0184336 4.333332 4.7234635 59.333332 52.555557 74.0 51.444443 -20.333334 44.0 -23.666666 74.0 0.3066086 -2.042514 PATH 
106.0 191.0 9 0.0 0.0 3.166668 3.0313168 2.8333313 2.896358 63.0 55.11111 79.55556 54.333332 -23.666666 49.666668 -26.0 79.55556 0.31752294 -2.0622857 PATH 
89.0 195.0 9 0.11111111 0.0 2.7222226 1.8668653 3.1666667 1.8226969 61.74074 55.11111 76.55556 53.555557 -19.88889 44.444443 -24.555555 76.55556 0.30023456 -2.020938 PATH 
183.0 182.0 9 0.0 0.0 2.8333328 2.0949671 3.5555553 2.561829 58.962963 52.88889 73.333336 50.666668 -18.222221 43.11111 -24.88889 73.333336 0.30882537 -1.992052 PATH 
188.0 42.0 9 0.0 0.0 0.7777786 0.5443299 1.6666679 1.2649081 108.92593 95.666664 126.22222 104.888885 -39.77778 51.88889 -12.111111 126.22222 0.24193405 -2.4103878 SKY 
142.0 33.0 9 0.0 0.0 0.49999872 0.62360865 0.50000125 0.3496027 110.59259 96.77778 128.66667 106.333336 -41.444443 54.22222 -12.777778 128.66667 0.24777646 -2.4080186 SKY 
77.0 36.0 9 0.0 0.0 0.555556 0.17213687 1.0555559 0.6469302 111.92593 98.22222 130.33334 107.22222 -41.11111 55.22222 -14.111111 130.33334 0.24633974 -2.387384 SKY 
83.0 54.0 9 0.0 0.0 0.77777606 0.72008145 0.6666667 0.55777204 109.96296 97.55556 127.44444 104.888885 -37.22222 52.444443 -15.222222 127.44444 0.23450433 -2.3511817 SKY 
92.0 104.0 9 0.0 0.0 1.7222227 1.4363024 1.8333346 1.3784055 100.51852 87.22222 119.888885 94.44444 -39.88889 58.11111 -18.222221 119.888885 0.27240252 -2.3262012 SKY 
222.0 38.0 9 0.11111111 0.0 0.555556 0.40368736 2.1111107 0.6885298 113.48148 100.44444 131.44444 108.55556 -39.11111 53.88889 -14.777778 131.44444 0.23576024 -2.370002 SKY 
79.0 58.0 9 0.0 0.0 1.0555559 0.5340274 1.0555586 0.68041354 109.07407 96.333336 126.44444 104.44444 -38.22222 52.11111 -13.888889 126.44444 0.23814337 -2.3752072 SKY 
19.0 28.0 9 0.0 0.0 1.1666666 1.2780217 1.111112 1.186343 111.51852 96.111115 131.22223 107.22222 -46.22222 59.11111 -12.888889 131.22223 0.26754448 -2.4259923 SKY 
238.0 55.0 9 0.0 0.0 0.72222394 0.4906515 1.0 0.557774 113.666664 101.0 132.22223 107.77778 -38.0 55.666668 -17.666666 132.22223 0.23589359 -2.3196974 SKY 
220.0 36.0 9 0.0 0.0 0.94444275 0.8004619 1.0555559 0.85418165 114.03704 100.77778 132.44444 108.888885 -39.77778 55.22222 -15.444445 132.44444 0.23908533 -2.3622375 SKY 
103.0 64.0 9 0.0 0.0 0.6666667 0.6992054 1.3333308 0.91893595 108.77778 96.333336 126.22222 103.77778 -37.333332 52.333332 -15.0 126.22222 0.2367968 -2.3554425 SKY 
78.0 30.0 9 0.0 0.0 0.6666667 0.66666555 0.944444 0.7722014 112.96296 99.333336 131.11111 108.44444 -40.88889 54.444443 -13.555555 131.11111 0.24233662 -2.3950639 SKY 
162.0 14.0 9 0.0 0.0 0.9444453 0.5340297 0.61111325 0.7123269 112.74074 99.0 130.66667 108.55556 -41.22222 53.77778 -12.555555 130.66667 0.24229442 -2.4089675 SKY 
207.0 58.0 9 0.0 0.0 0.7777774 0.34426582 0.88888806 0.58372843 110.37037 97.666664 128.11111 105.333336 -38.11111 53.22222 -15.111111 128.11111 0.2375665 -2.3572707 SKY 
234.0 27.0 9 0.11111111 0.0 0.8333346 0.6236087 2.0555573 1.3567389 122.666664 111.55556 138.66667 117.77778 -33.333332 48.0 -14.666667 138.66667 0.19541612 -2.3345118 SKY 
73.0 31.0 9 0.0 0.0 0.555556 0.4554202 0.8888893 0.34426534 126.85185 115.55556 143.11111 121.888885 -33.88889 48.77778 -14.888889 143.11111 0.19245563 -2.3348312 SKY 
49.0 40.0 9 0.0 0.0 0.99999875 0.42163533 0.8333333 0.72265035 125.111115 114.0 141.55556 119.77778 -33.333332 49.333332 -16.0 141.55556 0.19453695 -2.3136847 SKY 
189.0 39.0 9 0.0 0.0 1.0555547 0.57413566 0.77777606 0.58372843 124.18519 113.888885 140.33334 118.333336 -30.88889 48.444443 -17.555555 140.33334 0.18839076 -2.268113 SKY 
70.0 44.0 9 0.0 0.11111111 2.444444 2.0940828 2.3333333 2.139576 122.59259 112.0 136.88889 118.888885 -31.777779 42.88889 -11.111111 136.88889 0.1818206 -2.3846567 SKY 
202.0 41.0 9 0.0 0.0 0.9444478 0.7722018 1.111112 1.0255967 123.03704 111.888885 139.77779 117.44444 -33.444443 50.22222 -16.777779 139.77779 0.19934683 -2.2999177 SKY 
174.0 59.0 9 0.0 0.0 0.8333346 0.34960264 1.3333334 0.8165003 122.03704 110.55556 138.77779 116.77778 -34.444443 50.22222 -15.777778 138.77779 0.20332612 -2.323173 SKY 
40.0 57.0 9 0.0 0.0 1.1666654 0.72265136 1.3888906 0.8004639 123.55556 112.22222 139.0 119.44444 -34.0 46.333332 -12.333333 139.0 0.1924883 -2.376054 SKY 
50.0 50.0 9 0.0 0.0 0.7777774 0.6554623 0.7777799 0.50185025 124.111115 113.111115 140.88889 118.333336 -33.0 50.333332 -17.333334 140.88889 0.19716202 -2.2882798 SKY 
216.0 17.0 9 0.0 0.0 0.6666654 0.51639974 1.2777786 1.0201668 126.14815 115.0 141.88889 121.55556 -33.444443 47.22222 -13.777778 141.88889 0.18946369 -2.3484151 SKY 
82.0 51.0 9 0.0 0.0 0.6111107 0.44305146 0.6111107 0.74286705 123.18519 111.77778 138.88889 118.888885 -34.22222 47.11111 -12.888889 138.88889 0.19520037 -2.368498 SKY 
186.0 28.0 9 0.0 0.0 0.94444275 0.38968328 1.4444414 1.29386 122.51852 111.0 138.66667 117.888885 -34.555557 48.444443 -13.888889 138.66667 0.19951321 -2.35398 SKY 
181.0 27.0 9 0.0 0.0 0.7222214 0.46296388 0.5 0.25555483 138.07408 132.55556 146.55556 135.11111 -16.555555 25.444445 -8.888889 146.55556 0.09626316 -2.2645319 SKY 
189.0 107.0 9 0.0 0.0 1.0 1.2888924 1.0555547 0.418522 133.66667 125.77778 145.22223 130.0 -23.666666 34.666668 -11.0 145.22223 0.13383016 -2.3173838 SKY 
222.0 54.0 9 0.0 0.0 1.1666718 0.16666654 1.0 0.84444314 134.33333 127.55556 145.55556 129.88889 -20.333334 33.666668 -13.333333 145.55556 0.12431249 -2.231555 SKY 
155.0 27.0 9 0.0 0.0 1.0555573 0.24073716 1.4444453 0.25185013 137.51852 132.55556 146.55556 133.44444 -14.888889 27.11111 -12.222222 146.55556 0.09847229 -2.146716 SKY 
139.0 16.0 9 0.0 0.0 0.6666667 0.35555902 0.9444478 0.06296336 140.40741 134.66667 149.88889 136.66667 -17.222221 28.444445 -11.222222 149.88889 0.101526454 -2.2328947 SKY 
243.0 48.0 9 0.0 0.0 1.2222239 0.20740649 1.2777811 1.2629704 134.85185 127.55556 146.11111 130.88889 -21.88889 33.77778 -11.888889 146.11111 0.1269675 -2.2784278 SKY 
184.0 15.0 9 0.0 0.0 0.44444528 0.25185028 0.77777356 0.11851902 140.77777 134.33334 150.11111 137.88889 -19.333334 28.0 -8.666667 150.11111 0.105074264 -2.3284721 SKY 
191.0 47.0 9 0.0 0.0 0.44444528 0.38518775 1.1111094 0.38518983 135.74074 129.0 146.33334 131.88889 -20.222221 31.777779 -11.555555 146.33334 0.11839892 -2.2625546 SKY 
122.0 11.0 9 0.0 0.0 1.0 0.31111577 2.8888905 5.051852 143.44444 136.88889 150.88889 142.55556 -19.666666 22.333334 -2.6666667 150.88889 0.09277301 -2.5216477 SKY 
181.0 15.0 9 0.0 0.0 0.8333359 0.21111082 1.4444427 1.2296315 140.2963 133.88889 149.55556 137.44444 -19.222221 27.777779 -8.555555 149.55556 0.10463921 -2.330563 SKY 
240.0 26.0 9 0.0 0.0 1.2222239 1.0074004 0.88888806 0.20741068 136.88889 131.0 146.55556 133.11111 -17.666666 29.0 -11.333333 146.55556 0.10610159 -2.2307248 SKY 
209.0 11.0 9 0.0 0.0 0.8333333 0.25555903 2.1666667 3.8555522 141.55556 135.11111 150.11111 139.44444 -19.333334 25.666666 -6.3333335 150.11111 0.09983583 -2.4015868 SKY 
174.0 77.0 9 0.0 0.0 1.0000025 0.31110775 1.2777761 1.3518436 135.92592 128.55556 147.33334 131.88889 -22.11111 34.22222 -12.111111 147.33334 0.12738518 -2.2771459 SKY 
194.0 57.0 9 0.0 0.0 0.61110944 0.41851488 1.1666666 0.38889033 135.96297 129.88889 146.22223 131.77779 -18.222221 30.777779 -12.555555 146.22223 0.11169542 -2.215046 SKY 
63.0 13.0 9 0.0 0.0 1.1666666 1.011116 0.9444453 0.68518674 141.81482 137.11111 148.88889 139.44444 -14.111111 21.222221 -7.111111 148.88889 0.07980576 -2.2767668 SKY 
101.0 42.0 9 0.0 0.0 1.1111145 0.60740787 1.1666692 0.7444422 137.07408 130.44444 147.44444 133.33334 -19.88889 31.11111 -11.222222 147.44444 0.115302496 -2.26361 SKY 
248.0 53.0 9 0.0 0.0 0.722229 0.2851884 0.8333333 0.70000815 134.77777 128.22223 145.77777 130.33334 -19.666666 33.0 -13.333333 145.77777 0.12111875 -2.2174878 SKY 
186.0 46.0 9 0.0 0.0 0.6666641 0.39999592 1.0555598 0.8629481 135.51852 129.44444 145.55556 131.55556 -18.222221 30.11111 -11.888889 145.55556 0.11065291 -2.2326155 SKY 
94.0 13.0 9 0.0 0.0 1.0555521 0.50740635 1.6666641 1.2444407 141.59259 134.88889 149.88889 140.0 -20.11111 24.88889 -4.7777777 149.88889 0.10009145 -2.449265 SKY 
108.0 59.0 9 0.0 0.0 0.50000125 0.16666718 1.0555559 0.2851855 126.14815 116.55556 140.44444 121.44444 -28.777779 42.88889 -14.111111 140.44444 0.170091 -2.308637 SKY 
29.0 52.0 9 0.0 0.0 0.3888893 0.01851813 1.3333334 0.17777863 125.77778 115.55556 140.22223 121.55556 -30.666666 43.333332 -12.666667 140.22223 0.17584935 -2.3484936 SKY 
199.0 66.0 9 0.0 0.0 1.2777786 1.5740702 1.4444427 2.8740733 122.55556 111.0 139.77779 116.888885 -34.666668 51.666668 -17.0 139.77779 0.20580281 -2.3070939 SKY 
63.0 13.0 9 0.0 0.0 0.6111145 0.19629402 1.1666666 1.011112 132.25926 122.77778 145.44444 128.55556 -28.444445 39.555557 -11.111111 145.44444 0.15582462 -2.3604276 SKY 
166.0 55.0 9 0.0 0.0 1.388888 0.8185244 1.1666679 0.70000154 124.111115 113.888885 139.33334 119.111115 -30.666666 45.666668 -15.0 139.33334 0.18262304 -2.3081791 SKY 
231.0 49.0 9 0.0 0.0 0.555556 0.38518602 0.6666692 0.26666775 120.703705 108.111115 139.33334 114.666664 -37.77778 55.88889 -18.11111 139.33334 0.22387896 -2.3154767 SKY 
172.0 60.0 9 0.0 0.0 0.8333333 0.38888627 1.0555559 0.32962748 123.666664 114.0 138.33334 118.666664 -29.0 44.0 -15.0 138.33334 0.17584375 -2.2933865 SKY 
75.0 49.0 9 0.0 0.0 0.8333359 0.3888883 1.1666679 0.70000154 127.40741 117.0 143.11111 122.111115 -31.222221 47.11111 -15.888889 143.11111 0.18239816 -2.2978394 SKY 
201.0 40.0 9 0.0 0.0 1.0555559 0.59629506 1.4999987 1.5444428 123.77778 113.333336 139.66667 118.333336 -31.333334 47.666668 -16.333334 139.66667 0.18850341 -2.2922006 SKY 
188.0 73.0 9 0.0 0.0 1.0555553 0.9289579 2.2777786 1.9935083 40.185184 35.666668 49.77778 35.11111 -13.555555 28.777779 -15.222222 49.77778 0.2970959 -2.0549638 CEMENT 
69.0 68.0 9 0.0 0.0 0.83333206 0.8628117 0.7777774 0.5837293 56.296295 49.22222 71.0 48.666668 -21.222221 44.11111 -22.88889 71.0 0.31602636 -2.0695407 CEMENT 
191.0 101.0 9 0.0 0.0 1.111112 0.7793635 1.1111113 1.186342 45.037037 39.0 57.11111 39.0 -18.11111 36.22222 -18.11111 57.11111 0.32273299 -2.0943027 CEMENT 
105.0 69.0 9 0.0 0.0 2.5000012 1.5311582 1.8333327 1.4719604 59.555557 53.444443 73.22222 52.0 -18.333334 41.0 -22.666666 73.22222 0.28965253 -2.0228615 CEMENT 
142.0 119.0 9 0.0 0.0 5.277778 0.85418415 1.0555553 0.6116157 45.62963 40.666668 56.0 40.22222 -14.888889 31.11111 -16.222221 56.0 0.2807703 -2.0640383 CEMENT 
2.0 95.0 9 0.11111111 0.0 2.0555565 1.3402592 0.88889056 0.91084033 55.62963 47.444443 71.66667 47.77778 -24.555555 48.11111 -23.555555 71.66667 0.3377558 -2.1078582 CEMENT 
229.0 102.0 9 0.0 0.0 0.88888866 0.7200823 7.944444 5.425934 42.77778 37.0 54.444443 36.88889 -17.333334 35.0 -17.666666 54.444443 0.31827116 -2.0885792 CEMENT 
228.0 42.0 9 0.11111111 0.0 2.055556 1.5551584 4.333334 2.2310944 44.555557 39.555557 54.11111 40.0 -15.0 28.666666 -13.666667 54.11111 0.27157217 -2.120131 CEMENT 
170.0 121.0 9 0.0 0.0 2.166667 1.8348485 2.7222223 1.9254632 32.37037 28.666666 40.555557 27.88889 -11.111111 24.555555 -13.444445 40.555557 0.3134271 -2.0242684 CEMENT 
114.0 129.0 9 0.11111111 0.0 2.055556 1.1434174 0.77777606 0.88610685 62.407406 54.22222 78.0 55.0 -24.555555 46.77778 -22.222221 78.0 0.30597952 -2.1269891 CEMENT 
220.0 111.0 9 0.0 0.0 2.555555 1.6555178 2.2777774 1.5974522 29.592592 25.444445 38.22222 25.11111 -12.444445 25.88889 -13.444445 38.22222 0.34932512 -2.064723 CEMENT 
209.0 70.0 9 0.0 0.11111111 2.222223 1.8216797 8.777778 3.4619644 36.74074 33.666668 44.444443 32.11111 -9.222222 23.11111 -13.888889 44.444443 0.27335805 -1.9605819 CEMENT 
87.0 146.0 9 0.0 0.0 0.944444 0.6116159 5.111111 4.712474 43.148148 36.88889 55.88889 36.666668 -18.777779 38.22222 -19.444445 55.88889 0.34745374 -2.0818424 CEMENT 
112.0 38.0 9 0.0 0.0 11.055554 11.074329 1.111112 1.0680542 64.62963 58.22222 78.44444 57.22222 -19.222221 41.444443 -22.222221 78.44444 0.27165923 -2.0388238 CEMENT 
47.0 96.0 9 0.0 0.0 0.94444466 0.5741338 0.8333333 0.75277233 61.925926 54.444443 77.0 54.333332 -22.444445 45.22222 -22.777779 77.0 0.29722086 -2.0891051 CEMENT 
53.0 42.0 9 0.0 0.0 3.2777774 0.71232545 0.611111 0.534027 28.25926 24.444445 36.22222 24.11111 -11.444445 23.88889 -12.444445 36.22222 0.33789337 -2.0610058 CEMENT 
92.0 89.0 9 0.0 0.0 1.9999994 1.2649107 1.2222214 0.95839226 58.925926 51.0 74.44444 51.333332 -23.777779 46.555557 -22.777779 74.44444 0.31787068 -2.1087568 CEMENT 
113.0 123.0 9 0.11111111 0.0 1.4444441 0.6206331 1.9444441 1.7180963 59.333332 51.88889 73.77778 52.333332 -22.333334 43.333332 -21.0 73.77778 0.29916364 -2.1119413 CEMENT 
227.0 44.0 9 0.11111111 0.0 0.55555534 0.403687 1.6111094 0.99814636 47.814816 42.88889 58.0 42.555557 -14.777778 30.555555 -15.777778 58.0 0.27198678 -2.0704656 CEMENT 
120.0 108.0 9 0.0 0.0 4.611111 3.498677 1.666666 1.5634735 58.074074 52.666668 69.55556 52.0 -16.222221 34.444443 -18.222221 69.55556 0.25245842 -2.0538688 CEMENT 
144.0 35.0 9 0.0 0.0 2.3333328 2.0330596 2.055556 1.7309813 37.592594 32.333336 47.444443 33.0 -15.777778 29.555555 -13.777778 47.444443 0.3197136 -2.138762 CEMENT 
130.0 32.0 9 0.0 0.0 1.1111113 1.047041 0.83333397 0.83665866 59.48148 54.22222 70.88889 53.333332 -15.777778 34.22222 -18.444445 70.88889 0.24900064 -2.042422 CEMENT 
74.0 64.0 9 0.0 0.0 1.8333327 1.2064646 2.0 1.1155467 56.592594 49.666668 71.0 49.11111 -20.777779 43.22222 -22.444445 71.0 0.3130033 -2.0671675 CEMENT 
76.0 134.0 9 0.11111111 0.0 2.5555546 1.4401643 1.4444441 0.54433167 48.925926 41.88889 63.11111 41.77778 -21.11111 42.555557 -21.444445 63.11111 0.3411113 -2.0869143 CEMENT 
84.0 62.0 9 0.0 0.0 0.72222203 0.49065322 0.9444434 0.77220213 61.037037 53.444443 76.22222 53.444443 -22.777779 45.555557 -22.777779 76.22222 0.3031787 -2.0937438 CEMENT 
113.0 34.0 9 0.0 0.0 1.9999987 1.1352938 0.8333308 0.83665943 72.888885 65.0 89.111115 64.55556 -23.666666 48.666668 -25.0 89.111115 0.27917594 -2.0781536 CEMENT 
151.0 129.0 9 0.0 0.0 8.055556 8.141569 0.72222203 0.8277585 32.037037 27.555555 41.11111 27.444445 -13.444445 27.222221 -13.777778 41.11111 0.3384073 -2.0787966 CEMENT 
83.0 81.0 9 0.0 0.0 0.44444337 0.34426504 0.7222214 0.38968188 59.444443 51.88889 74.44444 52.0 -22.666666 45.0 -22.333334 74.44444 0.30741948 -2.0988503 CEMENT 
58.0 122.0 9 0.0 0.0 2.0555556 2.2152667 6.1111107 3.0160062 34.185184 29.222221 44.333332 29.0 -14.888889 30.444445 -15.555555 44.333332 0.3496519 -2.0748382 CEMENT 
29.0 18.0 9 0.22222222 0.0 0.7777774 0.8073724 1.7222227 1.2895608 68.296295 59.0 86.111115 59.77778 -27.88889 53.444443 -25.555555 86.111115 0.31715608 -2.123641 CEMENT 
79.0 44.0 9 0.0 0.0 4.8888893 3.2018518 2.1111126 1.1287482 58.666668 50.11111 75.55556 50.333332 -25.666666 50.666668 -25.0 75.55556 0.33991683 -2.1026516 CEMENT 
108.0 128.0 9 0.0 0.0 7.0555553 4.3686585 1.666666 1.0540924 53.25926 46.333332 67.111115 46.333332 -20.777779 41.555557 -20.777779 67.111115 0.31292745 -2.0919266 CEMENT 
34.0 13.0 9 0.0 0.0 0.22222011 0.17213097 1.5555534 0.54433 70.37037 60.666668 88.111115 62.333332 -29.11111 53.22222 -24.11111 88.111115 0.3114367 -2.1549888 CEMENT 
40.0 35.0 9 0.0 0.0 0.7222226 0.25092337 1.0555547 0.6469281 69.44444 61.77778 85.333336 61.22222 -23.0 47.666668 -24.666666 85.333336 0.2874884 -2.0742002 CEMENT 
13.0 15.0 9 0.11111111 0.0 1.2222227 0.8861077 1.2222227 1.0256 68.96296 59.333332 86.888885 60.666668 -28.88889 53.77778 -24.88889 86.888885 0.3169049 -2.145323 CEMENT 
156.0 49.0 9 0.0 0.0 1.0555547 0.57413435 1.2222208 0.54433155 38.037037 35.666668 44.11111 34.333336 -7.111111 18.222221 -11.111111 44.11111 0.22118697 -1.949745 CEMENT 
227.0 132.0 9 0.0 0.0 6.666668 1.3824298 1.3333334 1.0110494 38.77778 33.22222 49.22222 33.88889 -16.666666 31.333334 -14.666667 49.22222 0.32576838 -2.1295228 CEMENT 
77.0 135.0 9 0.0 0.0 2.944444 1.9710863 1.7777767 0.9583936 47.37037 41.0 60.666668 40.444443 -19.11111 39.88889 -20.777779 60.666668 0.3346597 -2.0634599 CEMENT 
191.0 119.0 9 0.0 0.0 1.1111107 1.2938615 0.9444459 0.772202 39.851852 36.22222 48.22222 35.11111 -10.888889 25.11111 -14.222222 48.22222 0.27171725 -2.0059998 CEMENT 
182.0 135.0 9 0.0 0.0 4.222222 1.1287482 1.1111103 1.0255978 32.703705 28.555555 41.0 28.555555 -12.444445 24.88889 -12.444445 41.0 0.30882394 -2.0932033 CEMENT 
152.0 83.0 9 0.0 0.0 4.444444 1.3277657 0.94444436 0.6804135 26.518518 23.333334 33.22222 23.0 -9.555555 20.11111 -10.555555 33.22222 0.30741498 -2.0632424 CEMENT 
147.0 125.0 9 0.0 0.0 6.388889 3.9238105 1.3333327 0.7601168 43.22222 37.22222 55.0 37.444443 -18.0 35.333332 -17.333334 55.0 0.32463875 -2.0964737 CEMENT 
189.0 48.0 9 0.0 0.0 0.72222203 0.38968173 4.6666665 4.3050365 42.074074 38.77778 49.88889 37.555557 -9.888889 23.444445 -13.555555 49.88889 0.24524052 -2.0032587 CEMENT 
90.0 36.0 9 0.0 0.0 0.94444275 0.32773143 1.1111094 1.2232299 66.37037 56.555557 84.77778 57.77778 -29.444445 55.22222 -25.777779 84.77778 0.33281505 -2.1385806 CEMENT 
104.0 147.0 9 0.0 0.11111111 3.1111114 2.1875062 4.6666665 2.5991445 49.77778 43.77778 62.444443 43.11111 -18.0 38.0 -20.0 62.444443 0.30910617 -2.0563772 CEMENT 
47.0 121.0 9 0.0 0.0 0.88888866 1.0255988 4.888888 3.208784 53.666668 46.88889 66.88889 47.22222 -20.333334 39.666668 -19.333334 66.88889 0.30067223 -2.1102333 CEMENT 
18.0 43.0 9 0.0 0.0 1.8888893 1.7722137 1.5555567 1.2232332 64.703705 54.88889 82.55556 56.666668 -29.444445 53.555557 -24.11111 82.55556 0.3351151 -2.1605515 CEMENT 
142.0 99.0 9 0.0 0.0 0.77777797 0.45542175 1.722222 1.3402593 51.88889 51.88889 56.0 47.77778 0.0 12.333333 -12.333333 56.0 0.14661072 -1.5674635 CEMENT 
174.0 75.0 9 0.0 0.0 1.5 0.7226483 2.3888886 1.0835471 41.11111 40.333336 45.666668 37.333336 -2.3333333 13.666667 -11.333333 45.666668 0.18173215 -1.7222778 CEMENT 
202.0 71.0 9 0.0 0.0 0.944444 0.5741341 0.7777774 0.45541972 38.37037 37.88889 42.11111 35.11111 -1.4444444 11.222222 -9.777778 42.11111 0.16604693 -1.6759187 CEMENT 
140.0 73.0 9 0.0 0.0 1.7222214 0.8277598 0.7777774 1.0036957 46.296295 45.666668 51.11111 42.11111 -1.8888888 14.444445 -12.555555 51.11111 0.1761556 -1.6815889 CEMENT 
161.0 73.0 9 0.0 0.0 0.8333333 0.5055238 0.61111003 0.3896817 43.851852 43.0 48.77778 39.77778 -2.5555556 14.777778 -12.222222 48.77778 0.18437627 -1.7204413 CEMENT 
142.0 140.0 9 0.0 0.0 4.2222223 1.2938595 1.5 0.7226494 26.444445 23.444445 32.333336 23.555555 -9.0 17.666666 -8.666667 32.333336 0.2850997 -2.1004875 CEMENT 
237.0 137.0 9 0.0 0.0 8.944446 8.654905 2.6111104 1.5551589 36.925926 34.88889 42.333336 33.555557 -6.111111 16.222221 -10.111111 42.333336 0.2144562 -1.9409745 CEMENT 
199.0 97.0 9 0.11111111 0.0 2.722222 1.2546208 0.5 0.18257418 47.814816 46.0 54.11111 43.333332 -5.4444447 18.88889 -13.444445 54.11111 0.1993515 -1.8367767 CEMENT 
86.0 187.0 9 0.0 0.0 1.1111108 0.7200825 1.4444445 0.750309 13.740741 11.666667 10.333334 19.222221 -6.2222223 -10.222222 16.444445 19.222221 0.46332908 1.9414649 GRASS 
157.0 221.0 9 0.0 0.0 1.0555555 0.6469299 1.2222222 0.6206328 12.111111 10.222222 8.111112 18.0 -5.6666665 -12.0 17.666666 18.0 0.5491797 1.8771459 GRASS 
17.0 229.0 9 0.0 0.0 2.1111114 1.9851303 2.4444447 1.6147469 13.703704 11.222222 11.111111 18.777779 -7.4444447 -7.7777777 15.222222 18.777779 0.4398524 2.0999045 GRASS 
245.0 238.0 9 0.11111111 0.0 1.6666665 2.5385911 2.3333333 2.4404008 8.925926 6.3333335 6.5555553 13.888889 -7.7777777 -7.111111 14.888889 13.888889 0.59701496 2.1260629 GRASS 
228.0 182.0 9 0.11111111 0.0 0.88888854 0.68853056 0.7777775 0.6554615 16.777779 14.555555 12.777778 23.0 -6.6666665 -12.0 18.666666 23.0 0.44435817 1.9164191 GRASS 
162.0 237.0 9 0.11111111 0.0 2.2777777 1.1434193 2.6666667 2.564718 13.222222 10.888889 10.0 18.777779 -7.0 -9.666667 16.666666 18.777779 0.47282594 1.9903806 GRASS 
114.0 238.0 9 0.0 0.0 1.666667 1.1352924 1.4444445 1.0680548 13.62963 11.111111 10.666667 19.11111 -7.5555553 -8.888889 16.444445 19.11111 0.46145898 2.0466826 GRASS 
217.0 245.0 9 0.11111111 0.11111111 3.1666667 3.0166214 2.1666667 1.2427571 9.740741 7.4444447 7.111111 14.666667 -6.888889 -7.888889 14.777778 14.666667 0.57276654 2.0694523 GRASS 
158.0 195.0 9 0.0 0.0 2.4444442 2.3444183 2.8333333 1.7224011 11.703704 9.444445 8.555555 17.11111 -6.7777777 -9.444445 16.222221 17.11111 0.5177167 2.011228 GRASS 
175.0 212.0 9 0.11111111 0.0 1.0000001 0.666667 1.8333334 1.345775 12.296296 10.0 9.0 17.88889 -6.888889 -9.888889 16.777779 17.88889 0.4987573 1.9744948 GRASS 
2.0 198.0 9 0.11111111 0.0 0.888889 0.6206327 1.9444448 1.3567389 12.185185 9.666667 10.555555 16.333334 -7.5555553 -4.888889 12.444445 16.333334 0.4157716 2.2212758 GRASS 
156.0 181.0 9 0.0 0.0 0.49999985 0.34960297 1.4999999 0.50552523 11.666667 9.0 9.777778 16.222223 -8.0 -5.6666665 13.666667 16.222223 0.44597858 2.2066422 GRASS 
135.0 211.0 9 0.0 0.0 1.8888885 1.3277655 2.1666663 1.1498789 17.962963 14.444445 16.333334 23.11111 -10.555555 -4.888889 15.444445 23.11111 0.37555233 2.3275452 GRASS 
35.0 167.0 9 0.0 0.0 1.611111 0.9289586 1.5 1.130388 19.037037 16.777779 15.666667 24.666666 -6.7777777 -10.111111 16.88889 24.666666 0.36550307 1.9715719 GRASS 
207.0 172.0 9 0.0 0.0 1.0000004 0.29814267 1.6666673 0.9189365 19.0 16.444445 16.333334 24.222221 -7.6666665 -8.0 15.666667 24.222221 0.34374964 2.0838537 GRASS 
100.0 155.0 9 0.0 0.0 0.49999967 0.45946836 0.8333333 0.349603 23.333334 20.0 20.666668 29.333334 -10.0 -8.0 18.0 29.333334 0.31808975 2.1693969 GRASS 
144.0 169.0 9 0.0 0.0 1.1111107 0.77936363 1.3888884 0.74286735 17.11111 13.444445 18.0 19.88889 -11.0 2.6666667 8.333333 19.88889 0.32496518 2.8348217 GRASS 
210.0 232.0 9 0.0 0.0 1.8333335 1.2064636 1.4999999 1.7224014 8.814815 6.5555553 7.2222223 12.666667 -6.7777777 -4.7777777 11.555555 12.666667 0.49138823 2.2013178 GRASS 
72.0 235.0 9 0.11111111 0.0 2.8333328 1.7480147 5.277778 3.1369953 15.074074 12.0 15.0 18.222221 -9.222222 -0.22222222 9.444445 18.222221 0.34748083 2.5860178 GRASS 
212.0 239.0 9 0.0 0.0 1.9444443 1.4516913 2.3333333 2.8205595 10.37037 7.6666665 9.666667 13.777778 -8.111111 -2.1111112 10.222222 13.777778 0.4459687 2.4263785 GRASS 
154.0 249.0 9 0.0 0.0 3.5 2.306994 4.5555553 3.5381527 18.0 14.666667 15.666667 23.666666 -10.0 -7.0 17.0 23.666666 0.39839673 2.214996 GRASS 
244.0 193.0 9 0.0 0.0 2.0555556 2.225275 3.8888886 3.631141 16.185184 13.333333 14.222222 21.0 -8.555555 -5.888889 14.444445 21.0 0.37887058 2.2221026 GRASS 
158.0 151.0 9 0.0 0.0 0.38888898 0.38968158 4.4444447 4.0423675 19.0 15.222222 18.333334 23.444445 -11.333333 -2.0 13.333333 23.444445 0.352606 2.5052488 GRASS 
44.0 162.0 9 0.0 0.0 0.88888836 0.4554205 1.9444447 1.3567389 24.518518 19.555555 24.11111 29.88889 -14.888889 -1.2222222 16.11111 29.88889 0.34703225 2.5573888 GRASS 
212.0 160.0 9 0.0 0.0 1.4444441 1.2938602 1.4444443 1.7722135 23.25926 17.777779 23.444445 28.555555 -16.444445 0.5555556 15.888889 28.555555 0.37821564 2.6425967 GRASS 
119.0 181.0 9 0.11111111 0.0 0.7777774 0.7503084 3.277777 1.6113026 21.407408 16.555555 19.666668 28.0 -14.555555 -5.2222223 19.777779 28.0 0.40955147 2.3788457 GRASS 
205.0 204.0 9 0.0 0.0 1.555555 0.9583939 1.8888887 1.7722135 19.0 14.333333 17.11111 25.555555 -14.0 -5.6666665 19.666666 25.555555 0.43934208 2.3487284 GRASS 
94.0 246.0 9 0.0 0.0 2.3333333 1.6193275 2.7222223 0.77220213 22.814816 18.88889 19.666668 29.88889 -11.777778 -9.444445 21.222221 29.88889 0.37479976 2.1589146 GRASS 
71.0 187.0 9 0.0 0.0 2.0 1.6329935 3.555555 1.8698399 18.666666 14.666667 16.222223 25.11111 -12.0 -7.3333335 19.333334 25.11111 0.43121487 2.2543035 GRASS 
28.0 162.0 9 0.11111111 0.0 1.1666666 0.6236098 1.4444443 1.3277662 25.11111 19.666668 26.11111 29.555555 -16.333334 3.0 13.333333 29.555555 0.33512673 2.769038 GRASS 
9.0 180.0 9 0.0 0.0 1.166667 0.7226493 1.1666673 0.9831922 22.555555 17.444445 22.0 28.222221 -15.333333 -1.6666666 17.0 28.222221 0.38142902 2.5416608 GRASS 
52.0 170.0 9 0.0 0.0 0.55555564 0.4554201 0.94444436 0.38968262 25.444445 20.11111 25.333334 30.88889 -16.0 -0.33333334 16.333334 30.88889 0.34911168 2.6040132 GRASS 
47.0 175.0 9 0.0 0.0 1.3333327 0.78881073 1.166666 0.88819396 23.74074 18.666668 23.777779 28.777779 -15.222222 0.11111111 15.111111 28.777779 0.35148725 2.630157 GRASS 
214.0 246.0 9 0.0 0.0 2.8333328 1.9177537 2.9999993 1.988857 17.518518 14.222222 15.444445 22.88889 -9.888889 -6.2222223 16.11111 22.88889 0.39154765 2.2328491 GRASS 
212.0 235.0 9 0.0 0.0 1.4444447 1.4555132 1.944445 2.2648687 25.88889 21.11111 24.0 32.555557 -14.333333 -5.6666665 20.0 32.555557 0.35188085 2.3560238 GRASS 
8.0 226.0 9 0.0 0.0 2.8888886 1.9851301 1.111111 0.4554203 18.0 14.0 15.777778 24.222221 -12.0 -6.6666665 18.666666 24.222221 0.424404 2.2730305 GRASS 
117.0 224.0 9 0.0 0.0 3.0555556 2.5596585 3.0555556 3.0215273 20.25926 15.444445 17.777779 27.555555 -14.444445 -7.4444447 21.88889 27.555555 0.44151622 2.3041532 GRASS 
119.0 169.0 9 0.0 0.0 1.166667 0.98319227 0.9999997 0.91893625 25.962963 20.88889 25.0 32.0 -15.222222 -2.8888888 18.11111 32.0 0.34778315 2.4790645 GRASS 
240.0 190.0 9 0.0 0.0 1.5555553 0.75030917 1.3333334 1.0954453 20.11111 15.888889 17.555555 26.88889 -12.666667 -7.6666665 20.333334 26.88889 0.4093088 2.252231 GRASS 
49.0 240.0 9 0.0 0.11111111 3.0555553 1.638654 2.0555556 1.7437719 20.444445 15.222222 18.777779 27.333334 -15.666667 -5.0 20.666666 27.333334 0.44580838 2.4207911 GRASS 
222.0 194.0 9 0.0 0.0 2.2777774 1.1434193 2.2777777 1.4207466 20.185184 16.555555 17.88889 26.11111 -10.888889 -6.888889 17.777779 26.11111 0.3721296 2.224382 GRASS 
90.0 237.0 9 0.0 0.0 2.4444444 1.327766 2.7222216 2.678446 22.222221 17.555555 19.666668 29.444445 -14.0 -7.6666665 21.666666 29.444445 0.41374576 2.2802892 GRASS 
116.0 203.0 9 0.0 0.0 3.0555553 1.9484084 2.9444437 1.7564695 19.518518 15.444445 17.666668 25.444445 -12.222222 -5.5555553 17.777779 25.444445 0.39386794 2.320382 GRASS 
200.0 245.0 9 0.11111111 0.0 1.4999999 0.9222229 1.0555552 0.5074078 16.11111 11.888889 15.0 21.444445 -12.666667 -3.3333333 16.0 21.444445 0.44538036 2.432783 GRASS 
153.0 208.0 9 0.0 0.0 2.4444444 2.429628 1.9444442 3.0851858 16.851852 13.0 16.0 21.555555 -11.555555 -2.5555556 14.111111 21.555555 0.3969092 2.4832914 GRASS 
101.0 197.0 9 0.0 0.0 3.5555553 7.54074 4.9444447 6.418518 21.25926 17.444445 18.777779 27.555555 -11.444445 -7.4444447 18.88889 27.555555 0.39488608 2.2430942 GRASS 
192.0 239.0 9 0.11111111 0.0 2.4999998 2.4333322 2.277778 1.3074071 15.148149 12.222222 14.555555 18.666668 -8.777778 -1.7777778 10.555555 18.666668 0.34430414 2.482445 GRASS 
197.0 229.0 9 0.0 0.0 1.3888885 1.5740727 1.1666662 0.5666664 17.74074 14.111111 17.88889 21.222221 -10.888889 0.44444445 10.444445 21.222221 0.3357168 2.651605 GRASS 
142.0 208.0 9 0.0 0.0 1.9444442 2.6407385 2.4999995 1.3222219 18.555555 15.444445 14.888889 25.333334 -9.333333 -11.0 20.333334 25.333334 0.4408947 2.1022124 GRASS 
72.0 191.0 9 0.11111111 0.0 1.2777777 0.5074075 3.1111114 4.6074066 15.185185 12.111111 14.888889 18.555555 -9.222222 -0.8888889 10.111111 18.555555 0.3503698 2.545329 GRASS 
39.0 246.0 9 0.11111111 0.0 2.277778 3.2629633 1.8333334 2.4333339 15.37037 12.555555 13.111111 20.444445 -8.444445 -6.7777777 15.222222 20.444445 0.3938387 2.170543 GRASS 
214.0 236.0 9 0.0 0.0 0.5 0.25555578 3.7777774 1.3629639 16.592592 12.888889 14.666667 22.222221 -11.111111 -5.7777777 16.88889 22.222221 0.41959706 2.3066785 GRASS 
197.0 236.0 9 0.0 0.0 2.4444444 6.829628 3.3333333 7.599998 16.074074 13.111111 16.666668 18.444445 -8.888889 1.7777778 7.111111 18.555555 0.29272884 2.7898002 GRASS 
27.0 50.0 9 0.0 0.0 1.0555557 0.46296322 1.0000004 0.48888907 23.037037 21.666666 30.0 17.444445 -4.111111 20.88889 -16.777779 30.0 0.41874644 -1.7412539 BRICKFACE 
99.0 107.0 9 0.11111111 0.0 1.5555557 2.0296292 3.3333333 2.2666647 18.62963 19.444445 23.0 13.444445 2.4444444 13.111111 -15.555555 23.11111 0.41378537 -1.3703691 BRICKFACE 
37.0 114.0 9 0.33333334 0.0 1.388889 2.0185165 3.8888884 3.7629619 17.222221 19.0 20.11111 12.555555 5.3333335 8.666667 -14.0 20.555555 0.39369074 -1.1766617 BRICKFACE 
42.0 63.0 9 0.11111111 0.0 1.5000004 1.0999995 1.9444441 2.462962 22.37037 20.333334 29.666666 17.11111 -6.111111 21.88889 -15.777778 29.666666 0.42265132 -1.8138857 BRICKFACE 
88.0 71.0 9 0.11111111 0.11111111 1.4444447 0.785185 4.5 5.677779 22.333334 21.777779 28.555555 16.666668 -1.6666666 18.666666 -17.0 28.555555 0.41629943 -1.6368634 BRICKFACE 
14.0 110.0 9 0.0 0.0 1.7222224 5.3518505 2.6666667 1.0222229 17.925926 18.88889 21.444445 13.444445 2.8888888 10.555555 -13.444445 21.444445 0.36884832 -1.3450956 BRICKFACE 
83.0 114.0 9 0.0 0.0 1.388889 1.129629 1.9444443 0.59629667 19.851852 20.0 24.666666 14.888889 0.44444445 14.444445 -14.888889 24.666666 0.39496386 -1.5086578 BRICKFACE 
23.0 86.0 9 0.0 0.0 0.88888913 0.6518528 1.7222222 1.3074087 18.592592 18.555555 23.555555 13.666667 -0.11111111 14.888889 -14.777778 23.555555 0.41791564 -1.5415015 BRICKFACE 
9.0 92.0 9 0.0 0.0 1.3888887 2.4185164 2.4999998 0.87777764 19.074074 18.777779 24.11111 14.333333 -0.8888889 15.111111 -14.222222 24.11111 0.40102458 -1.5705879 BRICKFACE 
85.0 56.0 9 0.0 0.0 1.3333334 0.40000024 1.2777773 1.8407404 26.444445 23.333334 36.0 20.0 -9.333333 28.666666 -19.333334 36.0 0.4427882 -1.8631825 BRICKFACE 
85.0 101.0 9 0.0 0.0 1.3333334 1.2888881 1.2777777 1.2185181 21.296297 21.222221 26.777779 15.888889 -0.22222222 16.444445 -16.222221 26.777779 0.4047922 -1.5585992 BRICKFACE 
65.0 54.0 9 0.0 0.0 1.777778 1.6740733 2.722222 4.3296285 24.592592 22.777779 32.555557 18.444445 -5.4444447 23.88889 -18.444445 32.555557 0.4321665 -1.7607523 BRICKFACE 
78.0 108.0 9 0.0 0.0 0.8333335 0.43333328 1.6111107 1.1740738 17.11111 19.0 19.88889 12.444445 5.6666665 8.333333 -14.0 20.0 0.37883934 -1.1695169 BRICKFACE 
4.0 87.0 9 0.11111111 0.0 2.7777777 3.0962942 2.722222 4.3740745 17.333334 18.222221 21.0 12.777778 2.6666667 11.0 -13.666667 21.11111 0.39173108 -1.3183731 BRICKFACE 
101.0 72.0 9 0.0 0.0 2.5000002 4.744444 1.7777777 6.296294 26.481482 23.555555 35.77778 20.11111 -8.777778 27.88889 -19.11111 35.77778 0.4368953 -1.8461579 BRICKFACE 
26.0 67.0 9 0.11111111 0.0 1.0 0.8888903 2.4444447 3.1851847 20.0 19.555555 25.88889 14.555555 -1.3333334 17.666666 -16.333334 25.88889 0.4369392 -1.6232022 BRICKFACE 
7.0 114.0 9 0.0 0.0 1.1666665 0.78888893 2.1111114 1.2740738 14.518518 16.11111 17.11111 10.333334 4.7777777 7.7777777 -12.555555 17.444445 0.40864444 -1.1793475 BRICKFACE 
134.0 104.0 9 0.0 0.0 2.388889 1.8407409 2.6666663 3.5555563 21.777779 20.88889 28.333334 16.11111 -2.6666667 19.666666 -17.0 28.333334 0.43039906 -1.6697525 BRICKFACE 
136.0 77.0 9 0.22222222 0.0 1.888889 1.4962952 3.0555556 5.618516 26.407408 24.555555 34.444447 20.222221 -5.5555553 24.11111 -18.555555 34.444447 0.4132174 -1.7688724 BRICKFACE 
67.0 64.0 9 0.0 0.0 2.1111107 2.1185186 2.388889 3.440744 22.481482 22.0 28.88889 16.555555 -1.4444444 19.222221 -17.777779 28.88889 0.42692268 -1.6256685 BRICKFACE 
11.0 108.0 9 0.0 0.0 1.3333335 0.80000025 1.3888888 0.95185167 17.666666 19.0 21.11111 12.888889 4.0 10.333333 -14.333333 21.11111 0.38875645 -1.3021333 BRICKFACE 
13.0 103.0 9 0.0 0.0 1.3888888 0.5962964 2.277778 2.1518524 16.148148 17.666668 19.11111 11.666667 4.5555553 8.888889 -13.444445 19.444445 0.39890292 -1.2192107 BRICKFACE 
89.0 53.0 9 0.0 0.0 2.1111107 1.7185186 2.8333333 3.0111105 27.074074 22.777779 38.333336 20.11111 -12.888889 33.77778 -20.88889 38.333336 0.4747726 -1.937482 BRICKFACE 
73.0 103.0 9 0.0 0.0 1.2777773 0.32962978 1.1111107 1.5407397 18.333334 19.222221 22.555555 13.222222 2.6666667 12.666667 -15.333333 22.555555 0.41030627 -1.3974138 BRICKFACE 
27.0 68.0 9 0.0 0.0 1.388889 1.4851855 1.7777777 5.0962973 21.592592 20.444445 28.444445 15.888889 -3.4444444 20.555555 -17.11111 28.444445 0.440354 -1.7003236 BRICKFACE 
30.0 102.0 9 0.0 0.0 1.2222217 0.11851845 1.333333 0.7999998 20.25926 20.333334 25.0 15.444445 0.22222222 14.222222 -14.444445 25.0 0.38105944 -1.5550972 BRICKFACE 
42.0 59.0 9 0.0 0.0 1.833333 3.5000002 2.0555553 0.86296284 21.814816 20.777779 28.777779 15.888889 -3.1111112 20.88889 -17.777779 28.777779 0.44514215 -1.680812 BRICKFACE 
6.0 90.0 9 0.0 0.0 1.9444447 0.5962962 1.3333336 1.8222237 18.11111 18.777779 22.11111 13.444445 2.0 12.0 -14.0 22.11111 0.38846022 -1.4258847 BRICKFACE 
145.0 90.0 9 0.0 0.0 1.0 0.5777784 2.0 0.399999 24.851852 23.666666 32.22222 18.666668 -3.5555556 22.11111 -18.555555 32.22222 0.4205985 -1.7059416 BRICKFACE 
80.0 95.0 9 0.0 0.0 1.2222223 1.0074079 0.944444 0.5518514 21.407408 21.333334 26.666666 16.222223 -0.22222222 15.777778 -15.555555 26.666666 0.39043593 -1.5673273 BRICKFACE 
123.0 104.0 9 0.0 0.0 2.2777777 2.107407 4.0 2.0000021 21.925926 20.555555 28.666666 16.555555 -4.111111 20.222221 -16.11111 28.666666 0.4213954 -1.7287898 BRICKFACE 
94.0 67.0 9 0.0 0.0 2.5555556 3.3629644 1.5555557 1.1851852 23.74074 22.88889 30.777779 17.555555 -2.5555556 21.11111 -18.555555 30.777779 0.42989677 -1.6701708 BRICKFACE 
65.0 75.0 9 0.0 0.0 0.611111 0.32963 0.72222203 0.19629599 21.333334 21.11111 27.11111 15.777778 -0.6666667 17.333334 -16.666666 27.11111 0.41704598 -1.5901641 BRICKFACE 
141.0 62.0 9 0.0 0.0 1.888889 2.118518 3.3888886 6.3740745 27.37037 23.777779 37.666668 20.666668 -10.777778 30.88889 -20.11111 37.666668 0.4503053 -1.8884078 BRICKFACE 
23.0 55.0 9 0.0 0.0 2.2222216 3.6740727 1.7777773 0.7851852 23.444445 21.666666 31.11111 17.555555 -5.3333335 23.0 -17.666666 31.11111 0.43507022 -1.7711632 BRICKFACE 
89.0 68.0 9 0.0 0.0 4.055556 3.0407388 2.3888886 1.2185171 17.703703 17.666668 23.0 12.444445 -0.11111111 15.888889 -15.777778 23.0 0.46200204 -1.5639724 BRICKFACE 
76.0 64.0 9 0.0 0.0 2.2222223 5.4962974 2.8888884 4.3407397 23.62963 21.777779 31.222221 17.88889 -5.5555553 22.777779 -17.222221 31.222221 0.42481935 -1.7567121 BRICKFACE 
6.0 51.0 9 0.0 0.0 1.6666666 1.9999989 1.611111 2.1074073 19.592592 18.777779 25.666666 14.333333 -2.4444444 18.222221 -15.777778 25.666666 0.44286063 -1.6812904 BRICKFACE 
149.0 64.0 9 0.0 0.0 1.4999996 1.1444446 1.3888887 0.46296337 24.074074 22.666666 31.88889 17.666668 -4.2222223 23.444445 -19.222221 31.88889 0.4463545 -1.7248944 BRICKFACE 
2.0 98.0 9 0.0 0.0 2.0 0.6666667 1.055555 0.5518528 17.481482 18.333334 20.777779 13.333333 2.5555556 9.888889 -12.444445 20.777779 0.35672373 -1.3604367 BRICKFACE 
85.0 70.0 9 0.0 0.0 1.2777777 0.7296302 1.8333334 1.1444422 23.666666 23.0 30.11111 17.88889 -2.0 19.333334 -17.333334 30.11111 0.40601462 -1.6496034 BRICKFACE 
69.0 59.0 9 0.0 0.0 1.2777773 0.9518511 2.055555 1.4851853 23.851852 22.666666 30.88889 18.0 -3.5555556 21.11111 -17.555555 30.88889 0.41530126 -1.6993256 BRICKFACE 
12.0 56.0 9 0.22222222 0.0 1.2222223 0.20740713 1.3333336 1.0222219 19.851852 19.444445 25.444445 14.666667 -1.2222222 16.777779 -15.555555 25.444445 0.42268896 -1.6222115 BRICKFACE 
80.0 116.0 9 0.0 0.0 1.5 1.6333328 1.5555557 0.87407404 21.703703 21.222221 27.555555 16.333334 -1.4444444 17.555555 -16.11111 27.555555 0.40736422 -1.6322426 BRICKFACE 
35.0 96.0 9 0.11111111 0.0 2.1111114 1.0074071 2.833333 3.855554 21.74074 20.777779 27.777779 16.666668 -2.8888888 18.11111 -15.222222 27.777779 0.39949927 -1.6769211 BRICKFACE 
19.0 63.0 9 0.0 0.0 1.2777777 1.5740732 2.1111114 3.096295 20.925926 19.666668 27.777779 15.333333 -3.7777777 20.555555 -16.777779 27.777779 0.44724983 -1.7268302 BRICKFACE 
67.0 118.0 9 0.0 0.0 1.111111 0.38518602 2.2777777 4.2851844 21.11111 20.222221 27.333334 15.777778 -2.6666667 18.666666 -16.0 27.333334 0.41688403 -1.620749 BRICKFACE 
31.0 62.0 9 0.0 0.0 1.8333336 0.83333385 1.8333334 0.9666677 21.185184 20.555555 27.222221 15.777778 -1.8888888 18.11111 -16.222221 27.222221 0.4194691 -1.6501234 BRICKFACE 
101.0 80.0 9 0.0 0.0 3.5555553 1.8518513 3.0 3.8666666 24.814816 24.333334 31.555555 18.555555 -1.4444444 20.222221 -18.777779 31.555555 0.4120944 -1.620451 BRICKFACE 
66.0 101.0 9 0.11111111 0.0 0.7222226 0.32962933 2.2222223 0.6518524 19.037037 19.666668 23.555555 13.888889 1.8888888 13.555555 -15.444445 23.555555 0.41026655 -1.4575915 BRICKFACE 
22.0 116.0 9 0.0 0.0 0.38888875 0.10740741 0.33333325 0.13333334 5.6296296 6.7777777 7.0 3.1111112 3.4444444 4.111111 -7.5555553 7.3333335 0.57539684 -1.0996237 BRICKFACE 
28.0 131.0 9 0.0 0.0 0.22222216 0.074074045 0.77777773 0.20740731 5.185185 6.6666665 6.0 2.8888888 4.4444447 2.4444444 -6.888889 6.6666665 0.56613755 -0.87464094 BRICKFACE 
178.0 122.0 9 0.0 0.0 0.5555555 0.11851845 0.7777776 0.11851851 5.851852 7.3333335 6.888889 3.3333333 4.4444447 3.1111112 -7.5555553 7.4444447 0.54960316 -0.94255877 BRICKFACE 
201.0 135.0 9 0.0 0.0 0.5555555 0.29629624 0.888889 0.074073985 5.5185184 7.111111 6.4444447 3.0 4.7777777 2.7777777 -7.5555553 7.4444447 0.5994268 -0.89217883 BRICKFACE 
76.0 135.0 9 0.0 0.0 0.4444445 0.11851851 0.8333333 0.1222222 5.0 6.888889 5.4444447 2.6666667 5.6666665 1.3333334 -7.0 6.888889 0.6137566 -0.6920281 BRICKFACE 
19.0 133.0 9 0.0 0.0 0.0 0.0 0.0 0.0 0.0 0.0 0.0 0.0 0.0 0.0 0.0 0.0 0.0 0.0 FOLIAGE 
81.0 145.0 9 0.0 0.11111111 4.5555553 4.5346413 7.5 6.1128287 13.444445 9.888889 20.11111 10.333334 -10.666667 20.0 -9.333333 20.11111 0.53272784 -2.0623195 FOLIAGE 
21.0 64.0 9 0.0 0.0 16.277779 12.948471 20.222223 17.629103 31.0 24.666666 38.0 30.333334 -19.0 21.0 -2.0 38.0 0.40074632 -2.593825 FOLIAGE 
33.0 98.0 9 0.0 0.0 0.6111111 0.611616 1.3333331 0.9189368 2.0370371 0.5555556 3.5555556 2.0 -4.4444447 4.5555553 -0.11111111 3.5555556 0.8833333 -2.5488977 FOLIAGE 
47.0 127.0 9 0.0 0.0 1.166667 0.9603239 1.0555559 0.49065298 17.592592 9.0 30.11111 13.666667 -25.777779 37.555557 -11.777778 30.11111 0.70147634 -2.326275 FOLIAGE 
67.0 136.0 9 0.0 0.0 6.722223 3.7083488 2.6666667 3.1972213 15.518518 9.0 25.333334 12.222222 -19.555555 29.444445 -9.888889 25.333334 0.66081303 -2.3075109 FOLIAGE 
68.0 127.0 9 0.0 0.0 1.0555553 0.97562903 1.2777777 0.8277589 16.37037 10.888889 26.444445 11.777778 -16.444445 30.222221 -13.777778 26.444445 0.6014436 -2.0358076 FOLIAGE 
99.0 130.0 9 0.0 0.0 0.5555555 0.45542014 0.5555555 0.5443311 1.3703704 0.11111111 3.3333333 0.6666667 -3.7777777 5.888889 -2.1111112 3.3333333 0.9777778 -2.2390292 FOLIAGE 
35.0 107.0 9 0.0 0.0 10.222221 14.967619 9.833333 17.54708 9.518518 7.3333335 12.222222 9.0 -6.5555553 8.111111 -1.5555556 12.222222 0.6749559 -2.4929647 FOLIAGE 
101.0 137.0 9 0.0 0.0 0.44444445 0.50184834 0.8333333 0.8096638 1.1481482 0.22222222 2.6666667 0.5555556 -2.7777777 4.5555553 -1.7777778 2.6666667 0.95 -2.2005885 FOLIAGE 
64.0 114.0 9 0.0 0.0 5.166667 6.320163 8.833333 8.66859 29.814816 18.333334 47.22222 23.88889 -34.444443 52.22222 -17.777779 47.22222 0.62924504 -2.2953806 FOLIAGE 
93.0 127.0 9 0.0 0.0 1.1111112 0.83444345 1.0 0.7888106 3.8148148 1.3333334 6.7777777 3.3333333 -7.4444447 8.888889 -1.4444444 6.7777777 0.8272487 -2.4745617 FOLIAGE 
70.0 122.0 9 0.0 0.0 3.6666667 4.033196 4.111111 3.7810435 19.88889 17.88889 25.11111 16.666668 -6.0 15.666667 -9.666667 26.444445 0.40249237 -1.5402138 FOLIAGE 
17.0 98.0 9 0.11111111 0.0 0.72222215 0.71232533 0.6666667 0.73029673 1.5185186 0.33333334 2.8888888 1.3333334 -3.5555556 4.111111 -0.5555556 2.8888888 0.9166667 -2.4238 FOLIAGE 
88.0 136.0 9 0.0 0.0 1.8333331 1.149879 2.0555553 2.112573 8.0 4.111111 13.222222 6.6666665 -11.666667 15.666667 -4.0 13.222222 0.6950877 -2.412671 FOLIAGE 
74.0 122.0 9 0.0 0.0 1.2222222 1.2412658 1.3333331 0.6992059 16.148148 8.0 28.333334 12.111111 -24.444445 36.555557 -12.111111 28.333334 0.71822083 -2.305989 FOLIAGE 
21.0 122.0 9 0.0 0.0 0.44444445 0.4036867 0.44444445 0.4036867 0.5555556 0.0 1.2222222 0.44444445 -1.6666666 2.0 -0.33333334 1.2222222 0.5555556 -2.4445627 FOLIAGE 
27.0 112.0 9 0.0 0.0 0.22222222 0.34426522 0.11111113 0.27216557 0.14814815 0.0 0.44444445 0.0 -0.44444445 0.8888889 -0.44444445 0.44444445 0.22222222 -2.0943952 FOLIAGE 
17.0 108.0 9 0.0 0.0 1.2777778 0.64693 1.1666666 0.91287076 1.8518518 0.5555556 3.3333333 1.6666666 -3.8888888 4.4444447 -0.5555556 3.3333333 0.8759259 -2.463852 FOLIAGE 
47.0 119.0 9 0.11111111 0.0 2.2777777 2.2746592 1.3333334 1.3824296 4.3703704 2.1111112 6.7777777 4.2222223 -6.7777777 7.2222223 -0.44444445 6.7777777 0.7329263 -2.587228 FOLIAGE 
9.0 131.0 9 0.0 0.0 0.0 0.0 0.0 0.0 0.0 0.0 0.0 0.0 0.0 0.0 0.0 0.0 0.0 0.0 FOLIAGE 
113.0 132.0 9 0.0 0.0 0.44444442 0.3442652 0.38888887 0.5340273 1.2962962 0.0 3.4444444 0.44444445 -3.8888888 6.4444447 -2.5555556 3.4444444 1.0 -2.204847 FOLIAGE 
20.0 117.0 9 0.0 0.0 0.0 0.0 0.0 0.0 0.0 0.0 0.0 0.0 0.0 0.0 0.0 0.0 0.0 0.0 FOLIAGE 
254.0 73.0 9 0.0 0.0 6.6666665 7.865538 9.444445 12.33003 34.703705 20.555555 57.333332 26.222221 -42.444443 67.888885 -25.444445 57.333332 0.6511328 -2.2555614 FOLIAGE 
228.0 123.0 9 0.0 0.0 0.16666667 0.077777766 0.4444444 0.20740741 0.7037037 0.0 2.0 0.11111111 -2.1111112 3.8888888 -1.7777778 2.0 1.0 -2.123254 FOLIAGE 
224.0 95.0 9 0.0 0.0 1.2222223 0.47407404 1.0555557 0.7296295 3.5185184 0.8888889 7.2222223 2.4444444 -7.888889 11.111111 -3.2222223 7.2222223 0.88955027 -2.3489873 FOLIAGE 
235.0 81.0 9 0.0 0.0 1.388889 0.41851807 0.77777773 0.2962964 3.4814816 1.0 7.4444447 2.0 -7.4444447 11.888889 -4.4444447 7.4444447 0.88121694 -2.2481337 FOLIAGE 
227.0 69.0 9 0.0 0.0 3.6111114 45.929623 4.333333 36.400005 11.074074 6.888889 16.0 10.333334 -12.555555 14.777778 -2.2222223 16.0 0.6042809 -2.4818742 FOLIAGE 
235.0 88.0 9 0.0 0.0 0.6111111 0.24074072 0.9444445 0.32962963 2.7777777 0.44444445 6.4444447 1.4444444 -7.0 11.0 -4.0 6.4444447 0.93849206 -2.2695446 FOLIAGE 
237.0 106.0 9 0.0 0.0 0.9444444 0.15185204 0.8333333 0.47777775 2.4074075 0.44444445 6.111111 0.6666667 -5.888889 11.111111 -5.2222223 6.111111 0.9404762 -2.133095 FOLIAGE 
206.0 80.0 9 0.0 0.0 4.888889 14.829629 3.8333333 36.12222 10.037037 6.5555553 15.111111 8.444445 -10.444445 15.222222 -4.7777777 15.111111 0.59776545 -2.3262568 FOLIAGE 
194.0 124.0 9 0.0 0.0 1.4999999 0.43333384 1.388889 0.90740687 2.8148148 1.0 5.5555553 1.8888888 -5.4444447 8.222222 -2.7777777 5.5555553 0.8367725 -2.2846084 FOLIAGE 
225.0 91.0 9 0.0 0.0 0.6666667 0.3555557 0.6666667 0.31111112 3.6666667 1.1111112 8.0 1.8888888 -7.6666665 13.0 -5.3333335 8.0 0.86781305 -2.2177355 FOLIAGE 
226.0 69.0 9 0.0 0.11111111 19.111113 991.7184 20.444445 1039.5408 23.814816 19.222221 29.333334 22.88889 -13.777778 16.555555 -2.7777777 29.333334 0.5089938 -2.488979 FOLIAGE 
221.0 111.0 9 0.0 0.0 0.6111111 0.24074069 0.38888887 0.24074073 1.3333334 0.0 4.0 0.0 -4.0 8.0 -4.0 4.0 1.0 -2.0943952 FOLIAGE 
215.0 123.0 9 0.0 0.0 0.33333334 0.13333334 0.6666667 0.0444444 1.3703704 0.0 3.7777777 0.33333334 -4.111111 7.2222223 -3.1111112 3.7777777 1.0 -2.1698651 FOLIAGE 
217.0 115.0 9 0.0 0.0 1.1666666 0.34444454 0.5555555 0.38518524 1.8888888 0.22222222 4.666667 0.7777778 -5.0 8.333333 -3.3333333 4.666667 0.962963 -2.2166038 FOLIAGE 
235.0 120.0 9 0.0 0.0 0.44444442 0.3407407 0.49999997 0.30000004 1.4444444 0.0 4.0 0.33333334 -4.3333335 7.6666665 -3.3333333 4.0 1.0 -2.1563656 FOLIAGE 
195.0 99.0 9 0.0 0.0 3.0555553 4.462964 2.7777777 4.651851 6.740741 3.4444444 11.555555 5.2222223 -9.888889 14.444445 -4.5555553 11.555555 0.71189785 -2.318885 FOLIAGE 
230.0 98.0 9 0.0 0.0 0.38888884 0.15185185 0.38888887 0.06296294 1.4074074 0.0 4.111111 0.11111111 -4.2222223 8.111111 -3.8888888 4.111111 1.0 -2.1137195 FOLIAGE 
234.0 122.0 9 0.0 0.0 1.7222222 7.8407397 1.3888888 7.574073 2.2592592 0.5555556 5.2222223 1.0 -5.111111 8.888889 -3.7777777 5.2222223 0.96031743 -2.1732037 FOLIAGE 
205.0 83.0 9 0.0 0.0 24.555555 688.0741 8.333333 121.24443 23.296297 19.777779 28.555555 21.555555 -10.555555 15.777778 -5.2222223 28.555555 0.5041609 -2.3213427 FOLIAGE 
226.0 72.0 9 0.0 0.0 1.2777778 0.81851846 1.3888888 1.4407405 4.5185184 1.5555556 9.444445 2.5555556 -8.888889 14.777778 -5.888889 9.444445 0.84168977 -2.2167206 FOLIAGE 
224.0 73.0 9 0.0 0.0 1.5 1.2777776 2.3333333 1.0666656 5.814815 2.3333335 10.666667 4.4444447 -10.444445 14.555555 -4.111111 10.666667 0.7899301 -2.3556414 FOLIAGE 
201.0 86.0 9 0.0 0.11111111 9.5 222.70003 8.777779 105.54074 13.407408 8.777778 19.88889 11.555555 -13.888889 19.444445 -5.5555553 19.88889 0.6309454 -2.363577 FOLIAGE 
59.0 87.0 9 0.0 0.11111111 11.166667 84.87777 13.222221 70.02964 17.11111 12.222222 23.444445 15.666667 -14.666667 19.0 -4.3333335 23.444445 0.65204316 -2.4180744 FOLIAGE 
139.0 128.0 9 0.0 0.0 2.9444444 7.8851867 3.166667 12.433335 5.296296 2.4444444 9.555555 3.8888888 -8.555555 12.777778 -4.2222223 9.555555 0.8047243 -2.3003678 FOLIAGE 
55.0 80.0 9 0.11111111 0.0 1.833333 4.3 1.8333334 1.0999995 7.0740743 2.8888888 12.444445 5.888889 -12.555555 16.11111 -3.5555556 12.444445 0.77528197 -2.4175172 FOLIAGE 
58.0 95.0 9 0.0 0.0 2.166667 1.6333324 1.9444445 0.68518573 4.4444447 1.2222222 9.0 3.1111112 -9.666667 13.666667 -4.0 9.0 0.8749174 -2.3338044 FOLIAGE 
114.0 102.0 9 0.0 0.0 1.1111112 1.2296298 1.1666665 0.877778 4.037037 1.0 8.444445 2.6666667 -9.111111 13.222222 -4.111111 8.444445 0.8912177 -2.3161116 FOLIAGE 
78.0 99.0 9 0.0 0.0 1.611111 8.018518 3.0555553 14.7740755 4.148148 1.1111112 9.0 2.3333335 -9.111111 14.555555 -5.4444447 9.0 0.91089994 -2.2556732 FOLIAGE 
35.0 76.0 9 0.0 0.11111111 7.777778 192.20744 7.8333335 201.72226 13.518518 8.444445 19.444445 12.666667 -15.222222 17.777779 -2.5555556 19.444445 0.6374209 -2.5233247 FOLIAGE 
36.0 145.0 9 0.0 0.0 0.2777778 0.19629629 1.2777778 2.0629628 0.8518519 0.33333334 1.4444444 0.7777778 -1.5555556 1.7777778 -0.22222222 1.4444444 0.25185186 -2.5309503 FOLIAGE 
70.0 98.0 9 0.11111111 0.0 1.2222221 1.7185185 1.7777777 1.3185183 4.6666665 1.2222222 9.222222 3.5555556 -10.333333 13.666667 -3.3333333 9.222222 0.89084005 -2.3954217 FOLIAGE 
225.0 36.0 9 0.0 0.0 0.44444457 0.27216554 0.38888893 0.3277307 7.9259257 5.0 13.666667 5.111111 -8.777778 17.222221 -8.444445 13.666667 0.63492066 -2.1073034 WINDOW 
200.0 31.0 9 0.0 0.0 2.111111 1.223232 5.055555 2.678447 11.259259 8.333334 16.555555 8.888889 -8.777778 15.888889 -7.111111 16.555555 0.5009438 -2.1719491 WINDOW 
128.0 144.0 9 0.0 0.0 0.0 0.0 0.0 0.0 0.0 0.0 0.0 0.0 0.0 0.0 0.0 0.0 0.0 0.0 WINDOW 
202.0 63.0 9 0.0 0.0 0.38888907 0.3277309 0.44444466 0.27216563 6.0740743 4.0 10.555555 3.6666667 -6.2222223 13.444445 -7.2222223 10.555555 0.65353537 -2.04457 WINDOW 
171.0 89.0 9 0.0 0.0 0.0 0.0 0.0 0.0 0.0 0.0 0.0 0.0 0.0 0.0 0.0 0.0 0.0 0.0 WINDOW 
218.0 147.0 9 0.0 0.0 0.0 0.0 0.0 0.0 0.0 0.0 0.0 0.0 0.0 0.0 0.0 0.0 0.0 0.0 WINDOW 
156.0 154.0 9 0.0 0.0 0.2777778 0.3277307 0.77777773 0.544331 1.7407408 1.0 3.5555556 0.6666667 -2.2222223 5.4444447 -3.2222223 3.5555556 0.8388889 -1.9882019 WINDOW 
220.0 61.0 9 0.0 0.0 0.27777776 0.13608277 0.5555556 0.27216548 6.888889 4.5555553 12.0 4.111111 -7.0 15.333333 -8.333333 12.0 0.65589225 -2.039459 WINDOW 
180.0 142.0 9 0.0 0.0 0.16666669 0.2788867 0.11111111 0.17213261 0.11111111 0.0 0.33333334 0.0 -0.33333334 0.6666667 -0.33333334 0.33333334 0.22222222 -2.0943952 WINDOW 
161.0 89.0 9 0.0 0.0 4.6666665 5.1164227 0.16666682 0.27888685 3.1111112 2.8888888 3.7777777 2.6666667 -0.6666667 2.0 -1.3333334 3.7777777 0.0976431 -1.8904839 WINDOW 
119.0 153.0 9 0.0 0.0 5.0555553 5.539421 0.055555504 0.13608263 3.3703704 3.0 3.8888888 3.2222223 -1.1111112 1.5555556 -0.44444445 3.8888888 0.08501683 -2.2217164 WINDOW 
178.0 35.0 9 0.0 0.0 0.4444445 0.34426528 0.3888887 0.25092396 13.481482 10.333334 19.222221 10.888889 -9.444445 17.222221 -7.7777777 19.222221 0.4592879 -2.1533325 WINDOW 
161.0 144.0 9 0.0 0.0 0.0 0.0 0.0 0.0 0.0 0.0 0.0 0.0 0.0 0.0 0.0 0.0 0.0 0.0 WINDOW 
166.0 36.0 9 0.0 0.0 0.0 0.0 0.0 0.0 0.0 0.0 0.0 0.0 0.0 0.0 0.0 0.0 0.0 0.0 WINDOW 
216.0 151.0 9 0.0 0.0 0.16666667 0.2788867 0.11111113 0.17213261 0.11111111 0.0 0.33333334 0.0 -0.33333334 0.6666667 -0.33333334 0.33333334 0.22222222 -2.0943952 WINDOW 
180.0 141.0 9 0.0 0.0 0.055555563 0.13608278 0.055555556 0.13608277 0.037037037 0.0 0.11111111 0.0 -0.11111111 0.22222222 -0.11111111 0.11111111 0.11111111 -2.0943952 WINDOW 
189.0 62.0 9 0.0 0.0 0.38888893 0.2509241 0.44444442 0.3442651 7.6296296 5.0 13.111111 4.7777777 -7.888889 16.444445 -8.555555 13.111111 0.6359381 -2.0669532 WINDOW 
170.0 62.0 9 0.0 0.0 0.0 0.0 0.0 0.0 0.0 0.0 0.0 0.0 0.0 0.0 0.0 0.0 0.0 0.0 WINDOW 
245.0 140.0 9 0.0 0.0 0.16666666 0.27888668 0.6111111 0.7428674 0.4074074 0.22222222 0.7777778 0.22222222 -0.5555556 1.1111112 -0.5555556 0.7777778 0.24074075 -2.0943952 WINDOW 
183.0 91.0 9 0.0 0.0 2.666667 0.8944272 0.49999985 0.54772246 14.444445 11.0 21.0 11.333333 -10.333333 19.666666 -9.333333 21.0 0.47678283 -2.1284647 WINDOW 
173.0 152.0 9 0.0 0.0 0.0 0.0 0.0 0.0 0.0 0.0 0.0 0.0 0.0 0.0 0.0 0.0 0.0 0.0 WINDOW 
173.0 67.0 9 0.0 0.0 1.1111112 1.2412658 0.22222225 0.34426522 0.7407407 0.7777778 1.1111112 0.33333334 0.11111111 1.1111112 -1.2222222 1.1111112 0.23148148 -1.5126845 WINDOW 
183.0 139.0 9 0.0 0.0 0.16666667 0.18257418 0.22222221 0.27216554 1.3703704 0.8888889 3.2222223 0.0 -1.4444444 5.5555553 -4.111111 3.2222223 1.0 -1.8030714 WINDOW 
244.0 108.0 9 0.0 0.0 6.5 5.1022863 1.7222223 0.827759 23.703703 20.0 30.444445 20.666668 -11.111111 20.222221 -9.111111 30.444445 0.36533174 -2.1543908 WINDOW 
244.0 105.0 9 0.0 0.0 5.9444447 4.9234886 1.4999996 0.80966365 22.703703 19.11111 29.555555 19.444445 -10.777778 20.555555 -9.777778 29.555555 0.36449948 -2.1255476 WINDOW 
214.0 108.0 9 0.0 0.0 0.6666667 0.365148 0.6666667 0.29814258 16.925926 13.555555 23.444445 13.777778 -10.111111 19.555555 -9.444445 23.444445 0.42167473 -2.117648 WINDOW 
143.0 114.0 9 0.0 0.0 1.5 0.80966365 0.3888887 0.389682 27.185184 23.0 34.444447 24.11111 -12.555555 21.777779 -9.222222 34.444447 0.33188802 -2.196423 WINDOW 
218.0 115.0 9 0.0 0.0 0.944444 0.5340271 0.38888898 0.38968194 22.962963 19.444445 29.444445 20.0 -10.555555 19.444445 -8.888889 29.444445 0.33914888 -2.1486697 WINDOW 
139.0 113.0 9 0.0 0.0 0.94444436 0.9756285 0.666667 0.42163637 29.333334 24.88889 37.0 26.11111 -13.333333 23.0 -9.666667 37.0 0.32738453 -2.1998253 WINDOW 
206.0 133.0 9 0.0 0.0 0.055555556 0.13608277 0.055555556 0.13608277 0.37037036 0.0 1.1111112 0.0 -1.1111112 2.2222223 -1.1111112 1.1111112 1.0 -2.0943952 WINDOW 
233.0 105.0 9 0.0 0.0 6.277777 2.313408 0.9444445 0.742867 15.185185 12.666667 19.777779 13.111111 -7.5555553 13.777778 -6.2222223 19.777779 0.35376814 -2.1615713 WINDOW 
143.0 89.0 9 0.0 0.0 2.6666665 2.1908906 0.33333316 0.0 18.0 14.0 25.777779 14.222222 -12.0 23.333334 -11.333333 25.777779 0.45909294 -2.1130323 WINDOW 
156.0 79.0 9 0.0 0.11111111 1.9444443 2.4532669 4.7777777 3.4875438 14.185185 10.555555 20.555555 11.444445 -10.888889 19.11111 -8.222222 20.555555 0.4850439 -2.1758432 WINDOW 
204.0 131.0 9 0.0 0.0 0.11111111 0.17213261 0.11111111 0.17213261 0.22222222 0.0 0.6666667 0.0 -0.6666667 1.3333334 -0.6666667 0.6666667 0.6666667 -2.0943952 WINDOW 
219.0 80.0 9 0.0 0.0 2.0555556 2.9014688 2.9444444 1.0835476 14.481482 11.333333 20.333334 11.777778 -9.444445 17.555555 -8.111111 20.333334 0.43286037 -2.1389008 WINDOW 
163.0 131.0 9 0.0 0.0 0.16666669 0.18257421 0.27777776 0.25092423 1.5555556 0.8888889 3.6666667 0.11111111 -2.0 6.3333335 -4.3333335 3.6666667 0.9722222 -1.871048 WINDOW 
222.0 131.0 9 0.0 0.0 0.0 0.0 0.0 0.0 0.0 0.0 0.0 0.0 0.0 0.0 0.0 0.0 0.0 0.0 WINDOW 
252.0 137.0 9 0.0 0.0 0.88888884 0.544331 0.6111111 0.71232533 0.7407407 0.33333334 1.7777778 0.11111111 -1.2222222 3.1111112 -1.8888888 1.7777778 0.75 -2.0076063 WINDOW 
212.0 140.0 9 0.0 0.0 3.8333333 4.204495 0.66666657 0.6666667 2.8888888 2.6666667 3.3333333 2.6666667 -0.6666667 1.3333334 -0.6666667 3.3333333 0.06888328 -2.0943952 WINDOW 
211.0 130.0 9 0.0 0.0 0.0 0.0 0.0 0.0 0.0 0.0 0.0 0.0 0.0 0.0 0.0 0.0 0.0 0.0 WINDOW 
169.0 104.0 9 0.0 0.0 1.5555555 1.7722139 5.611111 2.2550344 18.518518 16.0 23.333334 16.222223 -7.5555553 14.444445 -6.888889 23.333334 0.31471258 -2.1139183 WINDOW 
166.0 135.0 9 0.0 0.0 0.44444442 0.2721655 0.22222221 0.4036867 1.4074074 0.7777778 3.3333333 0.11111111 -1.8888888 5.7777777 -3.8888888 3.3333333 0.9722222 -1.8807242 WINDOW 
229.0 104.0 9 0.0 0.0 0.49999985 0.54772234 2.8333333 2.0412421 19.777779 16.333334 26.11111 16.88889 -10.333333 19.0 -8.666667 26.11111 0.37553233 -2.1506376 WINDOW 
161.0 135.0 9 0.0 0.0 0.055555563 0.13608278 0.11111113 0.17213261 1.2592592 0.7777778 3.0 0.0 -1.4444444 5.2222223 -3.7777777 3.0 1.0 -1.8222142 WINDOW 
215.0 84.0 9 0.0 0.0 0.33333334 0.29814252 0.3888893 0.3277306 17.11111 13.0 24.777779 13.555555 -12.333333 23.0 -10.666667 24.777779 0.475 -2.1438966 WINDOW 
33.0 90.0 9 0.11111111 0.0 0.49999985 0.4082481 1.8333335 0.5477228 16.666666 11.888889 25.777779 12.333333 -14.333333 27.333334 -13.0 25.777779 0.53911555 -2.1259756 WINDOW 
195.0 119.0 9 0.0 0.11111111 3.611111 1.4050171 1.2222223 0.91084015 8.62963 5.888889 13.666667 6.3333335 -8.222222 15.111111 -6.888889 13.666667 0.58956474 -2.1427078 WINDOW 
61.0 92.0 9 0.0 0.0 1.2777777 1.0628407 0.55555534 0.6206325 17.25926 12.888889 25.777779 13.111111 -13.111111 25.555555 -12.444445 25.777779 0.49969473 -2.11184 WINDOW 
40.0 142.0 9 0.0 0.0 0.27777782 0.1360828 0.22222225 0.17213261 1.2222222 0.11111111 3.5555556 0.0 -3.3333333 7.0 -3.6666667 3.5555556 1.0 -2.0561552 WINDOW 
187.0 89.0 9 0.0 0.0 1.7777777 1.7469549 0.9444444 0.80046284 5.037037 2.8888888 9.555555 2.6666667 -6.4444447 13.555555 -7.111111 9.555555 0.74090356 -2.0653422 WINDOW 
58.0 113.0 9 0.0 0.0 3.4444447 1.2232318 0.7222223 0.38968182 20.851852 16.88889 28.444445 17.222223 -11.888889 22.777779 -10.888889 28.444445 0.4148072 -2.1256926 WINDOW 
38.0 134.0 9 0.0 0.0 0.16666667 0.18257421 0.33333334 0.2108186 1.037037 0.0 3.1111112 0.0 -3.1111112 6.2222223 -3.1111112 3.1111112 1.0 -2.0943952 WINDOW 
60.0 116.0 9 0.0 0.0 0.7222226 0.38968164 0.7777774 0.34426582 23.407408 19.333334 31.444445 19.444445 -12.222222 24.11111 -11.888889 31.444445 0.39214933 -2.1049783 WINDOW 
8.0 93.0 9 0.0 0.0 0.8333333 0.45946798 1.0555559 0.9289585 19.88889 15.111111 28.88889 15.666667 -14.333333 27.0 -12.666667 28.88889 0.48024568 -2.1362147 WINDOW 
