135.0 185.0 9 0.11111111 0.0 2.2222214 2.8100352 2.2777793 1.2895584 47.962963 44.11111 57.333332 42.444443 -11.555555 28.11111 -16.555555 57.333332 0.2591888 -1.9820988 PATH 
160.0 187.0 9 0.11111111 0.0 2.6111119 1.9369694 5.1111107 3.5381508 49.48148 44.666668 60.88889 42.88889 -14.444445 34.22222 -19.777779 60.88889 0.2973408 -1.9906267 PATH 
24.0 172.0 9 0.0 0.0 1.166667 0.9128703 9.777778 5.455545 42.037037 38.0 50.333332 37.77778 -12.111111 24.88889 -12.777778 50.333332 0.24983571 -2.143718 PATH 
70.0 177.0 9 0.0 0.0 2.166666 1.0697887 1.666666 1.173788 49.444443 45.0 61.0 42.333336 -13.333333 34.666668 -21.333334 61.0 0.30596185 -1.9426625 PATH 
252.0 201.0 9 0.0 0.0 4.6111107 5.495115 5.5555553 5.795274 40.296295 35.77778 49.0 36.11111 -13.555555 26.11111 -12.555555 49.0 0.2753682 -2.1758256 PATH 
180.0 186.0 9 0.11111111 0.0 1.5000013 1.7981453 1.9444441 1.7815933 49.62963 45.0 61.333332 42.555557 -13.888889 35.11111 -21.222221 61.333332 0.30616122 -1.9580852 PATH 
200.0 193.0 9 0.0 0.0 2.555556 2.0403337 4.6111107 3.5926886 41.185184 37.444443 50.0 36.11111 -11.222222 26.444445 -15.222222 50.0 0.27987626 -1.9958013 PATH 
174.0 188.0 9 0.0 0.0 2.8888886 2.8803291 3.6111107 2.23524 50.407406 45.444443 62.0 43.77778 -14.888889 34.77778 -19.88889 62.0 0.29399088 -1.9950715 PATH 
177.0 190.0 9 0.0 0.0 0.94444466 0.82775986 1.3888893 0.9525794 52.407406 47.333332 64.55556 45.333332 -15.222222 36.444443 -21.222221 64.55556 0.29773334 -1.9858987 PATH 
205.0 194.0 9 0.0 0.0 1.6111107 1.2003093 5.388889 3.0435104 41.296295 37.11111 50.444443 36.333336 -12.555555 27.444445 -14.888889 50.444443 0.28055963 -2.0375679 PATH 
71.0 197.0 9 0.0 0.0 2.7222233 1.8549237 4.555556 2.1464868 55.444443 49.11111 69.55556 47.666668 -19.0 42.333332 -23.333334 69.55556 0.31473875 -2.0243213 PATH 
86.0 197.0 9 0.11111111 0.11111111 1.611112 1.4516907 1.2777786 1.1038647 63.22222 56.22222 77.77778 55.666668 -21.0 43.666668 -22.666666 77.77778 0.28533262 -2.06802 PATH 
147.0 193.0 9 0.0 0.0 6.6111126 3.6050377 7.055556 5.4095254 51.74074 46.555557 63.0 45.666668 -15.555555 33.77778 -18.222221 63.0 0.27526647 -2.0801742 PATH 
189.0 184.0 9 0.0 0.11111111 1.666666 0.84327394 2.7777774 2.0073938 50.592594 45.88889 62.333332 43.555557 -14.111111 35.22222 -21.11111 62.333332 0.30094525 -1.9644797 PATH 
52.0 196.0 9 0.0 0.0 1.4444447 1.3277662 6.777777 4.1881666 46.074074 40.444443 57.11111 40.666668 -16.88889 33.11111 -16.222221 57.11111 0.29404518 -2.1056774 PATH 
137.0 190.0 9 0.0 0.0 2.055556 0.7428677 2.277778 1.4050181 60.444443 53.444443 75.55556 52.333332 -21.0 45.333332 -24.333334 75.55556 0.30879894 -2.0436168 PATH 
178.0 183.0 9 0.11111111 0.0 2.7222214 2.398302 4.6666665 3.6998506 55.74074 49.666668 69.66667 47.88889 -18.222221 41.77778 -23.555555 69.66667 0.31236586 -2.0051956 PATH 
10.0 207.0 9 0.0 0.0 2.61111 1.3066788 3.1111119 3.0086293 52.11111 46.0 64.88889 45.444443 -18.333334 38.333332 -20.0 64.88889 0.29928485 -2.0633535 PATH 
143.0 186.0 9 0.0 0.0 2.3333333 2.3190036 2.7777774 2.5268927 54.962963 49.11111 67.88889 47.88889 -17.555555 38.77778 -21.222221 67.88889 0.2962514 -2.0286176 PATH 
53.0 198.0 9 0.0 0.0 1.7222233 1.8549244 5.111111 1.6009259 51.666668 45.555557 64.22222 45.22222 -18.333334 37.666668 -19.333334 64.22222 0.29970714 -2.0726159 PATH 
201.0 183.0 9 0.0 0.0 1.888888 1.9167883 2.333334 1.7888557 52.62963 47.444443 65.111115 45.333332 -15.555555 37.444443 -21.88889 65.111115 0.3037197 -1.9819108 PATH 
198.0 185.0 9 0.0 0.0 1.3333346 1.2292717 2.5 1.656637 50.22222 45.444443 61.333332 43.88889 -14.333333 33.333332 -19.0 61.333332 0.28555444 -2.0071752 PATH 
93.0 190.0 9 0.0 0.0 5.5000014 1.8226972 2.6111114 3.234651 53.592594 47.333332 66.88889 46.555557 -18.777779 39.88889 -21.11111 66.88889 0.3036015 -2.052546 PATH 
249.0 173.0 9 0.11111111 0.0 1.6666654 1.6465437 3.6111107 2.1125717 55.185184 48.555557 69.55556 47.444443 -19.88889 43.11111 -23.222221 69.55556 0.32108474 -2.0417202 PATH 
61.0 202.0 9 0.0 0.0 2.2777774 1.8787305 1.8888887 1.0036967 61.62963 55.0 76.0 53.88889 -19.88889 43.11111 -23.222221 76.0 0.29352704 -2.0435379 PATH 
18.0 209.0 9 0.0 0.11111111 2.6111119 0.7123263 4.555556 2.6722174 48.77778 43.0 60.77778 42.555557 -17.333334 36.0 -18.666666 60.77778 0.30298224 -2.0669804 PATH 
247.0 174.0 9 0.11111111 0.0 3.1111107 2.68052 3.1666667 1.545604 56.185184 49.444443 70.88889 48.22222 -20.222221 44.11111 -23.88889 70.88889 0.3230207 -2.0373507 PATH 
105.0 193.0 9 0.0 0.0 3.222222 1.9051597 2.8888893 2.1773255 60.11111 53.11111 75.111115 52.11111 -21.0 45.0 -24.0 75.111115 0.30846536 -2.047766 PATH 
93.0 195.0 9 0.0 0.0 1.833334 1.2064636 4.0555553 2.1230652 61.592594 54.666668 76.66667 53.444443 -20.777779 45.22222 -24.444445 76.66667 0.30559286 -2.0371156 PATH 
251.0 173.0 9 0.11111111 0.0 2.1666672 1.8348475 2.3888881 1.2367805 56.77778 49.88889 71.55556 48.88889 -20.666666 44.333332 -23.666666 71.55556 0.3183665 -2.048199 PATH 
56.0 196.0 9 0.0 0.0 2.38889 1.4207458 4.444445 4.3902254 50.074074 44.333332 62.22222 43.666668 -17.222221 36.444443 -19.222221 62.22222 0.2979628 -2.0547533 PATH 
32.0 206.0 9 0.0 0.11111111 2.8333328 1.7732568 5.611111 2.8080564 57.62963 50.444443 72.111115 50.333332 -21.555555 43.444443 -21.88889 72.111115 0.30568013 -2.0859342 PATH 
139.0 185.0 9 0.0 0.0 1.9999994 0.63245475 1.222222 1.9051588 59.148148 52.22222 73.44444 51.77778 -20.777779 42.88889 -22.11111 73.44444 0.29643956 -2.0738695 PATH 
96.0 193.0 9 0.0 0.0 1.3333327 1.115547 1.8333327 1.8469193 62.703705 54.77778 78.77778 54.555557 -23.777779 48.22222 -24.444445 78.77778 0.310288 -2.0849354 PATH 
36.0 207.0 9 0.0 0.0 2.722222 3.1792145 6.444444 2.8021147 56.814816 50.444443 70.111115 49.88889 -19.11111 39.88889 -20.777779 70.111115 0.2906682 -2.0627244 PATH 
190.0 186.0 9 0.0 0.11111111 2.722222 2.2451591 6.0555553 2.8159592 50.074074 45.666668 60.22222 44.333332 -13.222222 30.444445 -17.222221 60.22222 0.26619545 -2.0288115 PATH 
139.0 187.0 9 0.0 0.0 2.055556 1.1238163 1.8333334 1.0697875 60.444443 53.666668 74.77778 52.88889 -20.333334 43.0 -22.666666 74.77778 0.29269224 -2.0582106 PATH 
218.0 178.0 9 0.11111111 0.0 0.8333327 0.54772234 1.1111094 0.5443307 59.62963 52.444443 75.22222 51.22222 -21.555555 46.77778 -25.222221 75.22222 0.31899637 -2.0405545 PATH 
100.0 194.0 9 0.0 0.0 1.722222 2.5941534 3.2222233 1.5006163 61.555557 54.77778 76.22222 53.666668 -20.333334 44.0 -23.666666 76.22222 0.29590768 -2.0427177 PATH 
38.0 200.0 9 0.0 0.0 3.4444447 2.125681 3.4444454 1.2049289 55.962963 49.0 70.22222 48.666668 -20.88889 42.77778 -21.88889 70.22222 0.3098264 -2.080206 PATH 
115.0 195.0 9 0.0 0.0 3.833334 2.9571006 3.9444447 1.7051116 57.11111 51.333332 70.111115 49.88889 -17.333334 39.0 -21.666666 70.111115 0.28835976 -2.015595 PATH 
124.0 191.0 9 0.0 0.0 3.5000007 2.7386136 3.277778 2.8001328 59.74074 52.88889 74.77778 51.555557 -20.555555 45.11111 -24.555555 74.77778 0.31361094 -2.03548 PATH 
225.0 181.0 9 0.0 0.0 1.1666666 0.86281204 1.8333327 1.3291602 55.333332 49.0 68.77778 48.22222 -19.0 40.333332 -21.333334 68.77778 0.30000642 -2.0531886 PATH 
138.0 188.0 9 0.0 0.0 2.0555565 1.3567389 1.1111113 0.75030893 60.333332 53.555557 74.888885 52.555557 -20.333334 43.666668 -23.333334 74.888885 0.29951125 -2.047211 PATH 
18.0 204.0 9 0.0 0.0 2.5555553 1.2049277 2.7777774 1.1482679 57.88889 51.444443 72.0 50.22222 -19.333334 42.333332 -23.0 72.0 0.30252522 -2.0385435 PATH 
86.0 193.0 9 0.0 0.0 3.2777793 1.6521593 2.222222 1.8094397 61.407406 53.666668 76.55556 54.0 -23.222221 45.444443 -22.222221 76.55556 0.29957896 -2.1093748 PATH 
175.0 188.0 9 0.0 0.0 2.9999993 2.5733685 2.3333328 1.2995725 55.77778 49.666668 69.111115 48.555557 -18.333334 40.0 -21.666666 69.111115 0.29629385 -2.0396667 PATH 
4.0 210.0 9 0.0 0.0 4.7222233 4.018937 5.722222 2.184966 49.74074 44.22222 62.22222 42.77778 -16.555555 37.444443 -20.88889 62.22222 0.3142778 -2.0144343 PATH 
153.0 192.0 9 0.0 0.0 3.3888893 1.7815926 7.444444 4.1347656 53.444443 47.333332 65.0 48.0 -18.333334 34.666668 -16.333334 65.0 0.27272084 -2.1641955 PATH 
45.0 205.0 9 0.0 0.0 1.9444453 2.1951118 3.333334 2.5298228 50.25926 44.88889 61.77778 44.11111 -16.11111 34.555557 -18.444445 61.77778 0.28757253 -2.0446525 PATH 
231.0 160.0 9 0.0 0.0 2.611111 8.240739 13.166667 139.85553 40.88889 34.11111 51.77778 36.77778 -20.333334 32.666668 -12.333333 51.77778 0.33961803 -2.335837 PATH 
214.0 161.0 9 0.0 0.0 3.7222223 0.72963357 11.5 18.922234 40.444443 35.333336 49.666668 36.333336 -15.333333 27.666666 -12.333333 49.666668 0.29805613 -2.198939 PATH 
204.0 161.0 9 0.0 0.0 1.2777799 0.5074075 9.222222 73.0963 44.074074 38.0 54.555557 39.666668 -18.222221 31.444445 -13.222222 54.555557 0.3081043 -2.2382925 PATH 
197.0 161.0 9 0.0 0.0 1.9999996 5.5555515 11.5 99.63333 42.37037 36.88889 51.666668 38.555557 -16.444445 27.88889 -11.444445 51.77778 0.27503988 -2.395566 PATH 
83.0 28.0 9 0.0 0.0 0.3888893 0.13608134 0.88888675 0.45542085 112.96296 99.44444 131.11111 108.333336 -40.555557 54.444443 -13.888889 131.11111 0.24151142 -2.3878844 SKY 
235.0 46.0 9 0.0 0.0 1.1666654 0.62360954 1.3333321 0.59628177 114.62963 100.888885 132.88889 110.111115 -41.22222 54.77778 -13.555555 132.88889 0.24072178 -2.395028 SKY 
37.0 61.0 9 0.0 0.0 0.6111107 0.49065334 0.555556 0.27216396 109.07407 95.111115 128.33334 103.77778 -41.88889 57.77778 -15.888889 128.33334 0.25886914 -2.3673959 SKY 
220.0 39.0 9 0.11111111 0.0 0.66666794 0.73029673 1.3333334 1.3333335 113.0 99.44444 131.11111 108.44444 -40.666668 54.333332 -13.666667 131.11111 0.24145858 -2.393564 SKY 
238.0 25.0 9 0.0 0.0 0.38888678 0.25092345 0.94444656 0.8277594 116.25926 103.666664 133.77779 111.333336 -37.77778 52.555557 -14.777778 133.77779 0.22497466 -2.3601954 SKY 
213.0 14.0 9 0.0 0.0 1.0555559 0.57413363 1.6666692 1.3333321 117.0 104.22222 134.11111 112.666664 -38.333332 51.333332 -13.0 134.11111 0.2228557 -2.3903835 SKY 
179.0 63.0 9 0.0 0.0 0.99999744 0.51639783 6.222223 5.6751566 105.59259 92.666664 123.22222 100.888885 -38.77778 52.88889 -14.111111 123.22222 0.2481359 -2.3752825 SKY 
102.0 30.0 9 0.0 0.0 0.94444656 0.8798158 0.6111107 0.7722024 125.40741 115.111115 141.0 120.111115 -30.88889 46.77778 -15.888889 141.0 0.18356538 -2.2959888 SKY 
228.0 20.0 9 0.0 0.0 1.0555547 0.49065518 0.8333333 0.7527733 125.0 114.0 140.55556 120.44444 -33.0 46.666668 -13.666667 140.55556 0.18889166 -2.348006 SKY 
1.0 45.0 9 0.0 0.0 0.88889056 0.45542085 1.1111132 0.45541877 122.85185 110.55556 140.0 118.0 -36.88889 51.444443 -14.555555 140.0 0.21017425 -2.3593597 SKY 
128.0 15.0 9 0.0 0.0 0.7777799 0.27216768 0.555556 0.6206318 129.25926 118.333336 144.0 125.44444 -32.77778 44.22222 -11.444445 144.0 0.17818023 -2.3824396 SKY 
145.0 33.0 9 0.0 0.0 0.8888893 0.27216268 0.88888806 0.6206336 124.55556 113.22222 140.88889 119.55556 -34.0 49.0 -15.0 140.88889 0.19629721 -2.3335373 SKY 
107.0 21.0 9 0.0 0.0 0.66666156 0.51639783 1.1666666 0.4082483 126.77778 115.77778 141.88889 122.666664 -33.0 45.333332 -12.333333 141.88889 0.18402189 -2.3703718 SKY 
254.0 57.0 9 0.0 0.0 0.9444402 0.7740701 1.3888906 1.0407445 135.77777 129.44444 146.66667 131.22223 -19.0 32.666668 -13.666667 146.66667 0.11873322 -2.1874216 SKY 
181.0 87.0 9 0.0 0.0 1.2222239 0.4740691 0.7777786 0.20740585 135.40741 127.888885 146.44444 131.88889 -22.555555 33.11111 -10.555555 146.44444 0.12657078 -2.312874 SKY 
64.0 19.0 9 0.0 0.0 0.9444453 0.15185343 1.6666718 0.31110966 137.77777 131.55556 146.44444 135.33334 -18.666666 26.0 -7.3333335 146.44444 0.10151485 -2.3586016 SKY 
245.0 18.0 9 0.0 0.0 1.0 1.0222217 1.1666692 0.21111068 137.88889 131.44444 147.88889 134.33334 -19.333334 30.0 -10.666667 147.88889 0.11121766 -2.27511 SKY 
193.0 35.0 9 0.0 0.0 0.27777863 0.28518325 0.7222214 0.28518334 136.48148 131.22223 146.22223 132.0 -15.777778 29.222221 -13.444445 146.22223 0.103336096 -2.146845 SKY 
172.0 31.0 9 0.0 0.0 0.7222214 0.4185166 0.6666641 0.7111098 136.40741 130.77779 145.44444 133.0 -16.88889 27.11111 -10.222222 145.44444 0.100709505 -2.2515037 SKY 
181.0 115.0 9 0.0 0.0 0.22222392 0.029630082 1.4444453 1.2296361 132.77777 123.22222 145.33334 129.77779 -28.666666 37.666668 -9.0 145.33334 0.15213422 -2.4054766 SKY 
252.0 27.0 9 0.0 0.0 1.2777761 0.59629273 0.99999744 0.5777743 136.2963 130.33334 145.55556 133.0 -17.88889 27.777779 -9.888889 145.55556 0.1044701 -2.2641287 SKY 
252.0 36.0 9 0.0 0.0 0.94444275 0.19630012 1.0 0.22221552 135.2963 128.55556 146.11111 131.22223 -20.222221 32.444443 -12.222222 146.11111 0.12003023 -2.247156 SKY 
225.0 22.0 9 0.0 0.0 0.8333333 0.25555903 0.7222214 0.1074089 137.96297 133.0 147.0 133.88889 -14.888889 27.11111 -12.222222 147.0 0.09518399 -2.1583037 SKY 
69.0 17.0 9 0.0 0.0 0.61111194 0.10740544 0.6666667 0.3111077 130.2963 120.77778 143.88889 126.22222 -28.555555 40.77778 -12.222222 143.88889 0.1606036 -2.3394933 SKY 
141.0 31.0 9 0.0 0.0 1.4444441 0.3851827 1.2222227 1.1851845 126.81481 117.111115 141.22223 122.111115 -29.11111 43.22222 -14.111111 141.22223 0.17071788 -2.310766 SKY 
84.0 40.0 9 0.0 0.0 1.1666641 0.16666654 1.2222214 2.1185126 127.40741 117.44444 142.22223 122.55556 -29.88889 44.444443 -14.555555 142.22223 0.17420864 -2.3087664 SKY 
9.0 72.0 9 0.0 0.0 0.7777774 0.562961 1.4999987 0.7444466 125.44444 114.111115 141.11111 121.111115 -34.0 47.0 -13.0 141.11111 0.19128962 -2.3661966 SKY 
239.0 32.0 9 0.0 0.0 0.7777786 0.20740789 1.5000013 1.1888878 121.44444 110.22222 138.11111 116.0 -33.666668 50.0 -16.333334 138.11111 0.2018977 -2.3093905 SKY 
96.0 13.0 9 0.0 0.0 0.8333308 0.47777966 0.55555725 0.20740579 131.77777 122.111115 144.77777 128.44444 -29.0 39.0 -10.0 144.77777 0.1565683 -2.386251 SKY 
115.0 75.0 9 0.0 0.0 0.9444453 0.774077 1.0555586 0.59629595 126.07407 115.888885 141.22223 121.111115 -30.555555 45.444443 -14.888889 141.22223 0.17935319 -2.309804 SKY 
115.0 39.0 9 0.0 0.0 0.7222226 0.06296253 1.2222176 0.47407454 127.07407 116.333336 142.44444 122.44444 -32.22222 46.11111 -13.888889 142.44444 0.18324198 -2.3360245 SKY 
143.0 24.0 9 0.0 0.0 1.2777773 0.9074056 0.88888806 1.1407489 127.62963 117.666664 141.66667 123.55556 -29.88889 42.11111 -12.222222 141.66667 0.16939692 -2.349252 SKY 
67.0 71.0 9 0.0 0.0 1.6666666 0.8888911 1.4999987 0.29999846 125.96296 115.55556 140.88889 121.44444 -31.222221 44.77778 -13.555555 140.88889 0.17967218 -2.339758 SKY 
251.0 24.0 9 0.0 0.0 1.1666666 0.9666646 1.6111094 0.41851908 121.62963 110.77778 137.77779 116.333336 -32.555557 48.444443 -15.888889 137.77779 0.19597653 -2.3079143 SKY 
224.0 63.0 9 0.0 0.0 0.77777606 0.29629365 0.66666794 0.17777742 120.22222 108.44444 137.55556 114.666664 -35.333332 52.0 -16.666666 137.55556 0.21148404 -2.3158848 SKY 
121.0 62.0 9 0.0 0.0 0.555556 0.20740756 1.111112 0.5629625 125.40741 116.333336 138.77779 121.111115 -27.222221 40.11111 -12.888889 138.77779 0.16165799 -2.315962 SKY 
36.0 21.0 9 0.0 0.0 0.99999744 0.7999939 1.3333334 0.48888856 129.85185 120.666664 142.55556 126.333336 -27.555555 38.11111 -10.555555 142.55556 0.15349694 -2.364884 SKY 
31.0 42.0 9 0.11111111 0.0 1.2777773 0.68518394 0.944444 0.7740725 127.03704 117.0 141.77779 122.333336 -30.11111 44.22222 -14.111111 141.77779 0.17463355 -2.3144195 SKY 
204.0 12.0 9 0.0 0.0 0.7777774 0.51851887 1.7777786 0.78518295 127.44444 115.55556 143.11111 123.666664 -35.666668 47.0 -11.333333 143.11111 0.19251962 -2.4029171 SKY 
27.0 62.0 9 0.0 0.0 1.111112 0.5629644 1.6666692 1.3333359 125.333336 115.77778 139.44444 120.77778 -28.666666 42.333332 -13.666667 139.44444 0.16963542 -2.3142316 SKY 
168.0 13.0 9 0.11111111 0.0 1.3333308 0.44444528 1.3333334 0.40000203 130.40741 119.666664 145.44444 126.111115 -32.22222 45.11111 -12.888889 145.44444 0.17719091 -2.3552437 SKY 
78.0 72.0 9 0.0 0.0 1.111112 1.0074095 1.0555586 0.7296313 125.55556 115.333336 140.55556 120.77778 -30.666666 45.0 -14.333333 140.55556 0.17933026 -2.3208396 SKY 
103.0 39.0 9 0.0 0.0 0.49999747 0.29999694 1.1111107 0.42962748 127.51852 116.55556 142.88889 123.111115 -32.88889 46.11111 -13.222222 142.88889 0.18426341 -2.352961 SKY 
112.0 35.0 9 0.0 0.0 1.1111107 1.229632 1.4444441 0.82963103 127.55556 117.44444 142.55556 122.666664 -30.333334 45.0 -14.666667 142.55556 0.17608316 -2.311049 SKY 
206.0 57.0 9 0.0 0.0 1.0555573 0.19629708 0.8888893 0.34074333 122.333336 111.333336 139.0 116.666664 -33.0 50.0 -17.0 139.0 0.19892381 -2.2971735 SKY 
217.0 45.0 9 0.11111111 0.0 0.88888806 0.20740764 1.5555573 0.8296282 121.51852 111.111115 137.33334 116.111115 -31.222221 47.444443 -16.222221 137.33334 0.19091243 -2.292668 SKY 
68.0 80.0 9 0.0 0.0 1.1666666 0.16666552 1.7222239 1.7074076 111.07407 102.888885 127.333336 103.0 -24.555555 48.77778 -24.222221 127.333336 0.19805206 -2.0986974 SKY 
248.0 13.0 9 0.0 0.0 0.7777786 0.20740782 1.111112 0.29629365 104.111115 88.22222 128.44444 95.666664 -47.666668 73.0 -25.333334 128.44444 0.31315902 -2.2870803 SKY 
184.0 44.0 9 0.0 0.0 0.50000125 0.12222207 1.0 0.7555569 99.0 85.0 121.44444 90.55556 -42.0 67.333336 -25.333334 121.44444 0.30001867 -2.2545414 SKY 
79.0 62.0 9 0.0 0.0 0.555556 0.3851839 0.88888675 0.60740507 110.18519 100.666664 127.111115 102.77778 -28.555555 50.77778 -22.222221 127.111115 0.20801263 -2.178149 SKY 
167.0 45.0 9 0.0 0.0 0.944444 0.7296285 0.61110944 0.2851846 101.22222 87.111115 124.0 92.55556 -42.333332 68.333336 -26.0 124.0 0.29741433 -2.2478156 SKY 
151.0 57.0 9 0.0 0.0 1.0555559 0.7740706 1.6111094 0.41851655 100.44444 86.22222 122.22222 92.888885 -42.666668 65.333336 -22.666666 122.22222 0.29451475 -2.2881315 SKY 
53.0 53.0 9 0.0 0.0 1.0000013 0.44444403 1.1111094 0.42962876 113.14815 104.333336 130.22223 104.888885 -26.444445 51.22222 -24.777779 130.22223 0.20048407 -2.117007 SKY 
48.0 81.0 9 0.0 0.0 0.6111107 0.24074274 0.88889056 0.42962864 112.92593 105.666664 128.88889 104.22222 -21.777779 47.88889 -26.11111 128.88889 0.19307978 -2.0334873 SKY 
169.0 117.0 9 0.0 0.0 1.222222 0.6206324 1.111111 1.2938602 31.25926 27.444445 39.0 27.333334 -11.444445 23.222221 -11.777778 39.0 0.30714995 -2.0889142 CEMENT 
152.0 98.0 9 0.0 0.0 7.0000014 3.8873014 1.0555559 0.7722023 28.777779 24.88889 37.11111 24.333334 -11.666667 25.0 -13.333333 37.11111 0.34639803 -2.0429404 CEMENT 
118.0 111.0 9 0.0 0.0 1.2222227 1.0470412 0.55555534 0.27216536 62.25926 56.444443 75.333336 55.0 -17.444445 39.22222 -21.777779 75.333336 0.2692176 -2.014126 CEMENT 
80.0 77.0 9 0.0 0.0 1.388888 1.0628399 0.6666667 0.5577739 59.11111 51.11111 74.0 52.22222 -24.0 44.666668 -20.666666 74.0 0.31068987 -2.1430485 CEMENT 
179.0 133.0 9 0.0 0.0 2.3888886 2.3796985 0.8888893 0.7503084 36.77778 32.0 46.333332 32.0 -14.333333 28.666666 -14.333333 46.333332 0.3133975 -2.091572 CEMENT 
241.0 70.0 9 0.0 0.0 1.0555559 0.71232605 4.1111107 2.7541208 39.962963 36.444443 48.333332 35.11111 -10.555555 25.11111 -14.555555 48.333332 0.27405116 -1.9904121 CEMENT 
38.0 94.0 9 0.11111111 0.0 1.3888906 1.0417213 0.88888806 0.7793629 68.111115 61.11111 82.66667 60.555557 -21.0 43.666668 -22.666666 82.66667 0.26725835 -2.0685365 CEMENT 
136.0 45.0 9 0.0 0.0 1.222222 1.5444059 2.0555553 1.5263131 53.074074 48.11111 63.77778 47.333332 -14.888889 32.11111 -17.222221 63.77778 0.25936732 -2.0459049 CEMENT 
109.0 76.0 9 0.0 0.0 1.5000006 0.69121444 0.3888887 0.32773072 51.77778 47.666668 61.555557 46.11111 -12.333333 29.333334 -17.0 61.555557 0.25070548 -1.9899223 CEMENT 
193.0 125.0 9 0.0 0.0 5.055556 2.550962 1.9444447 1.8787314 37.444443 32.333336 47.555557 32.444447 -15.333333 30.333334 -15.0 47.555557 0.3218254 -2.1006875 CEMENT 
40.0 17.0 9 0.0 0.0 1.2777761 0.95258045 1.4444453 1.1088861 70.51852 62.444443 86.55556 62.555557 -24.222221 48.11111 -23.88889 86.55556 0.28623843 -2.098521 CEMENT 
153.0 116.0 9 0.0 0.0 3.2777777 2.4713163 1.1111107 0.8344438 29.444445 25.0 38.333336 25.0 -13.333333 26.666666 -13.333333 38.333336 0.35575584 -2.0907812 CEMENT 
139.0 115.0 9 0.11111111 0.0 2.1111107 0.95839214 0.7222214 0.6469293 46.74074 42.444443 56.333332 41.444443 -12.888889 28.777779 -15.888889 56.333332 0.2641149 -2.0211253 CEMENT 
153.0 78.0 9 0.0 0.0 9.388889 5.6702604 2.9444444 3.517681 30.296297 27.11111 37.444443 26.333334 -9.555555 21.444445 -11.888889 37.444443 0.30020806 -2.0177794 CEMENT 
102.0 50.0 9 0.0 0.0 1.611112 1.0628405 1.333334 0.8692274 60.851852 53.0 75.77778 53.77778 -23.555555 44.77778 -21.222221 75.77778 0.30477422 -2.1294794 CEMENT 
45.0 121.0 9 0.0 0.0 2.0555573 1.2546208 6.6111107 2.678445 54.962963 47.77778 68.66667 48.444443 -21.555555 41.11111 -19.555555 68.66667 0.3071933 -2.1269433 CEMENT 
148.0 109.0 9 0.0 0.0 0.99999934 1.2110597 1.222222 0.6554618 49.407406 42.555557 62.88889 42.77778 -20.555555 40.444443 -19.88889 62.88889 0.32513812 -2.105478 CEMENT 
57.0 42.0 9 0.0 0.0 2.333334 0.8692256 0.99999875 0.69920623 37.444443 32.77778 47.77778 31.777779 -14.0 31.0 -17.0 47.77778 0.3346618 -2.029552 CEMENT 
74.0 127.0 9 0.0 0.0 4.8333335 3.6499624 1.6666666 1.2472203 45.25926 39.444443 57.333332 39.0 -17.444445 36.22222 -18.777779 57.333332 0.31732458 -2.061036 CEMENT 
51.0 111.0 9 0.0 0.0 16.222223 16.443394 0.44444498 0.34426522 34.11111 30.333334 42.22222 29.777779 -11.333333 24.333334 -13.0 42.22222 0.29035455 -2.0057423 CEMENT 
187.0 75.0 9 0.0 0.0 1.5555559 0.9108403 5.6666665 4.8027763 39.703705 35.77778 48.22222 35.11111 -11.777778 25.555555 -13.777778 48.22222 0.27505925 -2.036435 CEMENT 
157.0 20.0 9 0.0 0.0 1.3333334 0.7601168 4.944444 4.479171 35.48148 32.0 42.77778 31.666666 -10.444445 21.88889 -11.444445 42.77778 0.26195785 -2.045203 CEMENT 
245.0 110.0 9 0.0 0.0 4.88889 3.4426522 1.7777783 1.8094413 34.11111 29.11111 44.444443 28.777779 -15.0 31.0 -16.0 44.444443 0.35354832 -2.0686526 CEMENT 
189.0 68.0 9 0.0 0.0 1.6666666 1.619327 1.1111113 1.344399 38.592594 38.333336 42.333336 35.11111 -0.7777778 11.222222 -10.444445 42.333336 0.17044854 -1.6248463 CEMENT 
199.0 120.0 9 0.0 0.0 5.777777 4.9516163 0.944444 0.4430521 51.074074 48.22222 59.22222 45.77778 -8.555555 24.444445 -15.888889 59.22222 0.2246171 -1.8964247 CEMENT 
221.0 69.0 9 0.0 0.0 1.5555553 0.8073722 0.7222226 0.85418403 36.962963 36.666668 40.22222 34.0 -0.8888889 9.777778 -8.888889 40.22222 0.15409406 -1.6401336 CEMENT 
179.0 69.0 9 0.0 0.0 0.72222203 0.4906537 0.944444 0.7428667 40.666668 40.88889 44.555557 36.555557 0.6666667 11.666667 -12.333333 44.555557 0.17869009 -1.5187606 CEMENT 
162.0 66.0 9 0.0 0.0 2.055556 0.95258 9.222221 7.073164 42.592594 41.0 47.77778 39.0 -4.7777777 15.555555 -10.777778 47.77778 0.18499897 -1.8380795 CEMENT 
243.0 120.0 9 0.0 0.0 4.4444447 4.359749 1.5555547 1.8338387 47.851852 44.77778 56.333332 42.444443 -9.222222 25.444445 -16.222221 56.333332 0.2453213 -1.9107349 CEMENT 
155.0 127.0 9 0.0 0.0 2.1666667 1.7094507 15.388888 4.144167 36.51852 35.88889 41.0 32.666668 -1.8888888 13.444445 -11.555555 41.0 0.2045359 -1.6767696 CEMENT 
146.0 97.0 9 0.0 0.0 10.111111 4.597905 0.6111107 0.5741327 47.962963 46.0 54.333332 43.555557 -5.888889 19.11111 -13.222222 54.333332 0.19711515 -1.8407352 CEMENT 
174.0 96.0 9 0.22222222 0.0 2.2222226 0.6885298 0.944444 0.8798158 55.148148 54.11111 61.0 50.333332 -3.1111112 17.555555 -14.444445 61.0 0.17457852 -1.7204678 CEMENT 
177.0 76.0 9 0.0 0.0 1.3888893 1.3567389 15.0 11.481388 29.814816 28.666666 33.444447 27.333334 -3.4444444 10.888889 -7.4444447 33.444447 0.20066153 -1.9036244 CEMENT 
216.0 78.0 9 0.0 0.0 1.333333 0.3555547 4.3333335 6.355548 36.11111 31.333334 46.0 31.0 -14.333333 29.666666 -15.333333 46.0 0.33970988 -2.053834 CEMENT 
190.0 105.0 9 0.0 0.0 1.8888893 2.2962983 2.166666 1.6777797 45.74074 41.22222 56.333332 39.666668 -13.555555 31.777779 -18.222221 56.333332 0.29599184 -1.9960818 CEMENT 
104.0 129.0 9 0.0 0.0 19.277777 28.907421 1.1111107 1.0962967 37.88889 33.11111 47.444443 33.11111 -14.333333 28.666666 -14.333333 47.444443 0.3206125 -2.097799 CEMENT 
120.0 124.0 9 0.0 0.0 8.999999 112.57778 11.166668 184.5222 53.77778 49.0 64.44444 47.88889 -14.333333 32.0 -17.666666 64.44444 0.26124597 -2.0173788 CEMENT 
185.0 85.0 9 0.0 0.0 9.277779 81.485176 2.8333328 9.188898 49.148148 45.0 59.555557 42.88889 -12.444445 31.222221 -18.777779 59.555557 0.27872574 -1.9542203 CEMENT 
183.0 105.0 9 0.0 0.0 2.1111095 1.1407399 0.77777606 0.65185165 65.55556 60.0 78.77778 57.88889 -16.666666 39.666668 -23.0 78.77778 0.26498562 -1.9894751 CEMENT 
164.0 83.0 9 0.11111111 0.0 2.5 6.077768 1.5555559 0.78518397 66.25926 60.22222 79.66667 58.88889 -18.11111 40.22222 -22.11111 79.66667 0.26032928 -2.0277708 CEMENT 
97.0 123.0 9 0.0 0.0 1.5555553 1.0962937 13.222221 108.74074 52.814816 48.0 64.111115 46.333332 -14.444445 33.88889 -19.444445 64.111115 0.2805935 -1.9941053 CEMENT 
198.0 127.0 9 0.0 0.0 2.4444444 4.385187 8.555555 59.54075 40.74074 38.0 48.22222 36.0 -8.222222 22.444445 -14.222222 48.22222 0.24899939 -1.9083478 CEMENT 
168.0 77.0 9 0.0 0.0 0.88888866 1.2740752 1.5555553 1.5851847 59.555557 54.22222 71.333336 53.11111 -16.0 35.333332 -19.333334 71.333336 0.25532874 -2.030875 CEMENT 
73.0 105.0 9 0.0 0.0 2.1111114 1.0962937 1.1666666 0.52222216 58.62963 53.333332 70.333336 52.22222 -15.888889 35.11111 -19.222221 70.333336 0.25904787 -2.032243 CEMENT 
198.0 122.0 9 0.0 0.0 1.5 0.8777781 11.444446 103.762955 36.185184 32.666668 44.0 31.88889 -10.555555 23.444445 -12.888889 44.0 0.29184964 -2.035377 CEMENT 
99.0 103.0 9 0.0 0.0 1.0 0.40000102 0.8333359 0.43333372 64.44444 58.333332 78.111115 56.88889 -18.333334 41.0 -22.666666 78.111115 0.271568 -2.022581 CEMENT 
185.0 118.0 9 0.0 0.0 14.444446 182.29631 1.1666666 1.0555547 55.074074 50.11111 66.333336 48.77778 -14.888889 33.77778 -18.88889 66.333336 0.26555753 -2.0071168 CEMENT 
160.0 73.0 9 0.11111111 0.0 0.944444 0.32963002 0.7777774 0.6518517 58.814816 54.0 70.111115 52.333332 -14.444445 33.88889 -19.444445 70.111115 0.25336418 -1.9969074 CEMENT 
206.0 105.0 9 0.0 0.0 0.27777734 0.06296308 0.61111134 0.15185204 50.185184 45.666668 60.88889 44.0 -13.555555 32.11111 -18.555555 60.88889 0.27710575 -1.9919642 CEMENT 
83.0 83.0 9 0.11111111 0.0 0.7777786 0.7851843 1.666666 3.1111119 49.851852 46.0 59.555557 44.0 -11.555555 29.11111 -17.555555 59.555557 0.26060534 -1.958524 CEMENT 
133.0 108.0 9 0.0 0.0 0.777777 0.74074006 22.444443 104.91862 45.592594 41.22222 55.444443 40.11111 -13.111111 29.555555 -16.444445 55.444443 0.27598566 -2.0155542 CEMENT 
219.0 80.0 9 0.0 0.0 1.2777767 0.3296295 0.6666667 0.9333318 39.703705 36.333336 48.22222 34.555557 -10.111111 25.555555 -15.444445 48.22222 0.28296396 -1.9626464 CEMENT 
245.0 78.0 9 0.11111111 0.0 1.888889 1.0074077 4.0555553 5.662962 30.185184 25.11111 40.333336 25.11111 -15.222222 30.444445 -15.222222 40.333336 0.39203387 -2.0666955 CEMENT 
252.0 82.0 9 0.0 0.0 1.0555547 0.41851985 0.77777797 0.47407353 38.88889 34.555557 48.444443 33.666668 -13.0 28.666666 -15.666667 48.444443 0.3038762 -2.028043 CEMENT 
236.0 102.0 9 0.0 0.0 1.0555559 0.06296285 1.7777792 1.229628 51.703705 46.22222 64.333336 44.555557 -16.444445 37.88889 -21.444445 64.333336 0.30700684 -2.0098543 CEMENT 
47.0 232.0 9 0.0 0.0 1.2777778 1.254621 1.0 0.8944273 12.703704 11.0 9.0 18.11111 -5.111111 -11.111111 16.222221 18.11111 0.50096595 1.875362 GRASS 
138.0 203.0 9 0.0 0.0 1.666667 1.6465453 2.2777781 1.8787308 11.259259 8.777778 8.111112 16.88889 -7.4444447 -9.444445 16.88889 16.88889 0.53894526 2.019747 GRASS 
184.0 197.0 9 0.0 0.0 3.0555553 3.2551951 4.5555553 2.7460418 11.962963 8.888889 9.555555 17.444445 -9.222222 -7.2222223 16.444445 17.444445 0.51518697 2.164262 GRASS 
34.0 164.0 9 0.0 0.0 0.888889 0.40368673 1.2777778 0.49065349 11.333333 9.222222 10.333334 14.444445 -6.3333335 -3.0 9.333333 14.444445 0.367923 2.291118 GRASS 
10.0 223.0 9 0.11111111 0.0 1.5000001 1.0697871 3.555556 2.9489486 15.037037 13.777778 12.888889 18.444445 -3.7777777 -6.4444447 10.222222 18.444445 0.33066535 1.9109454 GRASS 
29.0 195.0 9 0.0 0.0 0.44444433 0.40368652 0.61111087 0.6804136 16.037037 14.444445 13.333333 20.333334 -4.7777777 -8.111111 12.888889 20.333334 0.34230694 1.9430399 GRASS 
29.0 184.0 9 0.0 0.0 1.6111107 1.0628402 2.6666667 1.8973663 13.62963 11.444445 11.333333 18.11111 -6.5555553 -6.888889 13.444445 18.11111 0.3876632 2.080445 GRASS 
73.0 164.0 9 0.0 0.0 0.94444436 0.5741329 1.888889 1.0470407 23.148148 21.777779 19.11111 28.555555 -4.111111 -12.111111 16.222221 28.555555 0.330345 1.7983025 GRASS 
238.0 162.0 9 0.22222222 0.0 0.94444466 0.7123257 2.666667 0.73029745 19.0 15.777778 17.333334 23.88889 -9.666667 -5.0 14.666667 23.88889 0.34003016 2.2914152 GRASS 
221.0 195.0 9 0.0 0.0 1.2222223 1.408966 2.9444447 1.5263131 14.740741 11.666667 12.444445 20.11111 -9.222222 -6.888889 16.11111 20.11111 0.43448815 2.1937644 GRASS 
140.0 161.0 9 0.0 0.0 0.27777767 0.3277306 0.7777777 0.6206328 15.740741 12.444445 14.333333 20.444445 -9.888889 -4.2222223 14.111111 20.444445 0.39095718 2.3451326 GRASS 
68.0 172.0 9 0.0 0.0 1.0555553 1.0628396 2.3333337 1.6996722 30.11111 24.555555 30.11111 35.666668 -16.666666 0.0 16.666666 35.666668 0.31229463 2.6178014 GRASS 
221.0 201.0 9 0.11111111 0.0 1.4444443 1.1287485 2.4444447 0.8344436 19.148148 14.666667 17.666668 25.11111 -13.444445 -4.4444447 17.88889 25.11111 0.41676173 2.389747 GRASS 
145.0 152.0 9 0.0 0.0 0.72222203 1.1434193 2.7777774 1.1088861 25.037037 19.666668 25.777779 29.666666 -16.11111 2.2222223 13.888889 29.666666 0.337989 2.7311342 GRASS 
63.0 158.0 9 0.11111111 0.0 0.99999934 1.0540929 1.888889 1.29386 22.185184 16.444445 22.222221 27.88889 -17.222221 0.11111111 17.11111 27.88889 0.41181073 2.6247067 GRASS 
168.0 209.0 9 0.0 0.0 1.3333334 0.6666665 0.7222217 0.7123257 22.518518 17.666668 20.88889 29.0 -14.555555 -4.888889 19.444445 29.0 0.39033788 2.3893912 GRASS 
160.0 168.0 9 0.0 0.0 1.5 1.1498789 0.6666663 0.47140402 25.11111 20.88889 23.0 31.444445 -12.666667 -6.3333335 19.0 31.444445 0.33538613 2.302124 GRASS 
204.0 156.0 9 0.0 0.0 0.5000003 0.27888626 1.9999996 0.55777323 23.703703 17.333334 25.444445 28.333334 -19.11111 5.2222223 13.888889 28.333334 0.38903406 2.8649306 GRASS 
111.0 246.0 9 0.0 0.0 3.166667 2.0949678 5.833334 4.113663 25.88889 21.11111 22.444445 34.11111 -14.333333 -10.333333 24.666666 34.11111 0.38897294 2.2140112 GRASS 
115.0 183.0 9 0.0 0.0 1.055555 0.7722019 4.722222 1.0201681 19.851852 14.555555 19.0 26.0 -15.888889 -2.5555556 18.444445 26.0 0.44994184 2.5068066 GRASS 
236.0 240.0 9 0.0 0.0 2.5555553 1.6688874 3.3888886 2.4532666 22.481482 19.555555 19.777779 28.11111 -8.777778 -8.111111 16.88889 28.11111 0.329382 2.1418114 GRASS 
251.0 215.0 9 0.11111111 0.0 1.5000001 2.0333328 2.777778 2.518517 12.407408 9.222222 11.555555 16.444445 -9.555555 -2.5555556 12.111111 16.444445 0.4410489 2.437819 GRASS 
224.0 242.0 9 0.0 0.0 1.8888888 0.829629 2.222222 3.2740743 11.740741 8.666667 10.777778 15.777778 -9.222222 -2.8888888 12.111111 15.777778 0.45454717 2.386597 GRASS 
21.0 216.0 9 0.11111111 0.0 3.833333 0.69999796 0.8333333 0.47777775 16.555555 13.111111 14.0 22.555555 -10.333333 -7.6666665 18.0 22.555555 0.426777 2.2093086 GRASS 
160.0 210.0 9 0.0 0.0 1.611111 1.129629 1.222222 1.0074075 17.481482 13.777778 16.0 22.666666 -11.111111 -4.4444447 15.555555 22.666666 0.40393806 2.3864515 GRASS 
159.0 180.0 9 0.11111111 0.0 1.5555557 0.87407404 3.277778 3.3962972 21.25926 18.11111 18.11111 27.555555 -9.444445 -9.444445 18.88889 27.555555 0.3588616 2.1139183 GRASS 
115.0 202.0 9 0.11111111 0.0 1.611111 0.24074046 2.388889 2.596295 15.148149 11.666667 14.0 19.777779 -10.444445 -3.4444444 13.888889 19.777779 0.40993193 2.401137 GRASS 
244.0 211.0 9 0.0 0.0 1.6666666 1.3333334 2.0000002 2.311112 13.62963 10.777778 12.888889 17.222223 -8.555555 -2.2222223 10.777778 17.222223 0.3748065 2.441017 GRASS 
188.0 186.0 9 0.0 0.0 0.88888836 0.1629624 0.77777797 0.2074075 18.518518 15.333333 18.222221 22.0 -9.555555 -0.8888889 10.444445 22.0 0.30188268 2.5873964 GRASS 
116.0 211.0 9 0.0 0.0 1.722222 1.1296293 1.6111113 1.7074069 13.740741 11.111111 12.333333 17.777779 -7.888889 -4.2222223 12.111111 17.777779 0.37534603 2.2920406 GRASS 
164.0 178.0 9 0.22222222 0.0 1.3888887 0.86296487 2.5000002 1.4555563 23.814816 20.222221 21.11111 30.11111 -10.777778 -8.111111 18.88889 30.11111 0.32921228 2.1903052 GRASS 
111.0 235.0 9 0.0 0.0 1.6111107 1.3074071 2.7222216 2.5518525 15.62963 11.777778 15.888889 19.222221 -11.555555 0.7777778 10.777778 19.222221 0.3880957 2.6707714 GRASS 
80.0 184.0 9 0.0 0.0 3.444444 11.851854 4.166667 5.8555503 17.62963 13.555555 17.11111 22.222221 -12.222222 -1.5555556 13.777778 22.222221 0.39835298 2.524273 GRASS 
117.0 246.0 9 0.0 0.0 2.277778 5.6185174 2.6666665 5.866666 15.444445 12.0 14.333333 20.0 -10.333333 -3.3333333 13.666667 20.0 0.3959547 2.395692 GRASS 
225.0 222.0 9 0.11111111 0.0 1.5 0.4777781 1.7777778 1.7185186 14.0 10.777778 13.666667 17.555555 -9.666667 -1.0 10.666667 17.555555 0.38572726 2.5573087 GRASS 
192.0 157.0 9 0.0 0.0 1.0555559 0.5074076 0.77777797 0.16296285 18.333334 13.888889 17.222223 23.88889 -13.333333 -3.3333333 16.666666 23.88889 0.41818407 2.4386153 GRASS 
81.0 229.0 9 0.11111111 0.0 2.4444444 0.7851852 2.0555553 3.218518 10.925926 7.4444447 10.666667 14.666667 -10.444445 -0.7777778 11.222222 14.666667 0.49614197 2.5574577 GRASS 
226.0 233.0 9 0.0 0.0 2.7777774 1.3185201 1.777778 1.0962962 11.703704 8.333334 11.0 15.777778 -10.111111 -2.1111112 12.222222 15.777778 0.47394413 2.476615 GRASS 
107.0 210.0 9 0.0 0.0 0.9444445 0.5962963 1.8333335 0.65555495 15.111111 11.222222 14.222222 19.88889 -11.666667 -2.6666667 14.333333 19.88889 0.43576914 2.4615993 GRASS 
248.0 149.0 9 0.0 0.0 1.166667 0.78888947 1.0555553 0.6407406 19.0 14.444445 19.777779 22.777779 -13.666667 2.3333333 11.333333 22.777779 0.36371678 2.7416468 GRASS 
36.0 243.0 9 0.11111111 0.0 1.888889 1.8518513 2.0 0.7111104 13.333333 9.888889 12.111111 18.0 -10.333333 -3.6666667 14.0 18.0 0.4522286 2.3683105 GRASS 
209.0 249.0 9 0.0 0.0 2.4444444 3.6296306 2.777778 4.2074075 10.518518 7.5555553 8.111112 15.888889 -8.888889 -7.2222223 16.11111 15.888889 0.5333069 2.1567793 GRASS 
89.0 221.0 9 0.0 0.0 1.3888888 1.4851848 1.4444445 1.5851862 14.074074 10.666667 12.444445 19.11111 -10.222222 -4.888889 15.111111 19.11111 0.44601154 2.3172119 GRASS 
152.0 220.0 9 0.0 0.0 0.94444466 0.6851854 1.4444448 2.1629636 14.62963 11.555555 13.111111 19.222221 -9.222222 -4.5555553 13.777778 19.222221 0.41670507 2.3068845 GRASS 
200.0 165.0 9 0.11111111 0.0 2.277778 3.9740758 1.7777776 0.9185186 17.333334 12.888889 16.444445 22.666666 -13.333333 -2.6666667 16.0 22.666666 0.43081954 2.4711971 GRASS 
231.0 198.0 9 0.11111111 0.0 0.9999997 0.13333334 1.111111 1.2296298 15.814815 12.444445 14.222222 20.777779 -10.111111 -4.7777777 14.888889 20.777779 0.40090325 2.3248901 GRASS 
250.0 172.0 9 0.0 0.0 0.9444442 0.5074071 1.3333334 0.7111102 16.074074 12.333333 15.0 20.88889 -11.222222 -3.2222223 14.444445 20.88889 0.40983546 2.4177017 GRASS 
49.0 148.0 9 0.0 0.0 0.7777777 0.25185102 6.6666665 33.422226 15.962963 12.0 16.88889 19.0 -11.888889 2.7777777 9.111111 19.444445 0.4037081 2.9124804 GRASS 
131.0 208.0 9 0.0 0.0 1.388889 0.41851857 0.611111 0.24074061 16.185184 12.777778 15.0 20.777779 -10.222222 -3.5555556 13.777778 20.777779 0.3831675 2.3919957 GRASS 
186.0 173.0 9 0.0 0.0 1.4444445 0.82963055 2.1111114 1.9851853 17.148148 13.555555 15.555555 22.333334 -10.777778 -4.7777777 15.555555 22.333334 0.39643326 2.332739 GRASS 
241.0 218.0 9 0.0 0.0 1.7777777 3.4962964 1.6666664 1.0222222 8.444445 5.4444447 7.3333335 12.555555 -9.0 -3.3333333 12.333333 12.555555 0.5692659 2.361442 GRASS 
157.0 184.0 9 0.0 0.0 1.2777777 0.77407444 1.3333334 0.8444448 19.444445 15.222222 18.222221 24.88889 -12.666667 -3.6666667 16.333334 24.88889 0.3882103 2.4194453 GRASS 
93.0 231.0 9 0.0 0.0 2.4444444 2.42963 2.6666667 3.1555562 12.296296 8.777778 11.111111 17.0 -10.555555 -3.5555556 14.111111 17.0 0.48521596 2.3913069 GRASS 
34.0 83.0 9 0.0 0.0 1.4444447 0.34074098 2.444445 0.42963055 19.444445 19.555555 24.444445 14.333333 0.33333334 15.0 -15.333333 24.444445 0.41007325 -1.5070066 BRICKFACE 
14.0 60.0 9 0.0 0.0 0.55555505 0.78518444 1.0555553 0.06296298 19.333334 18.88889 24.777779 14.333333 -1.3333334 16.333334 -15.0 24.777779 0.41924807 -1.6233917 BRICKFACE 
127.0 118.0 9 0.22222222 0.0 1.722222 1.5296288 3.444444 9.496296 22.74074 21.555555 29.0 17.666668 -3.5555556 18.777779 -15.222222 29.0 0.3903984 -1.707392 BRICKFACE 
100.0 111.0 9 0.0 0.0 1.6111107 0.9074074 1.6111107 0.81851804 19.925926 19.777779 24.88889 15.111111 -0.44444445 14.888889 -14.444445 24.88889 0.39170122 -1.5814401 BRICKFACE 
5.0 92.0 9 0.0 0.0 1.3333335 0.48888856 2.1666667 1.2777781 18.703703 18.777779 23.777779 13.555555 0.22222222 15.222222 -15.444445 23.777779 0.4288601 -1.5482956 BRICKFACE 
122.0 106.0 9 0.11111111 0.0 1.611111 0.59629595 1.6111113 2.7296302 23.037037 22.0 29.88889 17.222223 -3.1111112 20.555555 -17.444445 29.88889 0.42334643 -1.6958038 BRICKFACE 
71.0 90.0 9 0.0 0.0 2.777778 2.0740724 5.111111 3.2740743 22.62963 22.0 29.11111 16.777779 -1.8888888 19.444445 -17.555555 29.11111 0.4204864 -1.6223308 BRICKFACE 
140.0 116.0 9 0.0 0.0 0.94444495 0.28518537 0.8888893 0.074074045 22.11111 21.333334 28.11111 16.88889 -2.3333333 18.0 -15.666667 28.11111 0.39844838 -1.6703143 BRICKFACE 
68.0 117.0 9 0.0 0.0 0.44444433 0.20740744 1.611111 2.1518512 19.88889 20.666668 24.11111 14.888889 2.3333333 12.666667 -15.0 24.11111 0.38127685 -1.4200875 BRICKFACE 
8.0 102.0 9 0.0 0.0 1.888889 1.8518513 1.9444443 3.2629614 17.925926 18.555555 21.88889 13.333333 1.8888888 11.888889 -13.777778 21.88889 0.39032918 -1.4470371 BRICKFACE 
2.0 44.0 9 0.0 0.0 2.1666672 2.3888876 2.3888896 1.5296285 18.74074 17.333334 25.222221 13.666667 -4.2222223 19.444445 -15.222222 25.222221 0.45768142 -1.7537255 BRICKFACE 
90.0 111.0 9 0.0 0.0 1.6666666 1.4666656 1.333333 1.0222224 18.62963 19.777779 22.222221 13.888889 3.4444444 10.777778 -14.222222 22.222221 0.37431172 -1.3337922 BRICKFACE 
23.0 113.0 9 0.0 0.0 0.72222203 0.9962958 2.777778 2.7851818 14.703704 17.11111 16.88889 10.111111 7.2222223 6.5555553 -13.777778 18.333334 0.4513593 -0.97570044 BRICKFACE 
33.0 104.0 9 0.11111111 0.0 1.5555559 0.96296257 3.0555563 5.040743 20.185184 20.222221 24.88889 15.444445 0.11111111 14.111111 -14.222222 24.88889 0.38036656 -1.5553759 BRICKFACE 
133.0 67.0 9 0.0 0.0 1.388889 1.3962967 2.1111114 1.2296311 27.148148 25.11111 35.88889 20.444445 -6.111111 26.222221 -20.11111 35.88889 0.42930815 -1.7683556 BRICKFACE 
30.0 56.0 9 0.0 0.0 1.5555553 0.4296295 1.4999996 1.2777773 23.703703 22.11111 31.333334 17.666668 -4.7777777 22.88889 -18.11111 31.333334 0.43595982 -1.7488347 BRICKFACE 
149.0 77.0 9 0.0 0.0 2.111111 3.940742 2.4444447 6.0296316 24.481482 23.444445 31.555555 18.444445 -3.1111112 21.222221 -18.11111 31.555555 0.41573665 -1.6895405 BRICKFACE 
75.0 75.0 9 0.0 0.0 2.8333337 4.6111126 2.2222223 3.718518 25.962963 23.333334 34.77778 19.777779 -7.888889 26.444445 -18.555555 34.77778 0.4296633 -1.8355997 BRICKFACE 
25.0 116.0 9 0.0 0.0 0.94444484 0.1518519 4.777777 3.0962973 16.185184 17.0 20.0 11.555555 2.4444444 11.444445 -13.888889 21.222221 0.44718736 -1.1628438 BRICKFACE 
29.0 81.0 9 0.11111111 0.0 2.6111107 3.7518525 2.7222216 3.7518525 20.481482 20.11111 26.11111 15.222222 -1.1111112 16.88889 -15.777778 26.11111 0.41266233 -1.5663354 BRICKFACE 
70.0 71.0 9 0.11111111 0.0 2.1111119 1.8074061 2.8333333 2.077779 22.777779 21.88889 29.666666 16.777779 -2.6666667 20.666666 -18.0 29.666666 0.43356952 -1.6679595 BRICKFACE 
149.0 92.0 9 0.0 0.0 1.2222223 0.5629636 2.3333333 3.822222 23.666666 23.11111 30.333334 17.555555 -1.6666666 20.0 -18.333334 30.333334 0.4209725 -1.6377774 BRICKFACE 
136.0 70.0 9 0.0 0.0 1.0 0.31111133 1.7222223 2.196296 26.037037 24.444445 34.0 19.666668 -4.7777777 23.88889 -19.11111 34.0 0.42128146 -1.7451795 BRICKFACE 
133.0 96.0 9 0.11111111 0.0 1.0000004 1.0222217 2.777778 3.3629608 21.88889 22.11111 27.333334 16.222223 0.6666667 16.333334 -17.0 27.333334 0.40645057 -1.5306859 BRICKFACE 
141.0 68.0 9 0.0 0.0 1.4444443 1.0074081 2.1666667 0.8777791 27.185184 24.222221 36.88889 20.444445 -8.888889 29.11111 -20.222221 36.88889 0.4456523 -1.8485235 BRICKFACE 
147.0 111.0 9 0.0 0.0 0.38888893 0.1518518 0.4444445 0.118518546 5.6666665 7.0 7.0 3.0 4.0 4.0 -8.0 7.3333335 0.59126985 -1.0414338 BRICKFACE 
216.0 126.0 9 0.0 0.0 0.5555555 0.20740744 0.5555556 0.07407395 4.9259257 6.4444447 5.7777777 2.5555556 4.5555553 2.5555556 -7.111111 6.5555553 0.6111111 -0.877707 BRICKFACE 
65.0 143.0 9 0.0 0.0 0.3333334 0.13333334 0.4444445 0.074074075 5.037037 6.5555553 5.888889 2.6666667 4.5555553 2.5555556 -7.111111 6.6666665 0.5952381 -0.90741616 BRICKFACE 
238.0 118.0 9 0.0 0.0 0.33333325 0.17777774 0.77777773 0.07407411 5.0 6.2222223 6.2222223 2.5555556 3.6666667 3.6666667 -7.3333335 6.6666665 0.61706346 -1.0471976 BRICKFACE 
37.0 126.0 9 0.0 0.0 0.38888898 0.06296298 0.4444445 0.25185186 5.7777777 7.4444447 6.7777777 3.1111112 5.0 3.0 -8.0 7.4444447 0.5813492 -0.89580745 BRICKFACE 
29.0 111.0 9 0.0 0.0 0.38888884 0.24074061 0.6111111 0.15185188 5.4074073 6.888889 6.3333335 3.0 4.4444447 2.7777777 -7.2222223 6.888889 0.56415343 -0.89785874 BRICKFACE 
33.0 117.0 9 0.0 0.0 0.5 0.12222214 1.0 0.31111106 6.4444447 7.3333335 8.222222 3.7777777 2.6666667 5.3333335 -8.0 8.222222 0.53858024 -1.2332561 BRICKFACE 
23.0 147.0 9 0.0 0.0 0.33333337 0.13333334 0.72222215 0.41851825 4.5925927 4.111111 7.4444447 2.2222223 -1.4444444 8.555555 -7.111111 7.6666665 0.6984448 -1.5617536 BRICKFACE 
30.0 124.0 9 0.0 0.0 0.6111111 0.10740735 0.611111 0.10740747 6.0 7.4444447 7.2222223 3.3333333 4.3333335 3.6666667 -8.0 7.7777777 0.571649 -0.98787266 BRICKFACE 
28.0 112.0 9 0.0 0.0 0.72222215 0.41851833 0.5555555 0.16296297 5.9259257 7.111111 7.2222223 3.4444444 3.5555556 3.8888888 -7.4444447 7.5555553 0.5440917 -1.0582771 BRICKFACE 
154.0 128.0 9 0.0 0.0 0.5 0.30000007 0.33333325 0.044444434 5.962963 7.3333335 7.2222223 3.3333333 4.111111 3.7777777 -7.888889 7.6666665 0.56371254 -1.0050536 BRICKFACE 
96.0 115.0 9 0.0 0.0 0.38888893 0.15185183 0.33333334 0.17777777 6.7777777 7.7777777 8.555555 4.0 3.0 5.3333335 -8.333333 8.666667 0.53858024 -1.2103575 BRICKFACE 
227.0 118.0 9 0.0 0.0 0.055555504 0.018518483 1.0555557 0.10740725 5.6296296 7.0 6.6666665 3.2222223 4.111111 3.1111112 -7.2222223 7.111111 0.5456349 -0.96082735 BRICKFACE 
109.0 126.0 9 0.0 0.0 0.8333332 0.21111107 0.66666657 0.35555547 7.296296 8.777778 8.222222 4.888889 4.4444447 2.7777777 -7.2222223 8.888889 0.45030865 -0.91367507 BRICKFACE 
104.0 122.0 9 0.0 0.0 0.4444445 0.02962958 0.4999999 0.1666666 6.4074073 8.111112 7.2222223 3.8888888 5.111111 2.4444444 -7.5555553 8.111112 0.52006173 -0.8321195 BRICKFACE 
138.0 133.0 9 0.0 0.0 0.6666667 0.44444433 1.1666666 0.21111093 6.4444447 7.7777777 7.888889 3.6666667 4.0 4.3333335 -8.333333 8.222222 0.5582011 -1.0776595 BRICKFACE 
55.0 128.0 9 0.0 0.0 0.3333334 0.044444483 0.38888893 0.1518518 5.037037 6.888889 5.4444447 2.7777777 5.5555553 1.2222222 -6.7777777 6.888889 0.59391534 -0.6886007 BRICKFACE 
71.0 113.0 9 0.0 0.0 0.7222221 0.24074072 0.7222221 0.1518519 5.4814816 7.111111 6.3333335 3.0 4.888889 2.5555556 -7.4444447 7.111111 0.58002645 -0.8512021 BRICKFACE 
23.0 142.0 9 0.0 0.0 0.38888893 0.1074074 0.9444444 0.37407392 5.037037 6.5555553 5.7777777 2.7777777 4.5555553 2.2222223 -6.7777777 6.5555553 0.57473546 -0.8297117 BRICKFACE 
144.0 118.0 9 0.0 0.0 0.5555556 0.38518524 0.66666657 0.4 6.4444447 7.5555553 8.111112 3.6666667 3.3333333 5.0 -8.333333 8.444445 0.5643298 -1.1345428 BRICKFACE 
62.0 144.0 9 0.0 0.0 0.27777767 0.06296294 0.72222215 0.32962963 4.814815 6.0 5.7777777 2.6666667 3.5555556 2.8888888 -6.4444447 6.2222223 0.5746032 -0.9691188 BRICKFACE 
189.0 115.0 9 0.0 0.0 0.16666675 0.033333365 0.33333325 0.13333328 6.6666665 8.222222 7.888889 3.8888888 4.6666665 3.6666667 -8.333333 8.444445 0.53858024 -0.96514446 BRICKFACE 
151.0 147.0 9 0.0 0.0 0.44444457 0.4296298 0.72222215 0.10740744 6.037037 5.6666665 9.222222 3.2222223 -1.1111112 9.555555 -8.444445 9.555555 0.6522477 -1.5083702 BRICKFACE 
18.0 145.0 9 0.0 0.0 0.38888896 0.018518496 0.6111111 0.3740741 3.925926 5.5555553 4.0 2.2222223 4.888889 0.22222222 -5.111111 5.5555553 0.6005291 -0.57094 BRICKFACE 
186.0 130.0 9 0.0 0.0 0.5000002 0.12222223 0.38888893 0.15185189 5.3333335 6.888889 6.2222223 2.8888888 4.6666665 2.6666667 -7.3333335 7.0 0.587963 -0.8890237 BRICKFACE 
95.0 131.0 9 0.0 0.0 0.5555555 0.162963 1.3333334 0.7111112 5.3333335 6.888889 6.111111 3.0 4.6666665 2.3333333 -7.0 7.2222223 0.5928131 -0.8507829 BRICKFACE 
193.0 142.0 9 0.11111111 0.0 0.38888887 0.06296293 1.7222223 0.15185216 4.814815 6.7777777 5.2222223 2.4444444 5.888889 1.2222222 -7.111111 6.7777777 0.646164 -0.675123 BRICKFACE 
148.0 116.0 9 0.0 0.0 0.4999999 0.4777777 1.1666669 0.6111109 6.111111 7.111111 7.6666665 3.5555556 3.0 4.6666665 -7.6666665 7.7777777 0.54473305 -1.1632453 BRICKFACE 
154.0 120.0 9 0.0 0.0 0.44444442 0.029629596 0.4444445 0.11851845 5.962963 7.7777777 6.7777777 3.3333333 5.4444447 2.4444444 -7.888889 7.7777777 0.5694444 -0.820403 BRICKFACE 
226.0 141.0 9 0.0 0.0 0.4999999 0.4333333 0.7777776 0.38518524 5.4074073 7.0 6.2222223 3.0 4.7777777 2.4444444 -7.2222223 7.0 0.5740741 -0.84373164 BRICKFACE 
59.0 120.0 9 0.0 0.0 2.1666667 1.9860634 1.4444441 1.8698385 19.074074 10.555555 33.11111 13.555555 -25.555555 42.11111 -16.555555 33.11111 0.6812664 -2.2312608 FOLIAGE 
58.0 125.0 9 0.0 0.0 2.1666667 1.1105559 1.0555559 0.90472007 18.555555 11.111111 30.666666 13.888889 -22.333334 36.333332 -14.0 30.666666 0.6384555 -2.2419562 FOLIAGE 
106.0 107.0 9 0.0 0.0 1.111111 0.72008204 0.6666667 0.4216372 22.555555 13.0 36.0 18.666668 -28.666666 40.333332 -11.666667 36.0 0.6385408 -2.3546174 FOLIAGE 
115.0 111.0 9 0.0 0.0 0.55555564 0.40368685 1.9444437 1.0417223 18.037037 9.666667 30.11111 14.333333 -25.11111 36.22222 -11.111111 30.11111 0.67951304 -2.3333182 FOLIAGE 
13.0 83.0 9 0.0 0.0 0.83333325 0.54772246 0.6666666 0.63245547 3.7037036 1.5555556 6.0 3.5555556 -6.4444447 6.888889 -0.44444445 6.0 0.7404762 -2.5733812 FOLIAGE 
118.0 109.0 9 0.0 0.11111111 3.5555553 2.6555324 3.9999993 3.0840094 13.296296 7.0 22.333334 10.555555 -18.88889 27.11111 -8.222222 22.333334 0.694627 -2.3440928 FOLIAGE 
14.0 90.0 9 0.11111111 0.0 2.9444447 2.435083 3.3333333 3.211092 5.0 2.5555556 7.3333335 5.111111 -7.3333335 7.0 0.33333334 7.3333335 0.7252886 -2.6393893 FOLIAGE 
6.0 118.0 9 0.0 0.0 0.055555563 0.13608278 0.055555563 0.13608278 0.037037037 0.0 0.11111111 0.0 -0.11111111 0.22222222 -0.11111111 0.11111111 0.11111111 -2.0943952 FOLIAGE 
69.0 139.0 9 0.0 0.0 2.8333328 1.7732588 2.1111112 1.6688871 18.074074 16.0 22.555555 15.666667 -6.2222223 13.444445 -7.2222223 23.88889 0.38661182 -1.7028334 FOLIAGE 
86.0 136.0 9 0.0 0.0 3.888889 4.193469 2.111111 2.3913426 12.185185 6.6666665 20.88889 9.0 -16.555555 26.11111 -9.555555 20.88889 0.6957549 -2.268991 FOLIAGE 
69.0 136.0 9 0.0 0.0 3.1111114 2.8100348 2.777778 3.1669588 19.444445 16.88889 25.777779 15.666667 -7.6666665 19.0 -11.333333 26.666666 0.42529303 -1.6157203 FOLIAGE 
27.0 134.0 9 0.0 0.0 1.111111 0.9813067 1.6111113 1.0628402 8.703704 3.6666667 15.888889 6.5555553 -15.111111 21.555555 -6.4444447 15.888889 0.772831 -2.3430035 FOLIAGE 
221.0 107.0 9 0.0 0.0 1.1666666 0.2111112 0.83333325 0.3444444 2.2222223 0.33333334 5.3333335 1.0 -5.6666665 9.333333 -3.6666667 5.3333335 0.94708997 -2.2263546 FOLIAGE 
204.0 116.0 9 0.0 0.0 1.0555555 1.262963 1.0555556 1.4407407 2.1851852 0.33333334 5.111111 1.1111112 -5.5555553 8.777778 -3.2222223 5.111111 0.96141976 -2.2490795 FOLIAGE 
196.0 93.0 9 0.0 0.0 1.7777777 2.562963 1.5 0.92222214 5.0 2.0 9.333334 3.6666667 -9.0 13.0 -4.0 9.333334 0.8086198 -2.3294232 FOLIAGE 
217.0 73.0 9 0.0 0.0 0.88888884 0.78518516 1.7222223 0.86296207 4.851852 1.7777778 9.666667 3.1111112 -9.222222 14.444445 -5.2222223 9.666667 0.82250714 -2.268176 FOLIAGE 
203.0 93.0 9 0.0 0.0 2.6666667 6.4444437 3.4444444 11.674076 6.7777777 3.2222223 11.888889 5.2222223 -10.666667 15.333333 -4.6666665 11.888889 0.7601911 -2.332766 FOLIAGE 
241.0 90.0 9 0.0 0.11111111 5.6666665 23.377783 6.7777786 63.76296 9.0 4.7777777 15.666667 6.5555553 -12.666667 20.0 -7.3333335 15.666667 0.7629189 -2.2663894 FOLIAGE 
242.0 81.0 9 0.0 0.0 22.388887 189.44075 15.166667 110.8778 41.925926 33.11111 55.555557 37.11111 -26.444445 40.88889 -14.444445 55.555557 0.42017567 -2.2744606 FOLIAGE 
214.0 121.0 9 0.0 0.0 0.2777778 0.06296298 0.11111111 0.07407408 1.1481482 0.0 3.3333333 0.11111111 -3.4444444 6.5555553 -3.1111112 3.3333333 1.0 -2.132635 FOLIAGE 
230.0 124.0 9 0.0 0.0 0.2777778 0.10740743 0.2777778 0.15185183 0.6666667 0.0 2.0 0.0 -2.0 4.0 -2.0 2.0 1.0 -2.0943952 FOLIAGE 
228.0 91.0 9 0.0 0.0 0.72222227 0.1962963 1.1111112 0.38518512 2.6296296 0.44444445 6.2222223 1.2222222 -6.5555553 10.777778 -4.2222223 6.2222223 0.9398148 -2.2257352 FOLIAGE 
132.0 91.0 9 0.0 0.11111111 18.944445 188.50739 33.444447 889.3629 42.814816 35.88889 52.666668 39.88889 -20.777779 29.555555 -8.777778 52.666668 0.39882392 -2.3460567 FOLIAGE 
3.0 91.0 9 0.0 0.11111111 2.2222223 5.051852 1.0 1.9555557 5.6296296 1.8888888 10.666667 4.3333335 -11.222222 15.111111 -3.8888888 10.666667 0.82974845 -2.3839493 FOLIAGE 
25.0 91.0 9 0.0 0.0 1.611111 4.3740745 1.388889 0.99629617 3.8888888 0.8888889 8.111112 2.6666667 -9.0 12.666667 -3.6666667 8.111112 0.9114478 -2.3545752 FOLIAGE 
123.0 136.0 9 0.0 0.0 0.5555555 1.0962964 0.6666666 1.3333331 1.1111112 0.11111111 3.0 0.22222222 -3.0 5.6666665 -2.6666667 3.0 0.9861111 -2.1109743 FOLIAGE 
81.0 122.0 9 0.0 0.11111111 7.388889 64.95186 4.8333335 42.255566 6.6296296 3.3333333 11.333333 5.2222223 -9.888889 14.111111 -4.2222223 11.333333 0.8093314 -2.3490174 FOLIAGE 
20.0 137.0 9 0.0 0.0 0.11111113 0.029629631 0.27777782 0.018518519 0.22222222 0.0 0.6666667 0.0 -0.6666667 1.3333334 -0.6666667 0.6666667 0.6666667 -2.0943952 FOLIAGE 
18.0 142.0 9 0.0 0.0 0.77777773 0.65185183 0.2777778 0.15185186 0.5555556 0.11111111 1.3333334 0.22222222 -1.3333334 2.3333333 -1.0 1.3333334 0.41666666 -2.1595633 FOLIAGE 
19.0 145.0 9 0.0 0.0 0.88888884 1.674074 2.111111 4.3851857 2.074074 0.6666667 3.5555556 2.0 -4.2222223 4.4444447 -0.22222222 3.5555556 0.45767197 -2.5697682 FOLIAGE 
50.0 109.0 9 0.0 0.0 2.222222 1.2296311 1.9999996 5.911112 5.6666665 2.5555556 9.666667 4.7777777 -9.333333 12.0 -2.6666667 9.666667 0.7607343 -2.4139924 FOLIAGE 
60.0 132.0 9 0.0 0.0 0.11111113 0.029629637 0.22222222 0.029629637 0.37037036 0.0 1.1111112 0.0 -1.1111112 2.2222223 -1.1111112 1.1111112 0.8888889 -2.0943952 FOLIAGE 
2.0 88.0 9 0.0 0.0 3.611111 7.218519 2.4999998 5.855556 7.7777777 3.5555556 13.333333 6.4444447 -12.666667 16.666666 -4.0 13.333333 0.7547033 -2.3944926 FOLIAGE 
31.0 96.0 9 0.0 0.0 2.3333333 3.6 2.7777777 6.162962 3.7777777 1.0 8.0 2.3333335 -8.333333 12.666667 -4.3333335 8.0 0.90923554 -2.268209 FOLIAGE 
130.0 102.0 9 0.0 0.0 7.277778 73.7963 9.444444 90.91857 14.37037 10.111111 20.222221 12.777778 -12.777778 17.555555 -4.7777777 20.222221 0.5751263 -2.3789442 FOLIAGE 
74.0 129.0 9 0.0 0.0 0.22222222 0.029629637 0.11111111 0.029629635 0.5185185 0.0 1.5555556 0.0 -1.5555556 3.1111112 -1.5555556 1.5555556 1.0 -2.0943952 FOLIAGE 
39.0 77.0 9 0.11111111 0.0 1.8333334 1.811111 2.388889 0.7740743 7.703704 3.2222223 13.111111 6.7777777 -13.444445 16.222221 -2.7777777 13.111111 0.7620489 -2.4674928 FOLIAGE 
94.0 144.0 9 0.0 0.0 0.44444442 0.118518494 0.49999997 0.1666667 1.1481482 0.0 3.4444444 0.0 -3.4444444 6.888889 -3.4444444 3.4444444 1.0 -2.0943952 FOLIAGE 
122.0 123.0 9 0.0 0.0 0.6111111 0.374074 0.49999997 0.21111104 1.1851852 0.0 3.3333333 0.22222222 -3.5555556 6.4444447 -2.8888888 3.3333333 1.0 -2.142674 FOLIAGE 
106.0 136.0 9 0.0 0.0 0.3333333 0.17777778 0.38888887 0.1074074 0.7037037 0.11111111 1.8888888 0.11111111 -1.7777778 3.5555556 -1.7777778 1.8888888 0.962963 -2.0943952 FOLIAGE 
120.0 89.0 9 0.11111111 0.0 4.0 9.555554 5.8333335 11.85555 10.481482 5.7777777 17.11111 8.555555 -14.111111 19.88889 -5.7777777 17.11111 0.6866853 -2.356793 FOLIAGE 
99.0 132.0 9 0.0 0.0 0.44444442 0.3851853 0.5555555 0.7851854 0.7407407 0.11111111 2.0 0.11111111 -1.8888888 3.7777777 -1.8888888 2.0 0.9814815 -2.0943952 FOLIAGE 
127.0 143.0 9 0.0 0.0 1.5 0.12222214 0.88888884 0.60740745 4.185185 0.8888889 9.444445 2.2222223 -9.888889 15.777778 -5.888889 9.444445 0.915376 -2.2574124 FOLIAGE 
72.0 111.0 9 0.0 0.0 0.5 0.3 0.9444444 1.396296 1.2962962 0.0 3.5555556 0.33333334 -3.8888888 6.7777777 -2.8888888 3.5555556 1.0 -2.1394942 FOLIAGE 
33.0 142.0 9 0.0 0.0 0.11111113 0.029629637 0.11111113 0.029629637 0.037037037 0.0 0.11111111 0.0 -0.11111111 0.22222222 -0.11111111 0.11111111 0.11111111 -2.0943952 FOLIAGE 
138.0 137.0 9 0.11111111 0.0 1.666667 1.7777779 1.0000001 0.17777735 7.6296296 3.1111112 13.888889 5.888889 -13.555555 18.777779 -5.2222223 13.888889 0.77986646 -2.3607821 FOLIAGE 
127.0 120.0 9 0.0 0.0 0.5 0.47777766 0.72222215 0.5962963 1.5185186 0.11111111 4.111111 0.33333334 -4.2222223 7.7777777 -3.5555556 4.111111 0.984127 -2.133095 FOLIAGE 
4.0 96.0 9 0.0 0.0 2.222222 2.9629638 1.5555555 2.2518516 3.5555556 0.8888889 7.7777777 2.0 -8.0 12.666667 -4.6666665 7.7777777 0.91006523 -2.2444818 FOLIAGE 
42.0 138.0 9 0.0 0.0 0.4444445 1.1851856 0.44444445 1.1851853 0.2962963 0.11111111 0.6666667 0.11111111 -0.5555556 1.1111112 -0.5555556 0.6666667 0.09259259 -2.0943952 FOLIAGE 
131.0 125.0 9 0.0 0.0 0.6111111 0.3740741 0.49999997 0.30000004 1.3703704 0.0 3.8888888 0.22222222 -4.111111 7.5555553 -3.4444444 3.8888888 1.0 -2.1303394 FOLIAGE 
6.0 120.0 9 0.0 0.0 0.33333328 0.08888888 0.5 0.077777766 1.1481482 0.22222222 3.0 0.22222222 -2.7777777 5.5555553 -2.7777777 3.0 1.0 -2.0572872 FOLIAGE 
80.0 87.0 9 0.0 0.11111111 24.388891 572.9964 44.722225 1386.3292 67.44444 58.77778 79.0 64.55556 -26.0 34.666668 -8.666667 79.0 0.30628127 -2.4221272 FOLIAGE 
37.0 120.0 9 0.0 0.0 0.83333325 0.3444444 1.0555556 0.46296284 1.925926 0.22222222 4.4444447 1.1111112 -5.111111 7.5555553 -2.4444444 4.4444447 0.962963 -2.298085 FOLIAGE 
1.0 81.0 9 0.0 0.0 12.166667 267.45554 9.222222 205.36296 21.333334 14.0 30.555555 19.444445 -22.0 27.666666 -5.6666665 30.555555 0.5952822 -2.438409 FOLIAGE 
242.0 148.0 9 0.0 0.0 0.0 0.0 0.0 0.0 0.0 0.0 0.0 0.0 0.0 0.0 0.0 0.0 0.0 0.0 WINDOW 
184.0 145.0 9 0.0 0.0 0.72222227 0.6116159 0.22222222 0.2721655 0.5555556 0.33333334 1.2222222 0.11111111 -0.6666667 2.0 -1.3333334 1.2222222 0.5277778 -1.9209436 WINDOW 
174.0 152.0 9 0.0 0.0 0.0 0.0 0.0 0.0 0.0 0.0 0.0 0.0 0.0 0.0 0.0 0.0 0.0 0.0 WINDOW 
182.0 39.0 9 0.0 0.0 5.5000005 5.737789 0.611111 0.8798151 9.518518 7.3333335 14.333333 6.888889 -6.5555553 14.444445 -7.888889 14.333333 0.5760211 -2.0362277 WINDOW 
231.0 30.0 9 0.0 0.11111111 0.72222215 0.7123252 2.9999998 2.7968237 7.037037 4.7777777 11.666667 4.666667 -6.7777777 13.888889 -7.111111 11.666667 0.6137184 -2.047276 WINDOW 
130.0 145.0 9 0.0 0.0 0.0 0.0 0.0 0.0 0.0 0.0 0.0 0.0 0.0 0.0 0.0 0.0 0.0 0.0 WINDOW 
189.0 141.0 9 0.0 0.0 0.0 0.0 0.0 0.0 0.0 0.0 0.0 0.0 0.0 0.0 0.0 0.0 0.0 0.0 WINDOW 
163.0 152.0 9 0.0 0.0 0.0 0.0 0.0 0.0 0.0 0.0 0.0 0.0 0.0 0.0 0.0 0.0 0.0 0.0 WINDOW 
226.0 144.0 9 0.0 0.0 0.0 0.0 0.0 0.0 0.0 0.0 0.0 0.0 0.0 0.0 0.0 0.0 0.0 0.0 WINDOW 
174.0 145.0 9 0.0 0.0 0.0 0.0 0.0 0.0 0.0 0.0 0.0 0.0 0.0 0.0 0.0 0.0 0.0 0.0 WINDOW 
198.0 148.0 9 0.11111111 0.0 1.6666666 0.84327394 1.111111 0.98130697 1.7777778 1.1111112 3.2222223 1.0 -2.0 4.3333335 -2.3333333 3.2222223 0.61296296 -2.0451503 WINDOW 
172.0 140.0 9 0.0 0.0 3.0 0.42163622 0.6666666 0.42163697 3.2222223 2.6666667 5.0 2.0 -1.6666666 5.3333335 -3.6666667 5.0 0.65608466 -1.8531612 WINDOW 
161.0 138.0 9 0.0 0.0 0.22222221 0.17213258 0.22222222 0.2721655 1.2222222 0.44444445 3.2222223 0.0 -2.3333333 6.0 -3.6666667 3.2222223 1.0 -1.9491665 WINDOW 
177.0 130.0 9 0.0 0.0 0.055555552 0.13608275 0.22222225 0.27216554 1.1851852 0.6666667 2.8888888 0.0 -1.5555556 5.111111 -3.5555556 2.8888888 1.0 -1.8611541 WINDOW 
139.0 109.0 9 0.0 0.0 0.88888866 0.8344436 0.277778 0.38968176 29.407408 24.777779 37.11111 26.333334 -13.888889 23.11111 -9.222222 37.11111 0.33195418 -2.226161 WINDOW 
156.0 86.0 9 0.0 0.0 2.2777777 0.38968182 0.27777767 0.250924 20.444445 15.888889 28.555555 16.88889 -13.666667 24.333334 -10.666667 28.555555 0.44469786 -2.1782806 WINDOW 
157.0 85.0 9 0.0 0.0 1.2222223 1.2412657 0.22222233 0.17213264 18.925926 14.555555 26.88889 15.333333 -13.111111 23.88889 -10.777778 26.88889 0.45902446 -2.1609125 WINDOW 
203.0 133.0 9 0.0 0.0 0.055555556 0.13608277 0.055555556 0.13608277 0.2962963 0.0 0.8888889 0.0 -0.8888889 1.7777778 -0.8888889 0.8888889 0.8888889 -2.0943952 WINDOW 
217.0 80.0 9 0.0 0.0 0.5555555 0.5837303 2.7777777 0.72008204 15.851851 11.888889 23.222221 12.444445 -11.888889 22.11111 -10.222222 23.222221 0.48998156 -2.142269 WINDOW 
244.0 82.0 9 0.0 0.0 0.611111 1.0201671 2.722222 2.5334797 15.518518 11.666667 22.444445 12.444445 -11.555555 20.777779 -9.222222 22.444445 0.4816013 -2.1706324 WINDOW 
142.0 111.0 9 0.0 0.0 1.1111113 0.45541987 0.55555534 0.34426492 28.74074 24.555555 35.88889 25.777779 -12.555555 21.444445 -8.888889 35.88889 0.31548372 -2.2026672 WINDOW 
228.0 90.0 9 0.0 0.0 1.8333334 2.2085693 2.2222223 2.4645634 16.851852 12.888889 24.444445 13.222222 -11.888889 22.777779 -10.888889 24.444445 0.47554862 -2.1227303 WINDOW 
247.0 108.0 9 0.11111111 0.0 0.72222215 0.611616 2.1111114 1.9512583 14.518518 11.333333 20.555555 11.666667 -9.555555 18.11111 -8.555555 20.555555 0.4560301 -2.1271605 WINDOW 
34.0 93.0 9 0.0 0.0 0.55555564 0.2721653 0.3888887 0.38968167 14.814815 10.444445 23.444445 10.555555 -13.111111 25.88889 -12.777778 23.444445 0.55917877 -2.102707 WINDOW 
45.0 111.0 9 0.0 0.0 0.49999967 0.34960282 0.9999998 0.7888104 16.11111 12.222222 23.777779 12.333333 -11.666667 23.0 -11.333333 23.777779 0.4898966 -2.1006706 WINDOW 
59.0 116.0 9 0.0 0.0 3.0000007 2.8126693 0.7777777 0.45542037 21.962963 17.88889 29.555555 18.444445 -12.222222 22.777779 -10.555555 29.555555 0.39566323 -2.144778 WINDOW 
43.0 141.0 9 0.0 0.0 0.44444442 0.17213267 0.16666667 0.18257418 0.7777778 0.0 2.3333335 0.0 -2.3333333 4.6666665 -2.3333333 2.3333335 1.0 -2.0943952 WINDOW 
59.0 135.0 9 0.0 0.0 0.16666667 0.18257421 0.055555556 0.13608277 0.4814815 0.0 1.4444444 0.0 -1.4444444 2.8888888 -1.4444444 1.4444444 1.0 -2.0943952 WINDOW 
57.0 93.0 9 0.0 0.0 0.38888898 0.38968158 0.22222202 0.17213243 17.925926 13.222222 27.11111 13.444445 -14.111111 27.555555 -13.444445 27.11111 0.5119048 -2.1104572 WINDOW 
83.0 96.0 9 0.0 0.0 0.49999967 0.45946804 0.6666663 0.5163983 19.592592 15.222222 28.444445 15.111111 -13.111111 26.555555 -13.444445 28.444445 0.4727645 -2.0860834 WINDOW 
42.0 133.0 9 0.0 0.0 1.1666667 1.9061303 2.7222223 3.1581755 2.7037036 1.2222222 5.0 1.8888888 -4.4444447 6.888889 -2.4444444 5.0 0.8606061 -2.208419 WINDOW 
134.0 93.0 9 0.0 0.0 0.38888898 0.25092435 0.88888866 0.5443307 20.925926 16.666668 29.555555 16.555555 -12.777778 25.88889 -13.111111 29.555555 0.44337976 -2.0860834 WINDOW 
56.0 141.0 9 0.0 0.0 0.16666669 0.18257418 0.33333337 -1.5894573e-8 0.18518518 0.0 0.5555556 0.0 -0.5555556 1.1111112 -0.5555556 0.5555556 0.5555556 -2.0943952 WINDOW 
57.0 118.0 9 0.0 0.0 2.833334 5.5 1.2222223 0.87407327 19.407408 15.555555 26.555555 16.11111 -11.555555 21.444445 -9.888889 26.555555 0.4187123 -2.14718 WINDOW 
51.0 141.0 9 0.0 0.0 0.5555556 0.11851845 0.22222225 0.074074075 0.7037037 0.33333334 1.7777778 0.0 -1.1111112 3.2222223 -2.1111112 1.7777778 0.8888889 -1.9212171 WINDOW 
94.0 135.0 9 0.0 0.0 2.277778 1.2629623 0.5555555 0.38518512 2.1851852 0.7777778 4.888889 0.8888889 -4.2222223 8.111111 -3.8888888 4.888889 0.88800704 -2.1109743 WINDOW 
96.0 141.0 9 0.0 0.0 1.5555555 0.7407407 0.44444445 0.11851848 4.962963 3.1111112 8.777778 3.0 -5.5555553 11.444445 -5.888889 8.777778 0.6652397 -2.0750706 WINDOW 
77.0 135.0 9 0.0 0.0 0.22222221 0.029629624 0.22222221 0.029629624 0.7777778 0.0 2.3333335 0.0 -2.3333333 4.6666665 -2.3333333 2.3333335 1.0 -2.0943952 WINDOW 
39.0 137.0 9 0.0 0.0 0.2222222 0.029629627 0.27777776 0.1074074 1.3703704 0.0 4.111111 0.0 -4.111111 8.222222 -4.111111 4.111111 1.0 -2.0943952 WINDOW 
76.0 116.0 9 0.0 0.0 0.833333 0.43333372 0.16666667 0.07777769 16.851852 13.555555 23.222221 13.777778 -9.888889 19.11111 -9.222222 23.222221 0.42083883 -2.1211753 WINDOW 
20.0 134.0 9 0.0 0.0 0.6666667 0.088888995 0.61111116 0.24074072 2.9629629 1.1111112 6.4444447 1.3333334 -5.5555553 10.444445 -4.888889 6.4444447 0.8292328 -2.133095 WINDOW 
35.0 112.0 9 0.11111111 0.0 0.88888913 0.2962967 0.55555564 0.16296294 16.185184 12.111111 23.88889 12.555555 -12.222222 23.11111 -10.888889 23.88889 0.492526 -2.1333125 WINDOW 
6.0 95.0 9 0.0 0.0 0.7777777 0.6074076 0.3888893 0.06296301 20.185184 15.555555 28.777779 16.222223 -13.888889 25.777779 -11.888889 28.777779 0.45946908 -2.1461854 WINDOW 
90.0 134.0 9 0.0 0.0 0.5555556 0.34074077 1.0555555 0.37407416 2.6666667 1.0 6.111111 0.8888889 -5.0 10.333333 -5.3333335 6.111111 0.87610227 -2.0712416 WINDOW 
58.0 111.0 9 0.0 0.0 3.2222223 3.4518514 2.0555556 0.9518509 19.333334 15.555555 26.222221 16.222223 -11.333333 20.666666 -9.333333 26.222221 0.40922624 -2.1537185 WINDOW 
94.0 136.0 9 0.0 0.0 0.22222225 0.029629637 0.22222225 0.029629637 2.5555556 1.0 5.7777777 0.8888889 -4.6666665 9.666667 -5.0 5.7777777 0.84708995 -2.0712416 WINDOW 
195.0 136.0 9 0.0 0.0 1.1666666 0.52222216 1.1666667 0.47777748 2.4444444 0.6666667 5.7777777 0.8888889 -5.3333335 10.0 -4.6666665 5.7777777 0.9111552 -2.1303394 WINDOW 
129.0 136.0 9 0.0 0.0 2.0 1.5555573 0.8333333 0.1222222 6.185185 3.6666667 10.666667 4.2222223 -7.5555553 13.444445 -5.888889 10.666667 0.6577441 -2.1752956 WINDOW 
90.0 134.0 9 0.0 0.0 0.38888887 0.018518528 0.94444436 0.1518523 2.1111112 1.0 4.666667 0.6666667 -3.3333333 7.6666665 -4.3333335 4.666667 0.88148147 -2.0131435 WINDOW 
169.0 136.0 9 0.0 0.0 0.27777782 0.06296299 0.8333333 0.21111113 2.074074 0.6666667 4.888889 0.6666667 -4.2222223 8.444445 -4.2222223 4.888889 0.87751323 -2.0943952 WINDOW 
42.0 135.0 9 0.0 0.0 0.38888893 0.15185186 0.44444445 0.16296294 2.4074075 1.3333334 5.111111 0.7777778 -3.2222223 8.111111 -4.888889 5.111111 0.84973544 -1.9721864 WINDOW 
117.0 137.0 9 0.0 0.0 0.22222225 0.07407406 0.6666667 0.17777774 3.1111112 1.5555556 6.3333335 1.4444444 -4.6666665 9.666667 -5.0 6.3333335 0.77248675 -2.0750706 WINDOW 
46.0 131.0 9 0.0 0.0 0.27777776 0.06296298 1.7777777 1.8518522 1.4074074 0.7777778 2.7777777 0.6666667 -1.8888888 4.111111 -2.2222223 2.7777777 0.77037036 -2.0513444 WINDOW 
119.0 138.0 9 0.0 0.0 0.77777785 0.5185185 0.7222223 0.2851852 3.5555556 1.7777778 7.2222223 1.6666666 -5.3333335 11.0 -5.6666665 7.2222223 0.7794973 -2.0712416 WINDOW 
