86.0 179.0 9 0.0 0.0 2.0 1.2823589 3.555556 3.0743864 50.555557 45.77778 62.11111 43.77778 -14.333333 34.666668 -20.333334 62.11111 0.29654688 -1.9786568 PATH 
223.0 190.0 9 0.0 0.0 1.9999994 1.0327959 2.055556 1.4669192 46.88889 42.0 57.77778 40.88889 -14.666667 32.666668 -18.0 57.77778 0.29222646 -2.0251334 PATH 
110.0 182.0 9 0.0 0.0 2.3888893 1.7940235 2.555556 1.5587274 46.37037 42.666668 56.333332 40.11111 -11.111111 29.88889 -18.777779 56.333332 0.28764573 -1.9300476 PATH 
118.0 180.0 9 0.0 0.0 1.9444447 1.4819913 3.1111114 1.0886629 48.555557 44.11111 59.0 42.555557 -13.333333 31.333334 -18.0 59.0 0.27882218 -1.9960423 PATH 
186.0 188.0 9 0.0 0.0 1.8333321 1.2605107 1.9444433 1.2546208 49.962963 45.11111 61.444443 43.333332 -14.555555 34.444443 -19.88889 61.444443 0.29477406 -1.9934397 PATH 
138.0 185.0 9 0.0 0.0 3.0555546 2.977074 1.9444441 2.1542377 57.074074 50.11111 71.111115 50.0 -20.88889 42.11111 -21.222221 71.111115 0.29802468 -2.0888546 PATH 
28.0 204.0 9 0.0 0.0 2.0000007 1.7638338 3.222222 2.0834446 55.88889 49.77778 69.22222 48.666668 -18.333334 40.0 -21.666666 69.22222 0.29685017 -2.0373702 PATH 
119.0 192.0 9 0.11111111 0.0 2.4999993 2.0843334 6.1666675 2.3261807 59.555557 52.555557 74.77778 51.333332 -21.0 45.666668 -24.666666 74.77778 0.31279564 -2.0381765 PATH 
156.0 188.0 9 0.0 0.0 4.277778 2.3134086 5.0 3.7475924 61.25926 55.11111 75.66667 53.0 -18.444445 43.22222 -24.777779 75.66667 0.3002418 -1.9977459 PATH 
70.0 197.0 9 0.0 0.11111111 2.7222226 2.0156798 5.277778 3.2756114 54.851852 48.88889 68.0 47.666668 -17.88889 39.444443 -21.555555 68.0 0.29870403 -2.0335052 PATH 
252.0 176.0 9 0.0 0.11111111 1.8888887 1.1482687 5.0555553 2.855145 52.925926 46.333332 67.0 45.444443 -19.777779 42.22222 -22.444445 67.0 0.32042044 -2.0516355 PATH 
121.0 189.0 9 0.0 0.0 2.277778 2.1951132 4.944445 4.007863 62.074074 54.77778 77.55556 53.88889 -21.88889 46.444443 -24.555555 77.55556 0.30540445 -2.054084 PATH 
77.0 199.0 9 0.0 0.0 2.666668 1.8618976 4.666666 3.025815 57.0 50.555557 71.0 49.444443 -19.333334 42.0 -22.666666 71.0 0.30349702 -2.0408664 PATH 
168.0 187.0 9 0.0 0.0 3.5 2.1679482 2.8333333 1.602082 58.0 52.555557 71.44444 50.0 -16.333334 40.333332 -24.0 71.44444 0.29964966 -1.9666711 PATH 
161.0 190.0 9 0.0 0.0 3.7777774 2.0940847 4.5555553 3.7277741 58.11111 51.666668 71.111115 51.555557 -19.333334 39.0 -19.666666 71.111115 0.28591606 -2.102898 PATH 
87.0 196.0 9 0.11111111 0.0 1.3333321 0.8692278 2.222222 1.6688869 61.592594 55.0 75.66667 54.11111 -19.777779 42.22222 -22.444445 75.66667 0.28752622 -2.0487363 PATH 
17.0 204.0 9 0.0 0.0 2.0000007 1.2823583 2.1666667 0.7527733 57.25926 50.88889 71.22222 49.666668 -19.11111 41.88889 -22.777779 71.22222 0.3026711 -2.0373724 PATH 
191.0 180.0 9 0.11111111 0.0 3.555556 1.186343 2.222222 1.1088873 60.074074 53.22222 75.44444 51.555557 -20.555555 46.11111 -25.555555 75.44444 0.31801003 -2.0221484 PATH 
110.0 196.0 9 0.0 0.11111111 3.666666 1.8618978 6.888888 4.8610306 52.48148 46.88889 65.0 45.555557 -16.777779 37.555557 -20.777779 65.0 0.29762968 -2.0225987 PATH 
84.0 200.0 9 0.0 0.0 4.722221 2.7032206 2.5 1.5311577 56.666668 50.666668 70.22222 49.11111 -18.0 40.666668 -22.666666 70.22222 0.30081734 -2.0153737 PATH 
11.0 200.0 9 0.0 0.0 3.1666667 3.0313182 3.9444447 2.480293 53.555557 46.444443 67.333336 46.88889 -21.333334 41.333332 -20.0 67.333336 0.31303197 -2.1167326 PATH 
107.0 191.0 9 0.0 0.0 3.722222 2.999382 2.8888874 2.7862093 62.037037 54.444443 78.111115 53.555557 -22.777779 48.22222 -25.444445 78.111115 0.3146827 -2.0561104 PATH 
67.0 194.0 9 0.0 0.0 3.7222207 1.4969094 6.4444447 3.9646575 58.814816 51.77778 72.55556 52.11111 -21.11111 41.22222 -20.11111 72.55556 0.28679082 -2.112941 PATH 
226.0 176.0 9 0.0 0.0 3.0555546 3.2756119 2.3888893 2.870668 56.925926 50.444443 71.44444 48.88889 -19.444445 43.555557 -24.11111 71.44444 0.3158616 -2.0217843 PATH 
203.0 182.0 9 0.0 0.0 3.722222 2.576964 3.6111114 1.705112 54.925926 49.444443 68.111115 47.22222 -16.444445 39.555557 -23.11111 68.111115 0.3067216 -1.9803478 PATH 
247.0 159.0 9 0.0 0.0 2.5555553 5.05185 15.72222 168.95189 35.77778 30.444445 45.0 31.88889 -16.0 27.666666 -11.666667 45.444443 0.28921792 -2.5493495 PATH 
141.0 163.0 9 0.0 0.0 0.7777767 0.42963055 18.777777 1.851823 40.703705 35.22222 48.88889 38.0 -16.444445 24.555555 -8.111111 48.88889 0.27005577 -2.3884537 PATH 
223.0 161.0 9 0.0 0.0 1.3888893 3.040736 8.999999 31.022234 42.037037 36.0 52.22222 37.88889 -18.11111 30.555555 -12.444445 52.22222 0.30841646 -2.282295 PATH 
142.0 163.0 9 0.0 0.0 1.4999994 0.87777835 17.666666 3.2444987 40.444443 35.0 48.555557 37.77778 -16.333334 24.333334 -8.0 48.555557 0.2689782 -2.3927407 PATH 
37.0 165.0 9 0.0 0.0 2.388889 8.1074 16.444445 23.89629 35.814816 30.777779 42.88889 33.77778 -15.111111 21.222221 -6.111111 42.88889 0.2736466 -2.470153 PATH 
248.0 160.0 9 0.0 0.0 3.0 8.888896 2.166668 3.7666693 43.925926 37.11111 57.11111 37.555557 -20.444445 39.555557 -19.11111 57.11111 0.35403678 -2.1137917 PATH 
181.0 162.0 9 0.0 0.0 2.6666653 7.155551 13.388888 9.662939 42.185184 36.444443 51.333332 38.77778 -17.222221 27.444445 -10.222222 51.333332 0.28552282 -2.3274822 PATH 
149.0 163.0 9 0.0 0.0 2.6111107 12.151846 14.0 48.8889 41.666668 35.444447 51.333332 38.22222 -18.666666 29.0 -10.333333 51.333332 0.29754734 -2.384441 PATH 
239.0 160.0 9 0.0 0.0 1.8333334 0.9222209 5.944443 4.5962973 45.148148 37.88889 58.333332 39.22222 -21.777779 39.555557 -17.777779 58.333332 0.35212588 -2.1629994 PATH 
179.0 162.0 9 0.0 0.0 1.9444447 1.3074076 14.055556 5.929622 40.296295 34.666668 49.22222 37.0 -16.88889 26.777779 -9.888889 49.22222 0.28965172 -2.3411982 PATH 
254.0 159.0 9 0.0 0.0 3.5555553 7.54074 14.833333 152.7 36.62963 31.333334 46.22222 32.333336 -15.888889 28.777779 -12.888889 46.22222 0.29484537 -2.316872 PATH 
137.0 163.0 9 0.0 0.0 1.4444441 0.78518575 18.888887 5.5407553 39.296295 33.77778 47.555557 36.555557 -16.555555 24.777779 -8.222222 47.555557 0.28481323 -2.3952131 PATH 
195.0 161.0 9 0.0 0.0 2.1111107 1.8074051 10.499999 91.32222 41.48148 36.0 51.11111 37.333336 -16.444445 28.88889 -12.444445 51.22222 0.29470626 -2.3165061 PATH 
78.0 186.0 9 0.0 0.0 2.833334 2.1222198 3.5555556 4.2074056 35.296295 31.222221 43.88889 30.777779 -12.222222 25.777779 -13.555555 43.88889 0.30228558 -2.0601218 PATH 
1.0 189.0 9 0.0 0.0 1.3888875 0.4629626 12.388889 84.59629 23.592592 21.11111 29.333334 20.333334 -7.4444447 17.222221 -9.777778 29.333334 0.23309669 -2.0197496 PATH 
35.0 189.0 9 0.0 0.0 2.5555544 2.8740702 4.5 15.366663 31.925926 29.0 38.555557 28.222221 -8.777778 19.88889 -11.111111 38.555557 0.26298115 -2.0222268 PATH 
42.0 188.0 9 0.0 0.0 1.833333 1.8111092 1.388889 1.7518508 30.777779 27.555555 38.11111 26.666666 -9.666667 22.0 -12.333333 38.11111 0.3017472 -2.016443 PATH 
166.0 180.0 9 0.0 0.0 1.4444437 1.5851855 7.3333325 45.955563 31.444445 28.666666 37.77778 27.88889 -8.333333 19.0 -10.666667 37.77778 0.25295278 -2.0210319 PATH 
116.0 184.0 9 0.0 0.0 2.2222226 2.118519 10.611111 45.085182 31.703703 28.777779 38.0 28.333334 -8.777778 18.88889 -10.111111 38.333336 0.25072145 -2.2154639 PATH 
133.0 182.0 9 0.0 0.0 2.5000012 5.4555516 8.666666 71.24447 29.777779 27.222221 35.444447 26.666666 -7.6666665 17.0 -9.333333 35.88889 0.25607783 -2.2177355 PATH 
4.0 189.0 9 0.0 0.0 2.0555565 3.8851852 11.722221 114.59634 26.444445 23.444445 33.0 22.88889 -9.0 19.666666 -10.666667 33.0 0.27147257 -2.1010017 PATH 
28.0 188.0 9 0.0 0.0 1.4444441 1.4962955 5.111111 19.007412 29.962963 26.88889 36.444443 26.555555 -9.222222 19.444445 -10.222222 36.444443 0.2758629 -2.083566 PATH 
37.0 189.0 9 0.0 0.0 1.3888893 1.4851844 5.722223 23.885176 30.0 27.11111 36.333336 26.555555 -8.666667 19.0 -10.333333 36.333336 0.26524833 -2.050282 PATH 
15.0 189.0 9 0.0 0.0 1.499999 0.9222211 2.0 2.8888876 32.11111 28.333334 40.333336 27.666666 -11.333333 24.666666 -13.333333 40.333336 0.31536263 -2.0379822 PATH 
205.0 177.0 9 0.0 0.0 2.8333347 9.633328 8.499999 17.366692 32.444443 28.444445 40.333336 28.555555 -12.0 23.666666 -11.666667 40.333336 0.296365 -2.121237 PATH 
77.0 186.0 9 0.0 0.0 1.9999996 2.6666656 2.333333 3.5555558 34.962963 31.11111 43.444443 30.333334 -11.555555 25.444445 -13.888889 43.444443 0.3033766 -2.0366416 PATH 
142.0 182.0 9 0.0 0.0 2.499999 1.0999985 2.277777 3.618518 34.51852 31.555555 42.22222 29.777779 -8.888889 23.11111 -14.222222 42.22222 0.29320765 -1.9430385 PATH 
163.0 180.0 9 0.0 0.0 1.777778 1.1851858 9.166667 63.944435 30.37037 27.444445 36.333336 27.333334 -8.777778 17.88889 -9.111111 36.333336 0.23849043 -2.2170947 PATH 
137.0 182.0 9 0.0 0.0 1.8333334 3.8555553 3.6111107 9.218522 34.925926 31.444445 42.88889 30.444445 -10.444445 23.88889 -13.444445 42.88889 0.28575617 -2.0011246 PATH 
91.0 54.0 9 0.0 0.0 0.8333333 0.4082483 0.8333346 0.6582833 110.0 97.888885 127.111115 105.0 -36.333332 51.333332 -15.0 127.111115 0.22967392 -2.345744 SKY 
155.0 20.0 9 0.0 0.0 0.61111194 0.32772934 0.61111194 0.32772934 111.703705 98.44444 129.55556 107.111115 -39.77778 53.555557 -13.777778 129.55556 0.24010754 -2.3852131 SKY 
123.0 68.0 9 0.0 0.0 0.944444 0.5741346 0.72222394 0.57413423 107.37037 94.22222 126.333336 101.55556 -39.444443 56.88889 -17.444445 126.333336 0.25415963 -2.333212 SKY 
224.0 34.0 9 0.0 0.0 1.3333321 0.9660913 1.0000013 0.63245475 123.22222 111.44444 140.0 118.22222 -35.333332 50.333332 -15.0 140.0 0.20392033 -2.3433814 SKY 
159.0 40.0 9 0.0 0.0 0.8888893 0.6206305 0.555556 0.17213097 125.14815 114.22222 141.66667 119.55556 -32.77778 49.555557 -16.777779 141.66667 0.19366461 -2.2948995 SKY 
238.0 59.0 9 0.0 0.0 0.8333346 0.45946616 1.0555559 0.68041223 121.703705 109.22222 139.0 116.888885 -37.444443 51.88889 -14.444445 139.0 0.21420376 -2.3642159 SKY 
98.0 41.0 9 0.0 0.0 1.7222265 0.77407277 1.1111145 0.87406844 137.14815 130.66667 147.22223 133.55556 -19.444445 30.222221 -10.777778 147.22223 0.112421244 -2.2685292 SKY 
156.0 32.0 9 0.0 0.0 0.77777356 0.16296418 2.6111095 1.0407379 136.2963 129.77779 146.33334 132.77779 -19.555555 30.11111 -10.555555 146.33334 0.113055356 -2.280755 SKY 
235.0 22.0 9 0.0 0.0 1.1666666 0.3888822 1.0 0.48888424 137.62962 132.11111 147.88889 132.88889 -16.555555 30.777779 -14.222222 147.88889 0.10965454 -2.1462038 SKY 
72.0 31.0 9 0.0 0.0 1.1111094 1.4962956 1.3333334 0.7111079 135.92592 129.88889 145.55556 132.33334 -18.11111 28.88889 -10.777778 145.55556 0.10761623 -2.255012 SKY 
243.0 41.0 9 0.0 0.0 1.0 0.35555902 0.27777863 0.15185194 135.22223 128.44444 145.88889 131.33334 -20.333334 32.0 -11.666667 145.88889 0.11953241 -2.2702253 SKY 
157.0 57.0 9 0.0 0.0 1.2222201 0.47407314 1.2222201 0.8296261 124.703705 114.22222 139.66667 120.22222 -31.444445 44.88889 -13.444445 139.66667 0.18207318 -2.3401897 SKY 
163.0 43.0 9 0.0 0.0 0.8333346 0.43333283 0.8333346 0.6111112 126.48148 117.333336 140.55556 121.55556 -27.444445 42.22222 -14.777778 140.55556 0.1651921 -2.2802067 SKY 
131.0 15.0 9 0.11111111 0.0 0.88889056 1.0518463 1.888888 2.162973 130.14815 119.666664 145.33334 125.44444 -31.444445 45.555557 -14.111111 145.33334 0.1764939 -2.3249698 SKY 
105.0 62.0 9 0.0 0.0 0.8333346 0.16666616 1.1666679 0.83333385 126.48148 117.55556 140.33334 121.55556 -26.777779 41.555557 -14.777778 140.33334 0.16222528 -2.2754252 SKY 
140.0 25.0 9 0.0 0.0 0.99999875 1.4666697 1.1111107 0.118517555 128.0 117.77778 142.33334 123.888885 -30.666666 43.0 -12.333333 142.33334 0.17250364 -2.3545518 SKY 
212.0 48.0 9 0.0 0.0 0.5555547 0.25185233 0.5555547 0.07407382 122.37037 112.22222 138.11111 116.77778 -30.444445 47.22222 -16.777779 138.11111 0.18736246 -2.2786043 SKY 
3.0 21.0 9 0.0 0.0 0.44444528 0.6074073 1.2222214 0.11851781 130.14815 120.77778 143.22223 126.44444 -28.11111 39.22222 -11.111111 143.22223 0.15667991 -2.357178 SKY 
58.0 19.0 9 0.0 0.0 1.6111094 0.41851503 1.4999975 1.2777733 129.92592 121.0 142.66667 126.111115 -26.777779 38.22222 -11.444445 142.66667 0.15181188 -2.3407645 SKY 
188.0 35.0 9 0.0 0.0 1.2222227 1.0518501 1.1111132 0.56296283 124.55556 114.44444 140.11111 119.111115 -30.333334 46.666668 -16.333334 140.11111 0.183109 -2.2829227 SKY 
51.0 56.0 9 0.0 0.0 0.88888675 0.16296297 0.7222214 0.10740789 126.44444 116.22222 141.66667 121.44444 -30.666666 45.666668 -15.0 141.66667 0.17948268 -2.3076565 SKY 
120.0 17.0 9 0.0 0.0 1.3888868 0.5518509 1.8888893 1.1407349 129.55556 118.77778 143.55556 126.333336 -32.333332 42.0 -9.666667 143.55556 0.17262767 -2.412968 SKY 
240.0 58.0 9 0.0 0.0 1.0555547 0.77407175 1.0000013 0.7111076 92.703705 76.888885 118.55556 82.66667 -47.444443 77.55556 -30.11111 118.55556 0.35133117 -2.2393005 SKY 
25.0 18.0 9 0.0 0.0 0.6666654 0.08888919 0.55555344 0.3851843 114.14815 102.44444 132.33334 107.666664 -35.11111 54.555557 -19.444445 132.33334 0.22572522 -2.2784517 SKY 
166.0 65.0 9 0.0 0.0 0.7777774 0.7851876 0.7222214 0.3296294 97.333336 82.77778 121.111115 88.111115 -43.666668 71.333336 -27.666666 121.111115 0.316474 -2.2391438 SKY 
240.0 16.0 9 0.0 0.0 0.44444403 0.1629624 1.6666666 1.1555537 102.51852 87.55556 125.0 95.0 -44.88889 67.44444 -22.555555 125.0 0.29960132 -2.3024683 SKY 
233.0 64.0 9 0.0 0.0 1.0000013 0.80000305 0.7777774 0.20740618 92.81481 77.22222 118.666664 82.55556 -46.77778 77.55556 -30.777779 118.666664 0.3492103 -2.2289393 SKY 
245.0 93.0 9 0.11111111 0.0 2.8888905 3.8963084 1.9444441 4.9074087 86.296295 70.66667 112.111115 76.111115 -46.88889 77.44444 -30.555555 112.111115 0.36963773 -2.2315576 SKY 
140.0 19.0 9 0.11111111 0.0 1.0555534 0.5518513 1.888888 1.9851776 110.296295 97.666664 130.22223 103.0 -37.88889 59.77778 -21.88889 130.22223 0.2498948 -2.264331 SKY 
150.0 94.0 9 0.0 0.0 1.1111107 0.6074038 1.2777761 0.5074095 95.296295 80.888885 119.22222 85.77778 -43.22222 71.77778 -28.555555 119.22222 0.3215052 -2.227114 SKY 
209.0 66.0 9 0.0 0.0 1.0555559 0.4629649 1.1111132 0.60740495 93.44444 79.111115 117.333336 83.888885 -43.0 71.666664 -28.666666 117.333336 0.32571116 -2.2248445 SKY 
9.0 94.0 9 0.0 0.0 0.6111107 0.5518515 1.0000013 0.6666645 113.18519 106.888885 127.55556 105.111115 -18.88889 43.11111 -24.222221 127.55556 0.17678948 -2.015307 SKY 
146.0 62.0 9 0.0 0.0 0.8888893 0.20740566 1.0000013 0.3555547 99.666664 85.666664 121.44444 91.888885 -42.0 65.333336 -23.333334 121.44444 0.29458332 -2.2771423 SKY 
7.0 48.0 9 0.0 0.0 0.6111107 0.10740732 1.3333308 0.35555676 115.77778 107.44444 132.44444 107.44444 -25.0 50.0 -25.0 132.44444 0.1971141 -2.0905566 SKY 
86.0 33.0 9 0.0 0.0 1.1666654 0.6111112 0.61110944 0.19629543 109.888885 96.77778 130.55556 102.333336 -39.333332 62.0 -22.666666 130.55556 0.25860354 -2.2662253 SKY 
193.0 66.0 9 0.11111111 0.0 1.3888906 1.4407414 0.88888806 0.60741055 95.111115 80.66667 118.77778 85.888885 -43.333332 71.0 -27.666666 118.77778 0.32066384 -2.2357008 SKY 
190.0 96.0 9 0.0 0.0 0.3888893 0.1962966 0.9444453 0.41851908 90.81481 76.0 115.666664 80.77778 -44.444443 74.55556 -30.11111 115.666664 0.34293815 -2.2199793 SKY 
253.0 75.0 9 0.0 0.0 0.66666794 0.26666564 0.88888806 0.38518703 88.55556 72.0 115.888885 77.77778 -49.666668 82.0 -32.333332 115.888885 0.37868166 -2.2319996 SKY 
244.0 79.0 9 0.0 0.0 0.5555547 0.11851797 1.0555534 0.46296528 89.44444 73.55556 115.333336 79.44444 -47.666668 77.666664 -30.0 115.333336 0.36217153 -2.2416325 SKY 
140.0 34.0 9 0.0 0.0 0.49999872 0.12222204 0.88888675 0.20740815 105.48148 91.22222 127.333336 97.888885 -42.77778 65.55556 -22.777779 127.333336 0.28352436 -2.286636 SKY 
25.0 41.0 9 0.0 0.0 1.0 0.5777743 1.4999987 0.65555346 113.40741 103.888885 131.22223 105.111115 -28.555555 53.444443 -24.88889 131.22223 0.20829348 -2.1398222 SKY 
56.0 32.0 9 0.0 0.0 0.9444453 0.41851896 0.83333206 0.6555584 112.03704 99.22222 132.55556 104.333336 -38.444443 61.555557 -23.11111 132.55556 0.25142038 -2.2556741 SKY 
235.0 35.0 9 0.0 0.0 0.44444528 0.29629743 1.2222214 0.607412 97.92593 83.0 122.0 88.77778 -44.77778 72.22222 -27.444445 122.0 0.31949878 -2.2482352 SKY 
95.0 71.0 9 0.0 0.0 1.0555534 1.0851825 2.2222214 3.7629638 105.666664 96.666664 122.44444 97.888885 -27.0 50.333332 -23.333334 122.44444 0.21226363 -2.1431594 SKY 
241.0 76.0 9 0.0 0.0 0.83333206 0.21111444 1.3333334 0.71110994 90.07407 74.55556 116.55556 79.111115 -46.555557 79.44444 -32.88889 116.55556 0.3601942 -2.2080188 SKY 
210.0 47.0 9 0.0 0.0 0.5 0.21111278 0.6666667 0.4888892 97.111115 82.55556 121.44444 87.333336 -43.666668 73.0 -29.333334 121.44444 0.32009703 -2.2232175 SKY 
41.0 93.0 9 0.0 0.0 0.7222201 0.15185115 1.0555547 1.3962914 112.296295 103.888885 128.0 105.0 -25.222221 47.11111 -21.88889 128.0 0.1883132 -2.1414192 SKY 
52.0 66.0 9 0.11111111 0.0 1.1666654 0.2555565 1.8333346 2.122228 114.22222 106.888885 128.77779 107.0 -22.0 43.666668 -21.666666 128.77779 0.17412825 -2.0989902 SKY 
252.0 71.0 9 0.0 0.0 0.7222214 0.32962844 1.3333334 0.71110994 89.14815 72.77778 115.55556 79.111115 -49.11111 79.22222 -30.11111 115.55556 0.37009746 -2.2494755 SKY 
78.0 60.0 9 0.0 0.0 0.44444656 0.2074079 0.7777774 0.38518456 109.77778 99.55556 128.22223 101.55556 -30.666666 55.333332 -24.666666 128.22223 0.22336383 -2.1669195 SKY 
60.0 52.0 9 0.0 0.0 0.7222226 0.5963011 0.7777774 0.7407436 111.62963 101.0 129.22223 104.666664 -31.88889 52.77778 -20.88889 129.22223 0.21837935 -2.2296848 SKY 
65.0 70.0 9 0.0 0.0 0.6666654 0.17777647 1.1111082 0.5629626 112.51852 104.0 127.77778 105.77778 -25.555555 45.77778 -20.222221 127.77778 0.18609881 -2.17166 SKY 
216.0 15.0 9 0.0 0.0 0.88889056 0.34074262 1.2222252 0.51851857 106.51852 90.888885 131.11111 97.55556 -46.88889 73.77778 -26.88889 131.11111 0.30673698 -2.2664518 SKY 
26.0 90.0 9 0.0 0.0 0.61111194 0.3740762 1.2777799 0.28518537 113.111115 105.666664 128.33334 105.333336 -22.333334 45.666668 -23.333334 128.33334 0.18178941 -2.0784183 SKY 
180.0 116.0 9 0.0 0.0 2.9444456 1.611303 1.333333 0.81649673 33.185184 29.11111 41.666668 28.777779 -12.222222 25.444445 -13.222222 41.666668 0.30946052 -2.068113 CEMENT 
141.0 17.0 9 0.11111111 0.22222222 3.7222226 4.4493027 5.0 2.319004 44.592594 40.333336 54.0 39.444443 -12.777778 28.222221 -15.444445 54.0 0.26818594 -2.030048 CEMENT 
41.0 101.0 9 0.0 0.0 1.7222214 0.9289575 2.0555542 1.5551577 64.37037 56.88889 79.44444 56.77778 -22.444445 45.22222 -22.777779 79.44444 0.28936154 -2.0895698 CEMENT 
169.0 131.0 9 0.0 0.0 2.3888886 1.8668654 9.222222 2.1152062 35.703705 30.666666 45.77778 30.666666 -15.111111 30.222221 -15.111111 45.77778 0.33861881 -2.0891855 CEMENT 
238.0 73.0 9 0.0 0.0 2.277776 1.4050171 1.5 0.7817362 43.51852 38.77778 53.0 38.77778 -14.222222 28.444445 -14.222222 53.0 0.27433428 -2.0964146 CEMENT 
236.0 117.0 9 0.0 0.0 0.7777786 0.40368706 1.277778 0.74286777 45.88889 39.555557 58.444443 39.666668 -19.0 37.666668 -18.666666 58.444443 0.33047688 -2.0994802 CEMENT 
80.0 72.0 9 0.0 0.0 1.2222227 1.0036967 1.4444441 1.1674612 59.0 51.333332 74.44444 51.22222 -23.0 46.333332 -23.333334 74.44444 0.31460637 -2.0902212 CEMENT 
39.0 138.0 9 0.0 0.0 1.1111107 0.50184846 2.3888893 1.638653 54.62963 49.11111 66.77778 48.0 -16.555555 36.444443 -19.88889 66.77778 0.28091076 -2.0296564 CEMENT 
202.0 21.0 9 0.0 0.0 0.33333334 0.36514834 5.222221 2.613357 40.74074 37.11111 49.333332 35.77778 -10.888889 25.777779 -14.888889 49.333332 0.2745188 -1.9908056 CEMENT 
106.0 65.0 9 0.22222222 0.0 2.222222 1.655519 2.2777786 0.82775915 60.62963 53.666668 74.55556 53.666668 -20.88889 41.77778 -20.88889 74.55556 0.28732476 -2.0910368 CEMENT 
252.0 76.0 9 0.0 0.0 1.7222214 1.1434186 0.5555547 0.34426576 42.296295 36.0 54.11111 36.77778 -18.88889 35.444443 -16.555555 54.11111 0.334876 -2.1390018 CEMENT 
162.0 159.0 9 0.0 0.0 2.1666667 0.9603238 2.2222223 1.4555128 26.11111 25.222221 29.555555 23.555555 -2.6666667 10.333333 -7.6666665 29.555555 0.20284556 -1.8025542 CEMENT 
239.0 137.0 9 0.0 0.0 1.7777773 1.360828 3.4444447 1.0886629 40.851852 39.88889 45.333332 37.333336 -2.8888888 13.444445 -10.555555 45.333332 0.1760659 -1.7579898 CEMENT 
187.0 120.0 9 0.0 0.0 2.2222214 2.083445 1.2777786 0.6469289 60.037037 56.88889 69.333336 53.88889 -9.444445 27.88889 -18.444445 69.333336 0.22280817 -1.8929771 CEMENT 
128.0 140.0 9 0.0 0.0 7.8333335 7.032464 0.6666667 0.29814258 27.666666 24.88889 33.555557 24.555555 -8.333333 17.666666 -9.333333 33.555557 0.26620623 -2.0538902 CEMENT 
236.0 77.0 9 0.0 0.0 22.166666 15.472914 7.722223 8.373016 32.77778 30.222221 37.666668 30.444445 -7.6666665 14.666667 -7.0 37.666668 0.22524333 -2.1233602 CEMENT 
210.0 73.0 9 0.0 0.0 1.3333327 0.96609074 1.0 0.81649536 42.25926 40.555557 47.333332 38.88889 -5.111111 15.222222 -10.111111 47.333332 0.17822558 -1.8934947 CEMENT 
133.0 125.0 9 0.0 0.0 1.4444433 2.8296287 2.1111114 1.3185211 66.25926 61.11111 79.111115 58.555557 -15.444445 38.555557 -23.11111 79.111115 0.2598418 -1.9632003 CEMENT 
121.0 107.0 9 0.0 0.0 1.5555553 0.8740748 13.166667 5.5888996 54.0 49.444443 64.44444 48.11111 -13.666667 31.333334 -17.666666 64.44444 0.25266927 -2.0036066 CEMENT 
155.0 138.0 9 0.0 0.0 2.0000012 0.66666055 1.0555534 0.41852024 69.48148 63.88889 82.55556 62.0 -16.777779 39.22222 -22.444445 82.55556 0.24899773 -1.9990451 CEMENT 
81.0 79.0 9 0.0 0.0 0.44444466 0.074074 0.88888866 0.6518533 45.814816 42.88889 53.88889 40.666668 -8.777778 24.222221 -15.444445 53.88889 0.245206 -1.9188883 CEMENT 
242.0 81.0 9 0.0 0.0 1.5 1.1444466 1.2222227 0.7407415 38.25926 34.555557 47.22222 33.0 -11.111111 26.88889 -15.777778 47.22222 0.30079645 -1.9845657 CEMENT 
209.0 122.0 9 0.0 0.0 0.8333327 0.07777824 11.444444 90.829605 39.22222 35.77778 47.555557 34.333336 -10.333333 25.0 -14.666667 47.555557 0.28241062 -1.9850266 CEMENT 
155.0 135.0 9 0.0 0.0 2.3888867 3.2629583 0.83333206 0.122224174 69.92593 63.666668 83.888885 62.22222 -18.777779 41.88889 -23.11111 83.888885 0.25830337 -2.0249448 CEMENT 
56.0 107.0 9 0.0 0.0 1.1111107 0.20740713 4.722223 20.196299 49.814816 46.22222 58.333332 44.88889 -10.777778 25.555555 -14.777778 58.333332 0.23045462 -1.9914447 CEMENT 
135.0 104.0 9 0.0 0.0 0.94444466 0.10740852 1.9999994 0.7111114 63.62963 58.22222 76.55556 56.11111 -16.222221 38.77778 -22.555555 76.55556 0.26721877 -1.986567 CEMENT 
163.0 68.0 9 0.0 0.0 1.833334 2.21111 1.5555559 0.96296287 56.77778 52.0 68.22222 50.11111 -14.333333 34.333332 -20.0 68.22222 0.26505277 -1.9843078 CEMENT 
169.0 66.0 9 0.0 0.0 2.0000007 2.08889 0.94444466 0.41851884 51.592594 47.77778 61.22222 45.77778 -11.444445 28.88889 -17.444445 61.22222 0.25210327 -1.9612544 CEMENT 
37.0 124.0 9 0.0 0.11111111 1.4999994 1.0111091 2.4444447 1.8074036 54.333332 49.444443 65.22222 48.333332 -14.666667 32.666668 -18.0 65.22222 0.2585428 -2.0300786 CEMENT 
189.0 124.0 9 0.0 0.0 1.2777773 0.9518527 1.2777792 1.3518513 38.592594 35.88889 46.22222 33.666668 -8.111111 22.88889 -14.777778 46.22222 0.27147377 -1.9075019 CEMENT 
68.0 128.0 9 0.0 0.0 21.333334 5.955534 1.3333341 0.8444443 35.592594 32.11111 43.77778 30.88889 -10.444445 24.555555 -14.111111 43.77778 0.31617704 -1.9818461 CEMENT 
120.0 102.0 9 0.0 0.0 0.77777797 0.16296387 0.6666667 0.177779 63.48148 56.77778 77.111115 56.555557 -20.11111 40.88889 -20.777779 77.111115 0.26937962 -2.0830433 CEMENT 
185.0 110.0 9 0.0 0.0 18.444445 375.09625 1.2777773 0.59629697 50.666668 46.11111 60.444443 45.444443 -13.666667 29.333334 -15.666667 60.444443 0.24925283 -2.0325177 CEMENT 
96.0 123.0 9 0.0 0.0 1.2777777 0.1518523 1.8333334 2.0777776 21.62963 14.777778 34.22222 15.888889 -20.555555 37.77778 -17.222221 34.22222 0.5595462 -2.149759 CEMENT 
183.0 153.0 9 0.0 0.0 5.0000005 12.266663 3.0000002 6.8888917 28.0 21.333334 38.77778 23.88889 -20.0 32.333332 -12.333333 38.77778 0.44774532 -2.2427413 CEMENT 
99.0 156.0 9 0.0 0.0 2.0555556 2.6407394 2.5 5.1888895 21.0 16.777779 29.222221 17.0 -12.666667 24.666666 -12.0 29.222221 0.4313206 -2.1093647 CEMENT 
217.0 148.0 9 0.0 0.0 2.0555556 2.551854 1.0555553 0.5074078 29.074074 21.444445 41.555557 24.222221 -22.88889 37.444443 -14.555555 41.555557 0.4837708 -2.2379715 CEMENT 
45.0 149.0 9 0.0 0.0 2.5 3.322223 0.6666663 0.2666663 16.814816 13.444445 23.777779 13.222222 -10.111111 20.88889 -10.777778 23.777779 0.45334122 -2.0692513 CEMENT 
217.0 130.0 9 0.0 0.0 2.3333333 2.5333333 1.4444447 0.4740743 21.37037 15.777778 31.88889 16.444445 -16.777779 31.555555 -14.777778 31.88889 0.50544137 -2.1349237 CEMENT 
118.0 126.0 9 0.0 0.0 0.6666667 0.39999974 1.8333336 2.1222224 20.555555 16.11111 28.666666 16.88889 -13.333333 24.333334 -11.0 28.666666 0.437078 -2.1588047 CEMENT 
129.0 157.0 9 0.0 0.0 2.4444444 3.5407405 2.222222 1.718518 23.148148 18.222221 32.0 19.222221 -14.777778 26.555555 -11.777778 32.0 0.43023896 -2.169368 CEMENT 
12.0 154.0 9 0.0 0.0 3.222222 3.0518484 2.3333333 3.200002 19.703703 14.888889 28.555555 15.666667 -14.444445 26.555555 -12.111111 28.555555 0.47971532 -2.1425292 CEMENT 
163.0 151.0 9 0.0 0.0 3.833333 11.055564 1.5555557 2.2518542 30.481482 23.11111 42.77778 25.555555 -22.11111 36.88889 -14.777778 42.77778 0.45744765 -2.2196255 CEMENT 
60.0 126.0 9 0.0 0.0 0.8333333 0.61111134 0.55555564 0.16296288 20.11111 16.444445 27.333334 16.555555 -11.0 21.666666 -10.666667 27.333334 0.40593585 -2.1041024 CEMENT 
59.0 139.0 9 0.0 0.0 6.8888893 6.9629517 1.6666666 0.80000025 16.37037 12.444445 23.666666 13.0 -11.777778 21.88889 -10.111111 23.666666 0.48272505 -2.1182232 CEMENT 
190.0 136.0 9 0.0 0.0 2.277778 1.529629 2.8333333 0.61111045 4.851852 2.8888888 8.555555 3.1111112 -5.888889 11.111111 -5.2222223 8.555555 0.70975137 -2.1239047 CEMENT 
136.0 129.0 9 0.11111111 0.0 1.9444447 3.0851877 1.9999996 3.1555579 24.703703 19.11111 34.88889 20.11111 -16.777779 30.555555 -13.777778 34.88889 0.44974732 -2.1610465 CEMENT 
233.0 154.0 9 0.0 0.0 3.7222223 11.618519 0.66666603 0.577778 33.0 25.11111 46.555557 27.333334 -23.666666 40.666668 -17.0 46.555557 0.45878506 -2.2026498 CEMENT 
189.0 79.0 9 0.0 0.0 2.7222226 2.3296294 1.333334 0.75555575 41.407406 38.0 49.666668 36.555557 -10.222222 24.777779 -14.555555 49.666668 0.2655346 -1.9845829 CEMENT 
187.0 80.0 9 0.0 0.0 1.3333327 0.7111114 1.3333334 0.7111086 40.51852 37.77778 47.666668 36.11111 -8.222222 21.444445 -13.222222 47.666668 0.24472968 -1.942698 CEMENT 
238.0 98.0 9 0.0 0.0 1.333334 1.2888875 1.2777773 0.5962972 52.851852 47.555557 64.66667 46.333332 -15.888889 35.444443 -19.555555 64.66667 0.28510964 -2.025773 CEMENT 
217.0 77.0 9 0.0 0.0 1.5555553 2.74074 1.6666666 0.53333336 40.22222 37.22222 48.22222 35.22222 -9.0 24.0 -15.0 48.22222 0.26919183 -1.9320657 CEMENT 
201.0 125.0 9 0.0 0.0 1.0 0.44444403 9.944444 103.751854 42.814816 39.11111 51.77778 37.555557 -11.111111 26.88889 -15.777778 51.77778 0.27063802 -1.9730246 CEMENT 
199.0 120.0 9 0.0 0.0 3.4999998 4.077776 8.333333 53.95558 39.333332 35.444447 47.77778 34.77778 -11.666667 25.333334 -13.666667 47.77778 0.2727516 -2.0467525 CEMENT 
173.0 158.0 9 0.11111111 0.0 1.888889 3.6740744 1.1666666 0.477778 8.37037 7.111111 11.777778 6.2222223 -3.7777777 10.222222 -6.4444447 11.777778 0.47297516 -1.9046513 CEMENT 
27.0 248.0 9 0.11111111 0.0 1.611111 0.6469295 3.1666667 1.7224005 15.296296 14.777778 12.888889 18.222221 -1.5555556 -7.2222223 8.777778 18.222221 0.31222734 1.7835119 GRASS 
215.0 219.0 9 0.0 0.0 2.5555556 2.2377238 3.2222223 2.491467 13.222222 10.333334 10.222222 19.11111 -8.666667 -9.0 17.666666 19.11111 0.49459508 2.0861003 GRASS 
170.0 226.0 9 0.0 0.0 1.5555553 1.4246508 2.3888888 1.2895594 11.888889 10.111111 8.0 17.555555 -5.3333335 -11.666667 17.0 17.555555 0.5483297 1.872506 GRASS 
34.0 242.0 9 0.0 0.0 1.611111 1.638653 2.4444447 1.1088866 14.814815 11.333333 15.666667 17.444445 -10.444445 2.5555556 7.888889 17.444445 0.35316142 2.835614 GRASS 
230.0 162.0 9 0.0 0.0 1.6666666 1.0749676 0.9444442 0.5741337 17.333334 13.777778 15.888889 22.333334 -10.666667 -4.3333335 15.0 22.333334 0.38252184 2.3503675 GRASS 
215.0 235.0 9 0.0 0.0 1.388889 1.06284 1.0555557 0.49065349 9.185185 6.7777777 8.0 12.777778 -7.2222223 -3.5555556 10.777778 12.777778 0.48219234 2.3107576 GRASS 
200.0 215.0 9 0.0 0.0 1.5555559 0.95839405 4.722222 2.6450515 23.037037 17.11111 22.555555 29.444445 -17.777779 -1.4444444 19.222221 29.444445 0.42076695 2.5610487 GRASS 
4.0 248.0 9 0.0 0.0 3.333334 1.8135293 3.2222226 1.2590408 19.555555 15.555555 16.666668 26.444445 -12.0 -8.666667 20.666666 26.444445 0.42215064 2.205099 GRASS 
238.0 211.0 9 0.11111111 0.0 1.0555559 0.49065375 1.6111113 1.2546215 20.518518 16.11111 19.222221 26.222221 -13.222222 -3.8888888 17.11111 26.222221 0.38528243 2.4163542 GRASS 
145.0 248.0 9 0.0 0.0 2.0555553 1.7180947 2.111111 1.3770607 26.88889 23.222221 25.11111 32.333336 -11.0 -5.3333335 16.333334 32.333336 0.2916751 2.2850983 GRASS 
114.0 242.0 9 0.0 0.0 2.7222223 2.4532676 4.6666675 1.9206476 24.074074 19.222221 22.444445 30.555555 -14.555555 -4.888889 19.444445 30.555555 0.3716949 2.395778 GRASS 
245.0 249.0 9 0.0 0.0 2.0 1.2888895 1.4999999 0.61111146 14.740741 10.777778 15.333333 18.11111 -11.888889 1.7777778 10.111111 18.11111 0.40621215 2.7435553 GRASS 
233.0 211.0 9 0.11111111 0.0 2.6666667 6.0888896 1.6666666 1.7333333 15.444445 12.444445 15.222222 18.666668 -9.0 -0.6666667 9.666667 18.666668 0.33542147 2.5549645 GRASS 
174.0 178.0 9 0.0 0.0 1.388889 2.6851842 5.0 10.4 19.555555 17.0 18.11111 23.555555 -7.6666665 -4.3333335 12.0 23.555555 0.29896173 2.2741275 GRASS 
163.0 177.0 9 0.11111111 0.0 1.1666673 0.7 2.5 0.7888896 24.518518 21.222221 21.444445 30.88889 -9.888889 -9.222222 19.11111 30.88889 0.3211389 2.1254158 GRASS 
146.0 238.0 9 0.0 0.0 2.0555556 0.59629667 2.6666665 1.8666656 17.777779 15.0 16.555555 21.777779 -8.333333 -3.6666667 12.0 21.777779 0.3152556 2.3374724 GRASS 
45.0 185.0 9 0.11111111 0.0 2.1666663 3.7222214 1.9444442 2.6851857 18.666666 14.666667 17.11111 24.222221 -12.0 -4.6666665 16.666666 24.222221 0.40087178 2.3618267 GRASS 
162.0 227.0 9 0.0 0.0 1.3888888 0.99629617 3.1666667 8.611113 13.962963 10.111111 14.444445 17.333334 -11.555555 1.4444444 10.111111 17.444445 0.42550126 2.7070513 GRASS 
93.0 236.0 9 0.11111111 0.0 1.7777777 2.6962965 1.9999999 0.93333334 12.518518 9.555555 10.777778 17.222223 -8.888889 -5.2222223 14.111111 17.222223 0.44724658 2.2671974 GRASS 
231.0 233.0 9 0.0 0.0 1.4444442 0.74074095 1.1666664 0.3444444 12.592592 8.888889 11.888889 17.0 -11.111111 -2.1111112 13.222222 17.0 0.47822163 2.4915802 GRASS 
103.0 216.0 9 0.0 0.0 0.88888884 0.6518517 2.1666663 1.1444442 14.555555 10.888889 13.666667 19.11111 -11.0 -2.6666667 13.666667 19.11111 0.43169576 2.4475467 GRASS 
172.0 218.0 9 0.0 0.0 2.5555556 2.42963 1.6111108 2.418518 14.925926 11.888889 13.777778 19.11111 -9.111111 -3.4444444 12.555555 19.11111 0.38645566 2.362146 GRASS 
124.0 183.0 9 0.0 0.0 1.7777778 0.4296295 2.2777774 4.196296 18.185184 14.222222 17.11111 23.222221 -11.888889 -3.2222223 15.111111 23.222221 0.38988227 2.4280221 GRASS 
186.0 218.0 9 0.0 0.0 1.1666666 0.74444425 1.1666665 0.65555507 13.703704 10.666667 12.666667 17.777779 -9.111111 -3.1111112 12.222222 17.777779 0.40134683 2.3826835 GRASS 
25.0 199.0 9 0.0 0.0 1.1111112 0.60740685 1.0555558 0.4629626 17.518518 13.111111 17.88889 21.555555 -13.222222 1.1111112 12.111111 21.555555 0.39300215 2.6901116 GRASS 
6.0 174.0 9 0.0 0.0 1.8888888 1.0074061 2.8888886 4.0296297 19.074074 15.111111 17.777779 24.333334 -11.888889 -3.8888888 15.777778 24.333334 0.38186744 2.3950183 GRASS 
96.0 236.0 9 0.0 0.0 1.7222222 3.840741 1.7222223 1.1296297 13.962963 10.777778 12.444445 18.666668 -9.555555 -4.5555553 14.111111 18.666668 0.42423514 2.3206298 GRASS 
94.0 224.0 9 0.0 0.0 1.3888887 1.8407407 0.9444442 0.5518519 13.444445 10.0 11.888889 18.444445 -10.333333 -4.6666665 15.0 18.444445 0.45764294 2.3281083 GRASS 
208.0 240.0 9 0.11111111 0.0 1.0555557 0.86296326 2.4444444 5.007407 14.148149 10.888889 13.0 18.555555 -9.777778 -3.4444444 13.222222 18.555555 0.42162097 2.3924873 GRASS 
230.0 180.0 9 0.11111111 0.0 1.1111112 0.5185183 1.9444443 1.2629623 13.851851 9.666667 13.111111 18.777779 -12.555555 -2.2222223 14.777778 18.777779 0.48688295 2.4879174 GRASS 
163.0 166.0 9 0.0 0.0 1.7777776 1.0962971 2.444445 1.0518519 16.962963 12.333333 16.333334 22.222221 -13.888889 -1.8888888 15.777778 22.222221 0.4462137 2.5158255 GRASS 
57.0 177.0 9 0.0 0.0 0.94444495 0.55185163 1.4444443 1.71852 19.592592 15.777778 18.444445 24.555555 -11.444445 -3.4444444 14.888889 24.555555 0.3589904 2.413262 GRASS 
46.0 235.0 9 0.0 0.0 1.9444445 1.8407409 1.7222223 3.574073 10.888889 7.5555553 9.333334 15.777778 -10.0 -4.6666665 14.666667 15.777778 0.5203994 2.3162425 GRASS 
72.0 222.0 9 0.11111111 0.0 2.3888888 2.6407404 1.611111 2.2851844 14.962963 11.666667 13.111111 20.11111 -9.888889 -5.5555553 15.444445 20.11111 0.4254409 2.2809224 GRASS 
209.0 249.0 9 0.0 0.0 2.4444444 2.3851857 2.8888886 3.8074067 8.555555 8.0 7.5555553 10.111111 -1.6666666 -3.0 4.6666665 10.111111 0.30902183 1.9174206 GRASS 
238.0 180.0 9 0.11111111 0.0 0.55555564 0.34074086 1.7222222 1.6629628 13.592592 11.111111 11.888889 17.777779 -7.4444447 -5.111111 12.555555 17.777779 0.3762527 2.2128983 GRASS 
63.0 220.0 9 0.0 0.0 3.055556 15.2629595 3.6666667 6.0888896 8.185185 6.5555553 6.4444447 11.555555 -4.888889 -5.2222223 10.111111 11.555555 0.48671728 2.0931497 GRASS 
63.0 201.0 9 0.0 0.0 1.4444445 0.9185186 0.94444424 0.5518518 7.7777777 6.2222223 5.5555553 11.555555 -4.6666665 -6.6666665 11.333333 11.555555 0.54320127 1.9829868 GRASS 
62.0 223.0 9 0.0 0.0 2.5 5.722223 1.6666666 2.4444442 6.6666665 4.888889 4.666667 10.444445 -5.3333335 -6.0 11.333333 10.444445 0.5931498 2.0465877 GRASS 
233.0 184.0 9 0.0 0.0 0.5000002 0.077777766 0.7777777 0.785185 11.851851 9.777778 9.888889 15.888889 -6.2222223 -5.888889 12.111111 15.888889 0.40555555 2.1286457 GRASS 
16.0 246.0 9 0.11111111 0.0 2.3888888 1.0851847 1.722222 1.7518522 9.407408 9.555555 10.111111 8.555555 0.44444445 2.1111112 -2.5555556 10.333334 0.16335146 -1.1905607 GRASS 
234.0 164.0 9 0.0 0.0 0.5000002 0.2111112 3.0 8.04445 13.666667 11.666667 15.0 14.333333 -6.0 4.0 2.0 16.88889 0.29914993 2.87512 GRASS 
42.0 200.0 9 0.0 0.0 0.5555555 0.4296296 0.44444433 0.25185174 7.703704 5.7777777 5.888889 11.444445 -5.7777777 -5.4444447 11.222222 11.444445 0.5153199 2.10726 GRASS 
2.0 245.0 9 0.0 0.0 1.8888888 2.162963 3.1666667 3.2777781 6.4074073 6.2222223 6.0 7.0 -0.5555556 -1.2222222 1.7777778 7.2222223 0.19104938 1.7566451 GRASS 
121.0 237.0 9 0.0 0.0 1.3333331 1.155555 1.5555553 0.785185 7.4814816 6.111111 5.111111 11.222222 -4.111111 -7.111111 11.222222 11.222222 0.55723476 1.9384677 GRASS 
63.0 179.0 9 0.0 0.0 0.6666668 0.22222233 1.5555557 0.5629631 11.814815 9.777778 9.444445 16.222223 -6.111111 -7.111111 13.222222 16.222223 0.41976216 2.04457 GRASS 
56.0 243.0 9 0.0 0.0 2.2222223 5.274073 2.5555556 0.829629 6.4814816 5.111111 4.888889 9.444445 -4.111111 -4.7777777 8.888889 9.444445 0.52543694 2.0336287 GRASS 
37.0 167.0 9 0.0 0.0 0.888889 0.56296337 7.5555553 4.6074057 14.074074 11.666667 16.777779 13.777778 -7.2222223 8.111111 -0.8888889 17.666668 0.31450674 -3.015081 GRASS 
247.0 197.0 9 0.0 0.0 0.33333316 0.044444434 0.611111 0.06296301 6.0 4.111111 4.0 9.888889 -5.6666665 -6.0 11.666667 9.888889 0.61705947 2.0749567 GRASS 
107.0 226.0 9 0.0 0.0 1.5555557 3.0962965 3.5555556 2.5629618 7.851852 5.7777777 6.5555553 11.222222 -6.2222223 -3.8888888 10.111111 11.222222 0.5268813 2.2593977 GRASS 
74.0 215.0 9 0.0 0.0 0.44444457 0.074074075 0.50000006 0.12222217 6.9259257 5.111111 4.4444447 11.222222 -5.4444447 -7.4444447 12.888889 11.222222 0.6037037 1.9911573 GRASS 
161.0 176.0 9 0.0 0.0 0.38888898 0.15185188 1.1666666 0.3888888 13.0 10.111111 11.777778 17.11111 -8.666667 -3.6666667 12.333333 17.11111 0.40773422 2.3406181 GRASS 
23.0 237.0 9 0.0 0.0 1.6666666 2.444445 1.7777777 2.074075 5.851852 4.2222223 4.5555553 8.777778 -4.888889 -3.8888888 8.777778 8.777778 0.54126585 2.1805263 GRASS 
8.0 79.0 9 0.0 0.0 1.2777778 2.2851846 2.111111 0.51851857 16.814816 17.333334 21.0 12.111111 1.5555556 12.555555 -14.111111 21.0 0.42233688 -1.4531144 BRICKFACE 
145.0 102.0 9 0.0 0.0 0.88888866 0.6074083 2.611111 1.4851857 23.074074 22.11111 29.777779 17.333334 -2.8888888 20.11111 -17.222221 29.777779 0.41776258 -1.6854404 BRICKFACE 
95.0 57.0 9 0.0 0.0 1.8333327 3.4111106 2.1111107 1.7185175 26.296297 24.666666 34.444447 19.777779 -4.888889 24.444445 -19.555555 34.444447 0.42569095 -1.7390174 BRICKFACE 
79.0 57.0 9 0.0 0.0 1.7222223 1.6185173 1.9444447 1.9740733 26.814816 24.0 36.22222 20.222221 -8.444445 28.222221 -19.777779 36.22222 0.44050935 -1.8376745 BRICKFACE 
10.0 61.0 9 0.11111111 0.0 2.2222219 3.185182 3.1111107 7.185185 18.962963 18.666668 24.222221 14.0 -0.8888889 15.777778 -14.888889 24.222221 0.41952246 -1.5912062 BRICKFACE 
23.0 88.0 9 0.0 0.0 2.0000002 3.2 2.9444447 1.040741 20.592592 18.777779 27.333334 15.666667 -5.4444447 20.222221 -14.777778 27.333334 0.42490423 -1.7851468 BRICKFACE 
96.0 92.0 9 0.11111111 0.0 3.3333337 2.9777782 1.777778 0.6518514 22.88889 21.777779 29.777779 17.11111 -3.3333333 20.666666 -17.333334 29.777779 0.422223 -1.6826507 BRICKFACE 
75.0 107.0 9 0.11111111 0.0 1.1666665 0.34444454 1.7777777 1.5407407 16.703703 18.777779 19.444445 11.888889 6.2222223 8.222222 -14.444445 19.777779 0.39931142 -1.1319735 BRICKFACE 
98.0 104.0 9 0.0 0.0 2.2222223 3.6296306 1.4999999 1.3222224 18.703703 19.222221 23.222221 13.666667 1.5555556 13.555555 -15.111111 23.222221 0.4100093 -1.4466414 BRICKFACE 
32.0 45.0 9 0.0 0.0 2.2777777 3.1740727 3.2777777 1.44074 21.925926 20.555555 28.777779 16.444445 -4.111111 20.555555 -16.444445 28.777779 0.42816728 -1.7353698 BRICKFACE 
14.0 66.0 9 0.0 0.0 1.5555553 1.0074071 1.5 1.0111104 18.666666 18.555555 24.0 13.444445 -0.33333334 16.0 -15.666667 24.0 0.43785483 -1.5692534 BRICKFACE 
75.0 103.0 9 0.11111111 0.0 1.3888893 1.5296303 1.8888887 1.0962957 18.962963 20.222221 22.777779 13.888889 3.7777777 11.444445 -15.222222 22.777779 0.38838536 -1.3341274 BRICKFACE 
26.0 91.0 9 0.11111111 0.0 2.0 2.177777 2.5555556 2.1629624 19.74074 19.777779 24.555555 14.888889 0.11111111 14.444445 -14.555555 24.555555 0.39415666 -1.5522503 BRICKFACE 
100.0 124.0 9 0.0 0.0 0.27777767 0.06296294 0.99999994 0.4444444 7.0740743 8.222222 8.777778 4.2222223 3.4444444 5.111111 -8.555555 9.0 0.5311728 -1.1570816 BRICKFACE 
120.0 136.0 9 0.0 0.0 0.61111116 0.4185187 1.0000001 0.4444444 6.259259 7.7777777 7.2222223 3.7777777 4.5555553 2.8888888 -7.4444447 8.0 0.52954143 -0.92460656 BRICKFACE 
240.0 145.0 9 0.0 0.0 0.38888896 0.15185192 0.50000006 0.12222223 4.0740743 5.3333335 5.0 1.8888888 3.7777777 2.7777777 -6.5555553 5.4444447 0.65555555 -0.9594855 BRICKFACE 
60.0 131.0 9 0.0 0.0 0.33333334 0.088888854 0.33333325 0.08888887 5.2222223 7.2222223 5.4444447 3.0 6.0 0.6666667 -6.6666665 7.2222223 0.5813492 -0.62122244 BRICKFACE 
217.0 145.0 9 0.0 0.0 0.5555556 0.16296291 0.72222215 0.06296298 5.296296 6.3333335 6.5555553 3.0 3.1111112 3.7777777 -6.888889 7.0 0.56415343 -1.0689679 BRICKFACE 
117.0 147.0 9 0.0 0.0 0.6111111 0.10740735 0.77777785 0.5629629 6.7777777 5.4444447 11.0 3.8888888 -4.0 12.666667 -8.666667 11.0 0.64367795 -1.7833879 BRICKFACE 
14.0 134.0 9 0.0 0.0 0.38888884 0.062962994 0.38888893 0.062963024 5.296296 6.7777777 6.2222223 2.8888888 4.4444447 2.7777777 -7.2222223 7.0 0.5873016 -0.91263086 BRICKFACE 
231.0 123.0 9 0.0 0.0 0.66666675 0.08888893 0.38888893 0.15185189 5.814815 7.111111 6.888889 3.4444444 3.8888888 3.2222223 -7.111111 7.3333335 0.53174603 -0.9884131 BRICKFACE 
151.0 114.0 9 0.0 0.0 0.6111111 0.19629627 1.0000001 0.53333306 6.2222223 7.5555553 7.4444447 3.6666667 4.0 3.6666667 -7.6666665 7.888889 0.53791887 -1.0108004 BRICKFACE 
156.0 123.0 9 0.0 0.0 0.38888884 0.15185185 0.38888893 0.062963024 6.111111 8.0 6.7777777 3.5555556 5.6666665 2.0 -7.6666665 8.0 0.555776 -0.7616482 BRICKFACE 
228.0 114.0 9 0.0 0.0 0.38888875 0.06296294 0.83333325 0.12222214 5.888889 7.0 7.4444447 3.2222223 3.3333333 4.6666665 -8.0 7.4444447 0.5674603 -1.1518371 BRICKFACE 
16.0 117.0 9 0.0 0.0 0.27777776 0.15185185 0.50000006 0.2111111 5.888889 6.888889 7.4444447 3.3333333 3.0 4.6666665 -7.6666665 7.4444447 0.5535714 -1.1796917 BRICKFACE 
57.0 117.0 9 0.0 0.0 0.4444445 0.20740739 0.38888893 0.06296291 6.3333335 7.6666665 7.4444447 3.8888888 4.0 3.3333333 -7.3333335 8.0 0.51036155 -0.98394656 BRICKFACE 
112.0 114.0 9 0.0 0.0 0.7222224 0.06296291 0.6666668 0.0444444 5.259259 6.5555553 6.111111 3.1111112 3.8888888 2.5555556 -6.4444447 6.6666665 0.5343915 -0.9106101 BRICKFACE 
227.0 116.0 9 0.0 0.0 0.38888875 0.15185185 0.22222225 0.07407413 5.4074073 6.5555553 6.7777777 2.8888888 3.4444444 4.111111 -7.5555553 6.888889 0.58002645 -1.093148 BRICKFACE 
239.0 122.0 9 0.0 0.0 0.27777776 0.06296293 0.33333334 0.17777774 5.5555553 7.0 6.6666665 3.0 4.3333335 3.3333333 -7.6666665 7.2222223 0.5813492 -0.95343477 BRICKFACE 
105.0 139.0 9 0.0 0.0 0.27777782 0.107407436 0.83333325 0.52222216 6.111111 7.5555553 7.2222223 3.5555556 4.3333335 3.3333333 -7.6666665 7.5555553 0.5326279 -0.96594584 BRICKFACE 
16.0 128.0 9 0.0 0.0 0.5 0.077777766 0.66666675 0.31111118 5.5555553 6.888889 6.6666665 3.1111112 4.0 3.3333333 -7.3333335 7.111111 0.56150794 -0.98581076 BRICKFACE 
161.0 136.0 9 0.0 0.0 0.6111111 0.19629627 0.44444442 0.074074 5.6296296 7.111111 6.4444447 3.3333333 4.4444447 2.4444444 -6.888889 7.2222223 0.53571427 -0.8965326 BRICKFACE 
77.0 124.0 9 0.0 0.0 0.50000006 0.12222217 0.6111111 0.06296294 5.111111 6.888889 5.6666665 2.7777777 5.3333335 1.6666666 -7.0 6.888889 0.59589946 -0.7526692 BRICKFACE 
62.0 123.0 9 0.0 0.0 0.44444442 0.2074074 0.5 0.12222223 5.814815 7.5555553 6.6666665 3.2222223 5.2222223 2.5555556 -7.7777777 7.5555553 0.5734127 -0.83759767 BRICKFACE 
229.0 124.0 9 0.0 0.0 0.888889 0.074073985 0.8888889 0.3407407 5.888889 7.111111 7.111111 3.4444444 3.6666667 3.6666667 -7.3333335 7.5555553 0.5458554 -1.0376626 BRICKFACE 
14.0 138.0 9 0.0 0.0 0.50000006 0.12222217 0.50000006 0.077777766 4.962963 6.7777777 5.4444447 2.6666667 5.4444447 1.4444444 -6.888889 6.7777777 0.603836 -0.72289366 BRICKFACE 
192.0 142.0 9 0.11111111 0.0 0.50000006 0.12222217 1.5000001 0.52222186 4.6666665 6.7777777 4.888889 2.3333335 6.3333335 0.6666667 -7.0 6.7777777 0.662037 -0.60486406 BRICKFACE 
151.0 138.0 9 0.0 0.0 0.44444442 0.07407406 0.44444433 0.074074075 5.4444447 7.0 6.3333335 3.0 4.6666665 2.6666667 -7.3333335 7.0 0.5674603 -0.8805207 BRICKFACE 
237.0 135.0 9 0.0 0.0 0.5555556 0.20740725 0.66666675 0.35555547 4.148148 5.6666665 4.7777777 2.0 4.5555553 1.8888888 -6.4444447 5.6666665 0.6472222 -0.8078477 BRICKFACE 
108.0 113.0 9 0.0 0.0 0.44444442 0.2074074 0.44444442 0.11851859 5.5185184 6.888889 6.6666665 3.0 4.111111 3.4444444 -7.5555553 6.888889 0.56613755 -0.9893081 BRICKFACE 
182.0 134.0 9 0.0 0.0 0.6111112 0.24074072 0.72222215 0.06296298 5.888889 7.6666665 6.6666665 3.3333333 5.3333335 2.3333333 -7.6666665 7.888889 0.57760143 -0.8060425 BRICKFACE 
177.0 129.0 9 0.0 0.0 0.44444433 0.25185192 1.111111 0.29629606 6.4074073 8.0 7.4444447 3.7777777 4.7777777 3.1111112 -7.888889 8.222222 0.5418871 -0.9127656 BRICKFACE 
19.0 147.0 9 0.0 0.0 0.22222225 0.0740741 0.4999999 0.077777766 4.148148 3.8888888 6.6666665 1.8888888 -0.7777778 7.5555553 -6.7777777 7.0 0.7132275 -1.4756428 BRICKFACE 
58.0 122.0 9 0.0 0.0 0.27777782 0.10740742 0.55555564 0.11851851 5.6296296 7.0 6.6666665 3.2222223 4.111111 3.1111112 -7.2222223 7.2222223 0.5515873 -0.9647966 BRICKFACE 
15.0 123.0 9 0.0 0.0 0.44444445 0.11851848 0.4444444 0.118518606 4.5555553 6.0 5.3333335 2.3333335 4.3333335 2.3333333 -6.6666665 6.0 0.6116402 -0.85354733 BRICKFACE 
29.0 125.0 9 0.0 0.0 0.38888875 0.06296301 0.6666667 0.1777776 5.851852 7.2222223 6.888889 3.4444444 4.111111 3.1111112 -7.2222223 7.3333335 0.5297619 -0.9442725 BRICKFACE 
239.0 143.0 9 0.0 0.0 0.33333328 0.04444445 0.6666667 0.1333334 4.5185184 6.111111 5.4444447 2.0 4.7777777 2.7777777 -7.5555553 6.111111 0.67407405 -0.8782905 BRICKFACE 
196.0 124.0 9 0.0 0.0 0.22222209 0.029629592 0.8333332 0.38888887 6.2222223 7.5555553 7.4444447 3.6666667 4.0 3.6666667 -7.6666665 8.0 0.5421076 -1.0114845 BRICKFACE 
80.0 124.0 9 0.0 0.0 0.5555556 0.16296288 0.44444442 0.029629659 5.111111 6.6666665 6.0 2.6666667 4.6666665 2.6666667 -7.3333335 6.7777777 0.6084656 -0.877707 BRICKFACE 
155.0 140.0 9 0.0 0.0 0.44444442 0.11851859 0.66666675 0.08888887 5.0 6.5555553 5.5555553 2.8888888 4.6666665 1.6666666 -6.3333335 6.6666665 0.56415343 -0.7836471 BRICKFACE 
176.0 118.0 9 0.0 0.0 0.38888893 0.15185189 0.7222221 0.19629624 6.0740743 7.6666665 7.0 3.5555556 4.7777777 2.7777777 -7.5555553 7.6666665 0.5376984 -0.8782905 BRICKFACE 
38.0 112.0 9 0.0 0.0 0.55555564 0.3851852 1.0000001 0.0888888 6.2222223 7.0 8.111112 3.5555556 2.3333333 5.6666665 -8.0 8.111112 0.5591711 -1.2739921 BRICKFACE 
136.0 139.0 9 0.0 0.0 0.6666667 0.17777774 0.7777776 0.20740725 5.3333335 6.5555553 6.4444447 3.0 3.6666667 3.3333333 -7.0 6.888889 0.5667989 -1.004936 BRICKFACE 
194.0 118.0 9 0.0 0.0 0.4444445 0.11851848 0.4444445 0.16296297 6.259259 7.5555553 7.6666665 3.5555556 3.8888888 4.2222223 -8.111111 7.7777777 0.5438712 -1.0761977 BRICKFACE 
108.0 111.0 9 0.0 0.0 0.5555555 0.16296291 2.5555553 0.38518727 3.8148148 4.111111 5.5555553 1.7777778 0.8888889 5.2222223 -6.111111 5.5555553 0.7156085 -1.4372399 BRICKFACE 
18.0 66.0 9 0.0 0.0 8.666665 9.089677 10.944443 5.289054 39.88889 32.333336 49.555557 37.77778 -22.666666 29.0 -6.3333335 49.555557 0.3501687 -2.43063 FOLIAGE 
18.0 87.0 9 0.0 0.0 1.5555555 1.9626132 1.8888887 1.7469552 2.925926 1.2222222 5.6666665 1.8888888 -5.111111 8.222222 -3.1111112 5.6666665 0.86277056 -2.2294934 FOLIAGE 
45.0 126.0 9 0.0 0.0 7.0 3.870114 2.5555556 1.7971169 10.185185 4.888889 17.222223 8.444445 -15.888889 21.11111 -5.2222223 17.222223 0.7364309 -2.4498394 FOLIAGE 
68.0 122.0 9 0.0 0.0 2.777778 2.0294137 1.5555559 1.9962927 20.148148 14.222222 31.11111 15.111111 -17.777779 32.88889 -15.111111 31.11111 0.54582953 -2.0601704 FOLIAGE 
76.0 138.0 9 0.0 0.22222222 3.2222226 3.8796716 5.5 2.4289908 16.518518 9.888889 24.777779 14.888889 -19.88889 24.777779 -4.888889 24.777779 0.60921985 -2.4395385 FOLIAGE 
103.0 130.0 9 0.0 0.0 0.33333334 0.0 0.27777776 0.38968173 0.7777778 0.0 2.3333335 0.0 -2.3333333 4.6666665 -2.3333333 2.3333335 1.0 -2.0943952 FOLIAGE 
201.0 120.0 9 0.11111111 0.0 3.9444444 14.774076 3.722222 9.618522 3.7407408 1.4444444 7.6666665 2.1111112 -6.888889 11.777778 -4.888889 7.6666665 0.8930539 -2.180291 FOLIAGE 
207.0 97.0 9 0.0 0.0 0.88888884 0.65185195 0.7777777 0.4740743 2.6296296 0.5555556 5.888889 1.4444444 -6.2222223 9.777778 -3.5555556 5.888889 0.91534394 -2.2690227 FOLIAGE 
239.0 123.0 9 0.0 0.0 0.5 0.077777736 0.5 0.16666667 1.5185186 0.0 4.2222223 0.33333334 -4.5555553 8.111111 -3.5555556 4.2222223 1.0 -2.1640944 FOLIAGE 
196.0 100.0 9 0.0 0.0 7.277777 83.351845 5.777778 68.87406 8.148149 4.666667 13.333333 6.4444447 -10.444445 15.555555 -5.111111 13.333333 0.7380342 -2.2898738 FOLIAGE 
240.0 79.0 9 0.0 0.0 16.277779 40.862957 14.166667 155.3222 32.77778 24.333334 45.77778 28.222221 -25.333334 39.0 -13.666667 45.77778 0.48906165 -2.2862954 FOLIAGE 
118.0 133.0 9 0.0 0.0 0.22222221 0.029629631 0.22222221 0.029629631 0.7407407 0.0 2.2222223 0.0 -2.2222223 4.4444447 -2.2222223 2.2222223 1.0 -2.0943952 FOLIAGE 
14.0 120.0 9 0.0 0.0 0.3333333 0.13333331 0.44444442 0.29629624 1.5925926 0.0 3.8888888 0.8888889 -4.7777777 6.888889 -2.1111112 3.8888888 1.0 -2.3157208 FOLIAGE 
49.0 95.0 9 0.0 0.0 1.6666665 5.911111 3.0 3.2888885 5.185185 2.2222223 9.444445 3.8888888 -8.888889 12.777778 -3.8888888 9.444445 0.79410774 -2.3264554 FOLIAGE 
96.0 96.0 9 0.0 0.0 1.0 1.5111109 0.8333333 0.29999986 6.296296 2.6666667 11.888889 4.3333335 -10.888889 16.777779 -5.888889 11.888889 0.7788625 -2.2757916 FOLIAGE 
41.0 77.0 9 0.11111111 0.0 1.777778 0.6518514 1.611111 1.5740745 5.0 1.2222222 10.222222 3.5555556 -11.333333 15.666667 -4.3333335 10.222222 0.8916084 -2.3548815 FOLIAGE 
139.0 121.0 9 0.0 0.0 1.0555555 0.41851884 1.1666666 0.83333385 3.7037036 0.7777778 7.7777777 2.5555556 -8.777778 12.222222 -3.4444444 7.7777777 0.9074074 -2.351514 FOLIAGE 
127.0 81.0 9 0.0 0.0 24.33333 442.17786 22.111109 263.09634 42.555557 34.88889 51.77778 41.0 -23.0 27.666666 -4.6666665 51.77778 0.3669463 -2.476481 FOLIAGE 
49.0 116.0 9 0.0 0.0 1.3333334 0.31111145 2.111111 1.3185191 3.0 0.8888889 6.0 2.1111112 -6.3333335 9.0 -2.6666667 6.0 0.8755291 -2.3130133 FOLIAGE 
76.0 106.0 9 0.0 0.0 1.8333334 3.5444427 2.2222223 3.718517 3.6666667 1.0 7.888889 2.1111112 -8.0 12.666667 -4.6666665 7.888889 0.9035714 -2.2555406 FOLIAGE 
7.0 134.0 9 0.0 0.0 0.055555563 0.018518524 0.055555556 0.01851852 0.037037037 0.0 0.11111111 0.0 -0.11111111 0.22222222 -0.11111111 0.11111111 0.11111111 -2.0943952 FOLIAGE 
78.0 100.0 9 0.0 0.0 1.5555553 8.296297 2.5555556 8.829631 4.5925927 1.4444444 9.444445 2.8888888 -9.444445 14.555555 -5.111111 9.444445 0.87633204 -2.2805398 FOLIAGE 
87.0 135.0 9 0.0 0.0 0.38888887 0.24074073 0.33333334 0.17777777 0.962963 0.0 2.7777777 0.11111111 -2.8888888 5.4444447 -2.5555556 2.7777777 1.0 -2.1175485 FOLIAGE 
96.0 133.0 9 0.0 0.0 0.055555556 0.01851852 0.22222222 0.029629637 0.4814815 0.0 1.4444444 0.0 -1.4444444 2.8888888 -1.4444444 1.4444444 1.0 -2.0943952 FOLIAGE 
61.0 119.0 9 0.0 0.0 0.83333325 0.8333332 1.0555555 0.95185167 1.2222222 0.11111111 3.2222223 0.33333334 -3.3333333 6.0 -2.6666667 3.2222223 0.984127 -2.133095 FOLIAGE 
97.0 123.0 9 0.0 0.0 0.38888887 0.01851856 0.16666666 0.077777766 1.1481482 0.0 3.4444444 0.0 -3.4444444 6.888889 -3.4444444 3.4444444 1.0 -2.0943952 FOLIAGE 
115.0 138.0 9 0.0 0.0 0.33333334 0.0888889 0.33333334 0.1777778 0.7777778 0.0 2.3333335 0.0 -2.3333333 4.6666665 -2.3333333 2.3333335 1.0 -2.0943952 FOLIAGE 
16.0 82.0 9 0.0 0.0 4.3333335 41.288895 6.222223 66.65185 8.481482 4.3333335 14.555555 6.5555553 -12.444445 18.222221 -5.7777777 14.555555 0.7428191 -2.3206284 FOLIAGE 
2.0 96.0 9 0.0 0.0 3.833333 13.2777815 2.3333333 7.5111103 5.2222223 2.1111112 9.777778 3.7777777 -9.333333 13.666667 -4.3333335 9.777778 0.82478386 -2.3306925 FOLIAGE 
48.0 79.0 9 0.0 0.0 1.7777778 1.8518519 1.1666667 1.3222216 5.4074073 1.7777778 10.555555 3.8888888 -10.888889 15.444445 -4.5555553 10.555555 0.8424523 -2.3397982 FOLIAGE 
31.0 88.0 9 0.11111111 0.0 0.88888884 0.60740745 2.1666665 1.9888896 5.259259 1.5555556 10.111111 4.111111 -11.111111 14.555555 -3.4444444 10.111111 0.85137916 -2.3966565 FOLIAGE 
140.0 125.0 9 0.0 0.0 0.66666657 0.22222227 2.6666667 3.7777781 3.925926 1.5555556 7.7777777 2.4444444 -7.111111 11.555555 -4.4444447 7.7777777 0.85319865 -2.2342408 FOLIAGE 
124.0 101.0 9 0.0 0.11111111 3.3888886 27.97407 6.4444447 59.496284 10.185185 5.7777777 15.555555 9.222222 -13.222222 16.11111 -2.8888888 15.555555 0.70008737 -2.4480398 FOLIAGE 
110.0 92.0 9 0.11111111 0.0 1.8888887 4.0296297 2.277778 3.529629 7.4444447 3.2222223 12.666667 6.4444447 -12.666667 15.666667 -3.0 12.666667 0.7590125 -2.452176 FOLIAGE 
2.0 114.0 9 0.0 0.0 0.8333333 0.12222227 0.27777782 0.06296296 1.7407408 0.7777778 3.8888888 0.5555556 -2.8888888 6.4444447 -3.5555556 3.8888888 0.88148147 -2.0270298 FOLIAGE 
59.0 99.0 9 0.0 0.0 0.77777785 0.8296297 0.99999994 0.3555556 2.0370371 0.11111111 5.5555553 0.44444445 -5.7777777 10.555555 -4.7777777 5.5555553 0.9861111 -2.149743 FOLIAGE 
100.0 115.0 9 0.11111111 0.0 0.77777785 0.16296305 0.7222223 0.32962963 2.7407408 0.33333334 6.2222223 1.6666666 -7.2222223 10.444445 -3.2222223 6.2222223 0.9543651 -2.3218653 FOLIAGE 
113.0 128.0 9 0.0 0.0 0.22222222 0.07407408 0.38888887 0.15185186 0.7407407 0.0 2.2222223 0.0 -2.2222223 4.4444447 -2.2222223 2.2222223 1.0 -2.0943952 FOLIAGE 
49.0 112.0 9 0.11111111 0.0 1.3333334 1.3777776 1.5555555 1.7185184 3.8148148 1.1111112 7.2222223 3.1111112 -8.111111 10.222222 -2.1111112 7.2222223 0.86766475 -2.4357176 FOLIAGE 
26.0 82.0 9 0.0 0.0 1.5555553 0.4740743 2.111111 4.3851857 5.5925927 1.7777778 10.222222 4.7777777 -11.444445 13.888889 -2.4444444 10.222222 0.843607 -2.4519827 FOLIAGE 
46.0 88.0 9 0.0 0.0 1.5 1.3666672 1.5555557 1.2740738 3.2962964 0.6666667 7.6666665 1.5555556 -7.888889 13.111111 -5.2222223 7.6666665 0.92957354 -2.2165444 FOLIAGE 
11.0 118.0 9 0.0 0.0 0.27777776 0.15185185 0.38888893 0.06296293 0.7037037 0.0 2.0 0.11111111 -2.1111112 3.8888888 -1.7777778 2.0 1.0 -2.132635 FOLIAGE 
38.0 116.0 9 0.0 0.0 0.9444445 0.24074072 1.2222222 1.0962965 2.8148148 0.5555556 5.6666665 2.2222223 -6.7777777 8.555555 -1.7777778 5.6666665 0.9126984 -2.4202576 FOLIAGE 
18.0 90.0 9 0.0 0.0 1.0555555 0.37407416 0.6666667 0.22222227 2.8148148 0.5555556 6.888889 1.0 -6.7777777 12.222222 -5.4444447 6.888889 0.9261464 -2.1643226 FOLIAGE 
95.0 127.0 9 0.0 0.0 0.22222222 0.07407406 0.22222222 0.02962962 0.6296296 0.0 1.8888888 0.0 -1.8888888 3.7777777 -1.8888888 1.8888888 1.0 -2.0943952 FOLIAGE 
17.0 110.0 9 0.11111111 0.0 1.2777778 1.2629629 2.7222223 2.9962952 3.9629629 1.4444444 6.4444447 4.0 -7.5555553 7.4444447 0.11111111 6.4444447 0.80665785 -2.6186507 FOLIAGE 
75.0 122.0 9 0.0 0.0 0.72222227 0.24074064 0.8333333 0.38888904 1.5925926 0.0 4.4444447 0.33333334 -4.7777777 8.555555 -3.7777777 4.4444447 1.0 -2.1535993 FOLIAGE 
78.0 99.0 9 0.0 0.0 1.611111 8.018518 3.0555553 14.7740755 4.148148 1.1111112 9.0 2.3333335 -9.111111 14.555555 -5.4444447 9.0 0.91089994 -2.2556732 FOLIAGE 
5.0 118.0 9 0.0 0.0 0.22222222 0.07407408 0.33333334 0.0888889 0.9259259 0.0 2.5555556 0.22222222 -2.7777777 4.888889 -2.1111112 2.5555556 1.0 -2.1712801 FOLIAGE 
56.0 107.0 9 0.0 0.11111111 4.555556 13.407408 6.7777786 23.185177 7.962963 4.5555553 13.0 6.3333335 -10.222222 15.111111 -4.888889 13.0 0.7305922 -2.2917624 FOLIAGE 
71.0 95.0 9 0.0 0.0 2.111111 3.6296296 2.6666665 3.5555563 9.518518 4.7777777 15.444445 8.333334 -14.222222 17.777779 -3.5555556 15.444445 0.6989016 -2.4450119 FOLIAGE 
126.0 141.0 9 0.0 0.0 1.3888887 1.3518527 0.88888884 0.8296295 3.2592592 0.44444445 7.6666665 1.6666666 -8.444445 13.222222 -4.7777777 7.6666665 0.95308644 -2.2571225 FOLIAGE 
33.0 117.0 9 0.0 0.0 0.2777778 0.018518511 0.11111111 0.029629635 1.074074 0.0 3.1111112 0.11111111 -3.2222223 6.111111 -2.8888888 3.1111112 1.0 -2.132635 FOLIAGE 
140.0 124.0 9 0.0 0.0 1.0 0.44444454 1.1111112 1.0518516 2.5185184 0.22222222 6.111111 1.2222222 -6.888889 10.777778 -3.8888888 6.111111 0.97376543 -2.267462 FOLIAGE 
137.0 141.0 9 0.0 0.0 0.055555563 0.13608278 0.055555556 0.13608277 0.037037037 0.0 0.11111111 0.0 -0.11111111 0.22222222 -0.11111111 0.11111111 0.11111111 -2.0943952 WINDOW 
253.0 150.0 9 0.0 0.0 0.0 0.0 0.0 0.0 0.0 0.0 0.0 0.0 0.0 0.0 0.0 0.0 0.0 0.0 WINDOW 
138.0 144.0 9 0.0 0.0 0.8888889 0.86066306 0.2777778 0.53402734 0.6666667 0.5555556 1.0 0.44444445 -0.33333334 1.0 -0.6666667 1.0 0.37037036 -1.9042695 WINDOW 
232.0 149.0 9 0.0 0.0 0.0 0.0 0.0 0.0 0.0 0.0 0.0 0.0 0.0 0.0 0.0 0.0 0.0 0.0 WINDOW 
161.0 154.0 9 0.0 0.0 0.0 0.0 0.0 0.0 0.0 0.0 0.0 0.0 0.0 0.0 0.0 0.0 0.0 0.0 WINDOW 
170.0 88.0 9 0.0 0.0 0.72222203 0.3896814 0.8333333 0.4594679 22.333334 18.222221 29.333334 19.444445 -12.333333 21.0 -8.666667 29.333334 0.3786151 -2.2082899 WINDOW 
178.0 138.0 9 0.0 0.0 0.11111108 0.17213255 0.05555554 0.13608274 1.3703704 1.0 3.1111112 0.0 -1.1111112 5.2222223 -4.111111 3.1111112 1.0 -1.755017 WINDOW 
213.0 86.0 9 0.0 0.0 0.833333 0.18257454 0.3888887 0.3277307 17.148148 13.222222 24.666666 13.555555 -11.777778 22.555555 -10.777778 24.666666 0.46348011 -2.123611 WINDOW 
202.0 140.0 9 0.0 0.0 0.72222215 0.49065349 0.44444445 0.34426528 1.037037 0.7777778 1.8888888 0.44444445 -0.7777778 2.5555556 -1.7777778 1.8888888 0.8148148 -1.8388771 WINDOW 
203.0 83.0 9 0.0 0.0 0.3888893 0.1360832 0.22222233 0.40368673 17.074074 12.888889 24.88889 13.444445 -12.555555 23.444445 -10.888889 24.88889 0.48185185 -2.1437612 WINDOW 
250.0 131.0 9 0.0 0.0 0.0 0.0 0.0 0.0 0.0 0.0 0.0 0.0 0.0 0.0 0.0 0.0 0.0 0.0 WINDOW 
22.0 114.0 9 0.11111111 0.0 0.94444436 1.1626916 1.1666664 0.40824813 30.481482 24.444445 40.77778 26.222221 -18.11111 30.88889 -12.777778 40.77778 0.4005362 -2.2071579 WINDOW 
33.0 99.0 9 0.0 0.0 1.5555557 1.2590411 2.4444444 1.128749 15.481482 11.222222 23.777779 11.444445 -12.777778 24.88889 -12.111111 23.777779 0.54147977 -2.112503 WINDOW 
76.0 89.0 9 0.0 0.0 1.0555558 0.952579 3.2777784 2.4532664 16.814816 12.888889 24.444445 13.111111 -11.777778 22.88889 -11.111111 24.444445 0.47304532 -2.11184 WINDOW 
137.0 92.0 9 0.0 0.0 7.3888893 7.3799014 0.7777779 0.34426498 9.962963 7.111111 15.555555 7.2222223 -8.555555 16.777779 -8.222222 15.555555 0.6084366 -2.0967047 WINDOW 
112.0 120.0 9 0.11111111 0.0 1.3333334 1.0327947 2.222222 1.7083671 21.555555 17.555555 28.666666 18.444445 -12.0 21.333334 -9.333333 28.666666 0.38675025 -2.1774175 WINDOW 
113.0 114.0 9 0.0 0.0 0.94444466 0.5074079 0.33333364 0.08888922 25.814816 21.0 34.666668 21.777779 -14.444445 26.555555 -12.111111 34.666668 0.39392713 -2.1527398 WINDOW 
136.0 92.0 9 0.0 0.0 8.055554 44.774082 1.0 0.17777748 15.407408 11.666667 22.666666 11.888889 -11.222222 21.777779 -10.555555 22.666666 0.53354967 -2.1132734 WINDOW 
243.0 94.0 9 0.0 0.0 0.6666666 0.31111112 0.22222221 0.029629631 1.1851852 0.22222222 3.2222223 0.11111111 -2.8888888 6.111111 -3.2222223 3.2222223 0.9777778 -2.0712416 WINDOW 
123.0 94.0 9 0.0 0.0 0.50000066 0.07777796 0.8333333 0.033333335 21.444445 16.88889 30.444445 17.0 -13.666667 27.0 -13.333333 30.444445 0.4521822 -2.1009657 WINDOW 
208.0 90.0 9 0.0 0.0 2.8888886 2.5629659 0.72222215 0.06296298 5.148148 2.7777777 10.0 2.6666667 -7.111111 14.555555 -7.4444447 10.0 0.79721206 -2.073429 WINDOW 
242.0 89.0 9 0.0 0.0 0.5 0.47777787 0.9444445 0.5518519 1.8148148 0.7777778 4.111111 0.5555556 -3.1111112 6.888889 -3.7777777 4.111111 0.8962963 -2.0422592 WINDOW 
211.0 139.0 9 0.0 0.0 0.33333334 0.0888889 0.27777782 0.06296302 5.2222223 3.2222223 9.555555 2.8888888 -6.0 13.0 -7.0 9.555555 0.69660497 -2.04457 WINDOW 
94.0 140.0 9 0.0 0.0 0.16666667 0.033333328 0.33333328 0.044444434 3.0370371 1.7777778 6.111111 1.2222222 -3.7777777 9.222222 -5.4444447 6.111111 0.79788357 -1.9857694 WINDOW 
121.0 134.0 9 0.0 0.0 0.22222228 0.029629644 0.8333333 0.07777786 1.6666666 0.6666667 4.0 0.33333334 -3.0 7.0 -4.0 4.0 0.93703705 -2.0131435 WINDOW 
223.0 141.0 9 0.11111111 0.0 2.111111 1.8074076 0.7777777 0.16296323 9.851851 6.0 16.555555 7.0 -11.555555 20.11111 -8.555555 16.555555 0.6402237 -2.191662 WINDOW 
104.0 137.0 9 0.0 0.0 0.2777778 0.1518518 0.2777778 0.1518518 3.7037036 2.1111112 7.111111 1.8888888 -4.7777777 10.222222 -5.4444447 7.111111 0.7319224 -2.0584507 WINDOW 
54.0 133.0 9 0.0 0.0 1.5555557 1.0074074 0.50000006 0.3444443 5.3703704 3.6666667 9.0 3.4444444 -5.111111 10.888889 -5.7777777 9.0 0.6304714 -2.0480003 WINDOW 
68.0 135.0 9 0.0 0.0 0.83333343 0.47777793 0.3333334 0.2666667 6.2222223 4.0 10.444445 4.2222223 -6.6666665 12.666667 -6.0 10.444445 0.6175926 -2.1255164 WINDOW 
96.0 135.0 9 0.0 0.0 0.38888893 0.06296293 0.16666664 0.033333324 1.925926 1.0 4.4444447 0.33333334 -2.7777777 7.5555553 -4.7777777 4.4444447 0.92777777 -1.9313321 WINDOW 
10.0 137.0 9 0.0 0.0 0.5555555 0.07407411 0.2777778 0.018518511 0.9259259 0.11111111 2.6666667 0.0 -2.4444444 5.2222223 -2.7777777 2.6666667 1.0 -2.0561552 WINDOW 
174.0 112.0 9 0.0 0.0 2.3888881 0.99629515 0.6666663 0.79999924 31.62963 24.222221 43.666668 27.0 -22.222221 36.11111 -13.888889 43.666668 0.4450395 -2.2447722 WINDOW 
162.0 94.0 9 0.0 0.0 9.611112 39.262947 0.55555576 0.25185204 15.37037 10.666667 23.777779 11.666667 -14.111111 25.222221 -11.111111 23.777779 0.59959364 -2.142756 WINDOW 
235.0 88.0 9 0.0 0.0 0.3333335 0.044444498 0.4444445 0.074074045 12.259259 7.5555553 21.11111 8.111112 -14.111111 26.555555 -12.444445 21.11111 0.6417749 -2.136677 WINDOW 
237.0 91.0 9 0.0 0.0 0.61111087 0.018518543 0.61111087 0.19629624 12.148149 7.5555553 20.666668 8.222222 -13.777778 25.555555 -11.777778 20.666668 0.63446367 -2.1475708 WINDOW 
184.0 91.0 9 0.0 0.0 1.222222 0.38518563 0.3888893 0.10740757 24.074074 17.777779 34.88889 19.555555 -18.88889 32.444443 -13.555555 34.88889 0.48999 -2.2024248 WINDOW 
235.0 86.0 9 0.0 0.0 0.27777782 0.018518519 0.27777782 0.062963 12.333333 7.7777777 21.11111 8.111112 -13.666667 26.333334 -12.666667 21.11111 0.63092834 -2.1201534 WINDOW 
167.0 135.0 9 0.0 0.0 0.61111134 0.107407376 0.61111134 0.15185179 31.185184 24.0 43.11111 26.444445 -21.555555 35.77778 -14.222222 43.11111 0.44313568 -2.2278013 WINDOW 
238.0 86.0 9 0.0 0.0 0.44444403 0.02962958 0.33333302 0.044444356 12.0 7.5555553 20.444445 8.0 -13.333333 25.333334 -12.0 20.444445 0.6295031 -2.1283617 WINDOW 
211.0 107.0 9 0.11111111 0.0 2.5555556 2.251853 2.0555558 2.818519 16.74074 11.777778 25.777779 12.666667 -14.888889 27.11111 -12.222222 25.777779 0.5471734 -2.1594636 WINDOW 
174.0 113.0 9 0.0 0.0 2.4999993 1.01111 0.9999997 0.9333328 31.777779 24.444445 43.77778 27.11111 -22.0 36.0 -14.0 43.77778 0.4415065 -2.2388027 WINDOW 
250.0 87.0 9 0.0 0.0 0.72222203 0.24074072 0.61111087 0.37407398 11.148149 6.6666665 19.555555 7.2222223 -13.444445 25.222221 -11.777778 19.555555 0.6593289 -2.1386166 WINDOW 
237.0 83.0 9 0.0 0.0 0.7222223 0.41851845 5.8333335 20.922216 9.888889 6.0 17.0 6.6666665 -11.666667 21.333334 -9.666667 17.0 0.6765811 -2.1502569 WINDOW 
173.0 90.0 9 0.0 0.0 0.6666667 0.2666664 0.8333327 0.3444444 23.518518 17.333334 34.444447 18.777779 -18.555555 32.77778 -14.222222 34.444447 0.4967188 -2.182442 WINDOW 
241.0 135.0 9 0.0 0.0 0.22222225 0.029629627 0.16666667 0.07777778 0.14814815 0.0 0.44444445 0.0 -0.44444445 0.8888889 -0.44444445 0.44444445 0.33333334 -2.0943952 WINDOW 
186.0 89.0 9 0.0 0.0 0.61111134 0.19629638 1.0555557 0.28518525 22.666666 16.444445 33.555557 18.0 -18.666666 32.666668 -14.0 33.555557 0.5094622 -2.188149 WINDOW 
249.0 154.0 9 0.0 0.11111111 4.2222223 18.162964 1.7222223 3.174073 4.296296 2.5555556 7.6666665 2.6666667 -5.2222223 10.111111 -4.888889 7.6666665 0.8153439 -2.0958126 WINDOW 
150.0 152.0 9 0.0 0.0 0.11111108 0.029629618 2.0555556 3.5740747 1.3703704 1.0 2.3333335 0.7777778 -1.1111112 2.8888888 -1.7777778 2.3333335 0.537037 -2.0073514 WINDOW 
150.0 152.0 9 0.0 0.0 0.11111108 0.029629618 2.0555556 3.5740747 1.3703704 1.0 2.3333335 0.7777778 -1.1111112 2.8888888 -1.7777778 2.3333335 0.537037 -2.0073514 WINDOW 
173.0 152.0 9 0.0 0.0 0.22222221 0.029629616 0.8333333 0.16666685 3.5925925 2.6666667 5.7777777 2.3333335 -2.7777777 6.5555553 -3.7777777 5.7777777 0.59973544 -1.997796 WINDOW 
221.0 154.0 9 0.11111111 0.11111111 4.2222223 2.740737 1.2777778 0.5962961 6.4814816 4.3333335 10.777778 4.3333335 -6.4444447 12.888889 -6.4444447 10.777778 0.6248002 -2.0879846 WINDOW 
66.0 155.0 9 0.0 0.0 3.722222 21.796297 7.722223 71.574066 8.259259 5.888889 12.666667 6.2222223 -7.111111 13.222222 -6.111111 12.666667 0.3006237 -2.1476219 WINDOW 
86.0 155.0 9 0.0 0.0 4.277778 10.551853 5.3888893 60.240738 8.740741 6.6666665 12.888889 6.6666665 -6.2222223 12.444445 -6.2222223 12.888889 0.3923854 -2.079296 WINDOW 
43.0 152.0 9 0.0 0.0 1.9444445 1.7074082 1.2222222 0.8296299 1.5185186 1.0 2.8888888 0.6666667 -1.5555556 4.111111 -2.5555556 2.8888888 0.64867723 -1.9332389 WINDOW 
