146.0 201.0 9 0.0 0.0 0.61111087 0.32773054 1.0555555 0.8004625 10.666667 8.666667 7.0 16.333334 -6.0 -11.0 17.0 16.333334 0.5708515 1.9092555 GRASS 
4.0 188.0 9 0.0 0.0 1.5555555 0.68853056 2.333333 0.7601162 15.740741 13.333333 14.0 19.88889 -7.2222223 -5.2222223 12.444445 19.88889 0.3424082 2.2046695 GRASS 
65.0 176.0 9 0.0 0.0 2.8888886 1.4707015 1.5 1.1690452 49.74074 45.22222 61.0 43.0 -13.555555 33.77778 -20.222221 61.0 0.294787 -1.9657031 PATH 
202.0 193.0 9 0.0 0.0 1.111112 0.7503075 3.3888881 2.489236 41.703705 37.88889 50.666668 36.555557 -11.444445 26.88889 -15.444445 50.666668 0.27838665 -1.9929975 PATH 
227.0 195.0 9 0.11111111 0.0 2.5 2.2385526 3.5000007 2.8886762 47.74074 42.77778 58.555557 41.88889 -14.888889 32.444443 -17.555555 58.555557 0.28449497 -2.038956 PATH 
170.0 189.0 9 0.0 0.0 2.277778 1.3235757 2.4444447 1.7847092 51.11111 45.77778 63.333332 44.22222 -16.0 36.666668 -20.666666 63.333332 0.30134642 -2.0089307 PATH 
205.0 190.0 9 0.0 0.0 1.2777773 0.9981452 1.6111107 1.1238158 49.48148 44.77778 60.666668 43.0 -14.111111 33.555557 -19.444445 60.666668 0.29078844 -1.9875989 PATH 
223.0 150.0 9 0.0 0.0 0.0 0.0 0.0 0.0 0.0 0.0 0.0 0.0 0.0 0.0 0.0 0.0 0.0 0.0 WINDOW 
160.0 95.0 9 0.0 0.0 3.2222223 3.544427 0.22222225 0.4036867 2.148148 2.1111112 2.5555556 1.7777778 -0.11111111 1.2222222 -1.1111112 2.5555556 0.10119048 -1.6289082 WINDOW 
223.0 62.0 9 0.0 0.0 0.3333334 0.29814243 0.44444442 0.50184846 6.4444447 4.111111 11.444445 3.7777777 -7.0 15.0 -8.0 11.444445 0.6703704 -2.0487173 WINDOW 
170.0 154.0 9 0.0 0.0 0.11111111 0.17213261 0.055555556 0.13608277 0.074074075 0.0 0.22222222 0.0 -0.22222222 0.44444445 -0.22222222 0.22222222 0.22222222 -2.0943952 WINDOW 
160.0 41.0 9 0.0 0.0 0.8333333 0.8096638 0.22222225 0.17213258 0.7037037 0.5555556 1.2222222 0.33333334 -0.44444445 1.5555556 -1.1111112 1.2222222 0.537037 -1.8451205 WINDOW 
45.0 67.0 9 0.0 0.0 0.6666673 0.2981413 1.055554 0.64692926 64.74074 57.11111 80.44444 56.666668 -22.88889 47.11111 -24.222221 80.44444 0.29814535 -2.0766623 CEMENT 
19.0 62.0 9 0.0 0.0 11.222222 0.8860996 0.6666667 0.36514628 62.814816 53.77778 80.0 54.666668 -27.11111 51.555557 -24.444445 80.0 0.32936445 -2.1262069 CEMENT 
91.0 64.0 9 0.0 0.0 0.94444466 0.71232474 1.0555559 1.0201671 62.0 53.666668 78.111115 54.22222 -25.0 48.333332 -23.333334 78.111115 0.31425992 -2.1180868 CEMENT 
39.0 17.0 9 0.0 0.0 1.1111107 1.0886621 0.88889056 0.8073737 71.18519 63.333332 87.333336 62.88889 -23.555555 48.444443 -24.88889 87.333336 0.2848739 -2.0751612 CEMENT 
55.0 145.0 9 0.0 0.0 5.0555553 2.9770727 1.0 0.4216377 26.777779 24.222221 33.333336 22.777779 -7.6666665 19.666666 -12.0 33.333336 0.31533822 -1.934686 CEMENT 
94.0 80.0 9 0.0 0.0 2.1666653 1.1879028 0.83333397 0.50552523 58.333332 51.22222 72.111115 51.666668 -21.333334 41.333332 -20.0 72.111115 0.2908336 -2.1163511 CEMENT 
104.0 103.0 9 0.11111111 0.0 0.94444466 0.5340273 0.6666673 0.59628505 58.88889 52.22222 72.66667 51.77778 -20.0 41.333332 -21.333334 72.66667 0.28739437 -2.0711336 CEMENT 
83.0 133.0 9 0.11111111 0.0 2.3333347 2.1395726 1.166666 1.0697864 48.666668 41.555557 62.555557 41.88889 -21.333334 41.666668 -20.333334 62.555557 0.33914515 -2.1117887 CEMENT 
42.0 57.0 9 0.0 0.0 1.3888906 0.97562754 0.99999875 0.36514837 65.703705 59.444443 79.44444 58.22222 -18.777779 41.22222 -22.444445 79.44444 0.26677614 -2.0307028 CEMENT 
7.0 154.0 9 0.0 0.11111111 3.0555546 3.8321257 3.8333328 2.178176 50.703705 44.555557 64.0 43.555557 -18.444445 39.88889 -21.444445 64.0 0.3213451 -2.033077 CEMENT 
75.0 65.0 9 0.0 0.0 2.5 1.1105564 1.5555553 0.9349202 57.74074 50.444443 72.66667 50.11111 -21.88889 44.77778 -22.88889 72.66667 0.31478265 -2.077647 CEMENT 
37.0 103.0 9 0.0 0.0 1.7777777 2.1256804 2.9444447 3.421609 3.851852 1.8888888 6.2222223 3.4444444 -5.888889 7.111111 -1.2222222 6.2222223 0.79907405 -2.497929 FOLIAGE 
119.0 115.0 9 0.0 0.11111111 2.4444444 1.5729189 5.0 2.9363625 7.5555553 3.5555556 12.888889 6.2222223 -12.0 16.0 -4.0 12.888889 0.7672355 -2.3909924 FOLIAGE 
93.0 147.0 9 0.0 0.0 3.0555553 3.5864975 3.5555553 3.2157025 7.703704 6.4444447 9.888889 6.7777777 -3.7777777 6.5555553 -2.7777777 9.888889 0.3494709 -2.0645137 FOLIAGE 
109.0 146.0 9 0.0 0.0 0.055555556 0.13608277 0.055555556 0.13608277 0.037037037 0.0 0.11111111 0.0 -0.11111111 0.22222222 -0.11111111 0.11111111 0.11111111 -2.0943952 FOLIAGE 
17.0 85.0 9 0.11111111 0.0 0.8888889 0.72008216 1.111111 0.7200825 1.7777778 0.44444445 3.4444444 1.4444444 -4.0 5.0 -1.0 3.4444444 0.912963 -2.3776238 FOLIAGE 
35.0 67.0 9 0.11111111 0.0 2.6666653 1.1352928 3.833332 1.9407902 106.07407 92.111115 125.55556 100.55556 -41.88889 58.444443 -16.555555 125.55556 0.26643977 -2.3573377 SKY 
253.0 32.0 9 0.0 0.0 0.49999872 0.58689225 1.3333296 0.5577723 116.77778 103.888885 133.33334 113.111115 -38.666668 49.666668 -11.0 133.33334 0.22074823 -2.421193 SKY 
57.0 89.0 9 0.11111111 0.0 0.5555547 0.27216887 1.2777786 0.77220285 106.07407 93.111115 125.44444 99.666664 -38.88889 58.11111 -19.222221 125.44444 0.25774616 -2.3062038 SKY 
145.0 170.0 9 0.0 0.0 1.277778 0.57413363 1.222222 0.86066276 16.407408 12.777778 16.88889 19.555555 -10.888889 1.4444444 9.444445 19.555555 0.34671864 2.7370737 GRASS 
76.0 198.0 9 0.0 0.0 1.7777778 1.2049282 1.5000001 0.69121444 14.555555 12.111111 11.777778 19.777779 -7.3333335 -8.333333 15.666667 19.777779 0.4115727 2.0556724 GRASS 
132.0 223.0 9 0.0 0.0 2.1111112 0.72008204 1.7777777 0.9349196 16.518518 13.222222 13.444445 22.88889 -9.888889 -9.222222 19.11111 22.88889 0.43312526 2.1195462 GRASS 
214.0 84.0 9 0.0 0.0 0.22222202 0.27216527 0.44444466 0.34426498 17.185184 13.0 24.88889 13.666667 -12.555555 23.11111 -10.555555 24.88889 0.47722223 -2.152852 WINDOW 
178.0 134.0 9 0.0 0.0 0.11111108 0.17213255 0.22222222 0.2721655 1.8518518 1.0 3.8888888 0.6666667 -2.5555556 6.111111 -3.5555556 3.8888888 0.8333333 -1.997796 WINDOW 
159.0 83.0 9 0.0 0.0 0.3888887 0.25092387 0.27777734 0.2509239 18.222221 13.333333 26.88889 14.444445 -14.666667 26.0 -11.333333 26.88889 0.50381 -2.178321 WINDOW 
230.0 113.0 9 0.0 0.0 1.111111 0.5018487 0.555556 0.54433125 21.592592 18.11111 27.88889 18.777779 -10.444445 18.88889 -8.444445 27.88889 0.3500821 -2.1636333 WINDOW 
226.0 131.0 9 0.0 0.0 0.0 0.0 0.0 0.0 0.0 0.0 0.0 0.0 0.0 0.0 0.0 0.0 0.0 0.0 WINDOW 
183.0 66.0 9 0.0 0.0 1.277778 0.82775986 2.555556 1.8934586 42.11111 41.555557 45.88889 38.88889 -1.6666666 11.333333 -9.666667 45.88889 0.15200906 -1.6838505 CEMENT 
212.0 68.0 9 0.11111111 0.0 2.8888886 2.083444 1.8333334 0.93689704 37.962963 37.555557 41.666668 34.666668 -1.2222222 11.111111 -9.888889 41.666668 0.16790761 -1.6596414 CEMENT 
166.0 66.0 9 0.0 0.0 0.7777767 0.6554609 5.2777767 4.959466 41.62963 40.555557 46.333332 38.0 -3.2222223 14.111111 -10.888889 46.333332 0.17887476 -1.7485459 CEMENT 
201.0 125.0 9 0.11111111 0.0 1.722222 1.3402604 8.555554 5.725834 43.37037 41.666668 49.0 39.444443 -5.111111 16.88889 -11.777778 49.0 0.19248421 -1.8405788 CEMENT 
138.0 21.0 9 0.0 0.0 0.6666654 0.76011735 1.0 0.5163958 127.296295 116.22222 143.11111 122.55556 -33.22222 47.444443 -14.222222 143.11111 0.18785286 -2.3393772 SKY 
92.0 44.0 9 0.11111111 0.0 0.7222226 0.5741352 1.1666654 1.048809 123.81481 113.44444 138.11111 119.888885 -31.11111 42.88889 -11.777778 138.11111 0.17842785 -2.3672824 SKY 
124.0 201.0 9 0.0 0.0 1.944445 1.9597805 2.0555556 1.306678 17.88889 14.0 14.888889 24.777779 -11.666667 -9.0 20.666666 24.777779 0.43971756 2.1769927 GRASS 
234.0 161.0 9 0.0 0.0 0.888889 0.501849 1.6111113 1.4050179 19.037037 15.111111 17.0 25.0 -11.777778 -6.111111 17.88889 25.0 0.39559862 2.292736 GRASS 
215.0 190.0 9 0.11111111 0.0 1.388889 1.0417223 2.6111114 1.8429048 19.88889 16.0 17.11111 26.555555 -11.666667 -8.333333 20.0 26.555555 0.40352198 2.2044082 GRASS 
207.0 215.0 9 0.0 0.0 3.222222 2.0403335 2.4999998 1.6158936 23.814816 18.11111 22.666666 30.666666 -17.11111 -3.4444444 20.555555 30.666666 0.40983668 2.4717567 GRASS 
242.0 164.0 9 0.11111111 0.0 0.38888898 0.534027 3.222223 1.0470421 19.814816 15.111111 18.777779 25.555555 -14.111111 -3.1111112 17.222221 25.555555 0.40952933 2.4598064 GRASS 
22.0 200.0 9 0.0 0.0 2.8888874 2.4098568 4.8333325 2.622552 54.703705 47.88889 69.0 47.22222 -20.444445 42.88889 -22.444445 69.0 0.3173622 -2.0656626 PATH 
197.0 182.0 9 0.0 0.0 2.222222 1.2590424 3.444444 2.8258078 55.851852 50.11111 69.111115 48.333332 -17.222221 39.77778 -22.555555 69.111115 0.30064347 -2.0015576 PATH 
202.0 182.0 9 0.0 0.0 2.5555546 1.8579167 3.0 2.0548048 55.074074 49.555557 68.111115 47.555557 -16.555555 39.11111 -22.555555 68.111115 0.3016008 -1.9892213 PATH 
130.0 189.0 9 0.11111111 0.0 2.4999993 0.9831926 2.1111114 2.8100357 58.62963 51.77778 73.333336 50.77778 -20.555555 44.11111 -23.555555 73.333336 0.30798513 -2.0480576 PATH 
148.0 192.0 9 0.11111111 0.0 4.0000005 2.1807232 4.944445 3.866763 58.11111 51.77778 72.0 50.555557 -19.0 41.666668 -22.666666 72.0 0.2993077 -2.0340476 PATH 
96.0 196.0 9 0.0 0.0 3.4999988 1.2605116 7.3888893 3.6782641 63.51852 56.0 79.111115 55.444443 -22.555555 46.77778 -24.222221 79.111115 0.30158615 -2.0704408 PATH 
68.0 198.0 9 0.0 0.11111111 2.8888886 2.8803296 3.0555553 2.8706684 58.074074 51.444443 71.888885 50.88889 -19.88889 41.444443 -21.555555 71.888885 0.29130092 -2.0648882 PATH 
73.0 201.0 9 0.0 0.11111111 0.7222226 0.64693 4.444444 2.4555306 58.703705 52.88889 72.22222 51.0 -17.444445 40.555557 -23.11111 72.22222 0.29418743 -1.9977362 PATH 
129.0 188.0 9 0.0 0.0 3.6666667 2.0110817 4.6111107 2.4075518 61.074074 53.77778 76.0 53.444443 -21.88889 44.77778 -22.88889 76.0 0.30013013 -2.0790954 PATH 
239.0 174.0 9 0.0 0.0 2.0000007 1.4452988 1.3888887 0.85418344 57.851852 50.444443 73.22222 49.88889 -22.222221 46.11111 -23.88889 73.22222 0.32026085 -2.069045 PATH 
42.0 203.0 9 0.0 0.0 0.94444466 0.6469296 6.055556 2.4623086 54.51852 48.666668 67.111115 47.77778 -17.555555 37.77778 -20.222221 67.111115 0.28979304 -2.0465353 PATH 
219.0 176.0 9 0.0 0.11111111 2.1111119 1.857917 5.111111 2.8414931 60.296295 53.333332 75.66667 51.88889 -20.88889 46.11111 -25.222221 75.66667 0.31446242 -2.0306482 PATH 
134.0 187.0 9 0.0 0.0 1.8888887 1.5153537 2.1111114 1.7847083 59.37037 52.666668 74.111115 51.333332 -20.11111 44.22222 -24.11111 74.111115 0.30745777 -2.03348 PATH 
95.0 191.0 9 0.0 0.11111111 3.1666667 2.786874 6.0000014 5.1854515 60.25926 52.444443 76.22222 52.11111 -23.444445 47.88889 -24.444445 76.22222 0.3208649 -2.0776508 PATH 
25.0 208.0 9 0.0 0.0 5.7222233 4.841564 6.3333344 3.5527778 55.62963 48.22222 70.333336 48.333332 -22.222221 44.11111 -21.88889 70.333336 0.32059526 -2.0945847 PATH 
63.0 203.0 9 0.0 0.0 4.277778 3.7913144 3.4444447 4.0368657 58.48148 52.444443 71.66667 51.333332 -18.11111 39.555557 -21.444445 71.66667 0.28710723 -2.0346415 PATH 
123.0 187.0 9 0.0 0.0 2.6666667 1.8499243 3.444444 1.6555183 58.666668 52.555557 72.55556 50.88889 -18.333334 41.666668 -23.333334 72.55556 0.29855335 -2.0135245 PATH 
4.0 201.0 9 0.0 0.22222222 2.722222 1.6788458 5.2222214 3.1245742 53.703705 47.11111 67.22222 46.77778 -19.777779 40.555557 -20.777779 67.22222 0.30885938 -2.0752265 PATH 
123.0 186.0 9 0.0 0.0 3.6111114 3.0288742 9.444444 7.9321184 51.77778 46.555557 63.666668 45.11111 -15.666667 35.666668 -20.0 63.666668 0.2901475 -2.0141015 PATH 
57.0 89.0 9 0.0 0.0 1.7222222 1.3066783 6.1666665 4.7034264 17.0 13.0 24.555555 13.444445 -12.0 22.666666 -10.666667 24.555555 0.47748852 -2.1297464 WINDOW 
54.0 142.0 9 0.0 0.0 0.7222223 0.82775915 2.0 2.1081848 1.8148148 0.8888889 3.6666667 0.8888889 -2.7777777 5.5555553 -2.7777777 3.6666667 0.76944447 -2.0943952 WINDOW 
47.0 89.0 9 0.0 0.0 0.55555564 0.17213255 3.611111 3.83792 14.222222 10.222222 22.11111 10.333334 -12.0 23.666666 -11.666667 22.11111 0.5488248 -2.1073112 WINDOW 
83.0 117.0 9 0.0 0.0 1.8333334 1.3784049 0.7222223 0.49065298 17.11111 14.555555 23.0 13.777778 -7.6666665 17.666666 -10.0 23.0 0.40220302 -2.005139 WINDOW 
54.0 134.0 9 0.0 0.0 0.22222222 0.029629637 0.055555556 0.01851852 0.5185185 0.0 1.5555556 0.0 -1.5555556 3.1111112 -1.5555556 1.5555556 1.0 -2.0943952 WINDOW 
58.0 140.0 9 0.0 0.0 0.055555556 0.01851852 0.22222225 0.029629627 0.25925925 0.0 0.7777778 0.0 -0.7777778 1.5555556 -0.7777778 0.7777778 0.7777778 -2.0943952 WINDOW 
14.0 135.0 9 0.0 0.0 0.27777776 0.062962964 0.27777776 0.06296293 2.8888888 1.6666666 6.0 1.0 -3.6666667 9.333333 -5.6666665 6.0 0.83227515 -1.958546 WINDOW 
207.0 115.0 9 0.0 0.0 1.0555555 0.3296295 0.16666669 0.033333343 1.2222222 0.44444445 2.8888888 0.33333334 -2.3333333 5.0 -2.6666667 2.8888888 0.93333334 -2.0655363 WINDOW 
41.0 139.0 9 0.0 0.0 0.055555563 0.018518524 0.11111113 0.029629637 1.2962962 0.0 3.8888888 0.0 -3.8888888 7.7777777 -3.8888888 3.8888888 1.0 -2.0943952 WINDOW 
33.0 114.0 9 0.0 0.0 0.55555516 0.07407411 0.49999985 0.21111098 16.11111 11.777778 24.11111 12.444445 -13.0 24.0 -11.0 24.11111 0.51092404 -2.1490734 WINDOW 
199.0 116.0 9 0.0 0.0 0.5555555 0.2962963 0.44444442 0.029629644 1.962963 0.6666667 4.888889 0.33333334 -3.8888888 8.777778 -4.888889 4.888889 0.94074076 -2.018925 WINDOW 
61.0 104.0 9 0.22222222 0.0 1.3888893 0.72962725 1.4444441 0.7407405 57.333332 52.77778 68.22222 51.0 -13.666667 32.666668 -19.0 68.22222 0.25220254 -1.9852214 CEMENT 
224.0 124.0 9 0.0 0.0 3.1666667 9.544442 7.388889 70.1963 43.148148 39.22222 52.666668 37.555557 -11.777778 28.555555 -16.777779 52.666668 0.2909818 -1.9809769 CEMENT 
52.0 82.0 9 0.0 0.0 3.2777786 0.46296388 1.3333334 0.48888907 44.88889 41.555557 53.11111 40.0 -10.0 24.666666 -14.666667 53.11111 0.24660505 -1.9717809 CEMENT 
249.0 87.0 9 0.0 0.0 14.388889 327.26297 13.388889 62.018505 31.703703 28.222221 39.444443 27.444445 -10.444445 23.222221 -12.777778 39.444443 0.31248218 -2.0133824 CEMENT 
41.0 103.0 9 0.0 0.0 2.4444454 3.0962982 1.777778 1.4962941 61.25926 56.0 73.44444 54.333332 -15.777778 36.555557 -20.777779 73.44444 0.25960675 -2.0029202 CEMENT 
165.0 96.0 9 0.0 0.0 2.38889 1.5740778 1.722222 1.2185229 67.03704 61.0 80.22222 59.88889 -18.11111 39.555557 -21.444445 80.22222 0.25459513 -2.0363362 CEMENT 
168.0 70.0 9 0.0 0.0 0.8333333 0.6111117 0.3888893 0.10740789 55.037037 51.555557 64.88889 48.666668 -10.444445 29.555555 -19.11111 64.88889 0.24982914 -1.9079554 CEMENT 
144.0 139.0 9 0.0 0.0 5.5000005 3.9444458 1.3888893 0.5962944 64.666664 57.88889 78.77778 57.333332 -20.333334 42.333332 -22.0 78.77778 0.27568987 -2.065471 CEMENT 
80.0 83.0 9 0.11111111 0.0 1.6666666 1.7777802 1.5000013 0.5666662 49.444443 45.666668 58.666668 44.0 -11.333333 27.666666 -16.333334 58.666668 0.24967904 -1.9736155 CEMENT 
33.0 108.0 9 0.0 0.0 2.944444 4.5962973 6.833332 16.83333 40.0 36.0 48.22222 35.77778 -12.0 24.666666 -12.666667 48.22222 0.26675764 -2.080474 CEMENT 
37.0 78.0 9 0.0 0.0 1.0000006 0.17777735 2.5555565 2.8740728 43.814816 41.11111 51.88889 38.444443 -8.111111 24.222221 -16.11111 51.88889 0.25891644 -1.8860723 CEMENT 
146.0 125.0 9 0.11111111 0.0 0.99999744 0.44444707 2.1666667 1.9444479 69.333336 63.22222 83.111115 61.666668 -18.333334 41.333332 -23.0 83.111115 0.2575994 -2.0195448 CEMENT 
187.0 106.0 9 0.0 0.0 4.055556 12.329637 7.0 53.244434 37.703705 34.11111 45.77778 33.22222 -10.777778 24.222221 -13.444445 45.77778 0.27090696 -2.0101776 CEMENT 
185.0 102.0 9 0.0 0.0 11.055557 73.70736 0.44444528 0.20740719 56.77778 51.11111 69.111115 50.11111 -17.0 37.0 -20.0 69.111115 0.27435303 -2.034054 CEMENT 
197.0 123.0 9 0.0 0.0 0.94444466 0.9518536 2.9999993 1.5555562 44.814816 41.11111 53.77778 39.555557 -11.111111 26.88889 -15.777778 53.77778 0.26327455 -1.9783275 CEMENT 
137.0 66.0 9 0.0 0.0 2.611111 3.040741 2.9444444 3.8851848 28.407408 25.333334 38.22222 21.666666 -9.222222 29.444445 -20.222221 38.22222 0.4305578 -1.8449929 BRICKFACE 
40.0 73.0 9 0.11111111 0.0 1.3888893 1.0851853 1.6111116 2.5074077 20.62963 19.777779 26.777779 15.333333 -2.5555556 18.444445 -15.888889 26.777779 0.42697316 -1.6754649 BRICKFACE 
141.0 89.0 9 0.0 0.0 1.277778 1.4851854 1.6666666 3.6888885 23.88889 23.11111 30.444445 18.11111 -2.3333333 19.666666 -17.333334 30.444445 0.40502182 -1.6640084 BRICKFACE 
75.0 59.0 9 0.0 0.0 1.0555553 0.7740732 2.944445 2.5518503 25.074074 22.333334 34.333336 18.555555 -8.222222 27.777779 -19.555555 34.333336 0.45942742 -1.8363283 BRICKFACE 
125.0 56.0 9 0.0 0.0 2.666666 3.6444438 2.7222216 1.5740722 28.62963 26.11111 37.666668 22.11111 -7.5555553 27.11111 -19.555555 37.666668 0.41393992 -1.8199148 BRICKFACE 
121.0 60.0 9 0.0 0.0 2.277778 2.329629 2.888889 2.8740742 26.74074 24.666666 35.22222 20.333334 -6.2222223 25.444445 -19.222221 35.22222 0.4223002 -1.776113 BRICKFACE 
76.0 81.0 9 0.11111111 0.0 1.888889 1.6740727 1.3333334 2.3999984 22.703703 22.333334 28.777779 17.0 -1.1111112 18.222221 -17.11111 28.777779 0.40920117 -1.6067939 BRICKFACE 
89.0 107.0 9 0.11111111 0.0 1.4444445 1.940741 1.8888894 2.740741 18.88889 19.88889 22.88889 13.888889 3.0 12.0 -15.0 23.0 0.39465594 -1.3578709 BRICKFACE 
38.0 41.0 9 0.11111111 0.0 1.7777777 1.6740736 1.6666666 1.7777781 22.481482 20.777779 29.777779 16.88889 -5.111111 21.88889 -16.777779 29.777779 0.4320471 -1.7716596 BRICKFACE 
2.0 89.0 9 0.0 0.0 1.2222224 1.7629623 2.5555556 3.4962957 18.962963 18.777779 23.88889 14.222222 -0.5555556 14.777778 -14.222222 23.88889 0.40250653 -1.544214 BRICKFACE 
98.0 119.0 9 0.22222222 0.0 1.4444447 0.51851857 2.5555556 5.585183 21.592592 21.333334 27.333334 16.11111 -0.7777778 17.222221 -16.444445 27.333334 0.40821064 -1.5789601 BRICKFACE 
78.0 107.0 9 0.0 0.0 0.8333332 0.65555614 1.6111108 1.92963 17.185184 18.333334 20.666668 12.555555 3.4444444 10.444445 -13.888889 20.777779 0.3952535 -1.3124995 BRICKFACE 
241.0 137.0 9 0.0 0.11111111 4.277778 18.685184 3.8333333 37.500004 5.0 2.5555556 9.0 3.4444444 -7.3333335 12.0 -4.6666665 9.0 0.837478 -2.1939669 FOLIAGE 
197.0 105.0 9 0.0 0.0 3.7222223 15.662961 3.6666663 14.400001 4.148148 1.6666666 8.333334 2.4444444 -7.4444447 12.555555 -5.111111 8.333334 0.88604844 -2.2054374 FOLIAGE 
220.0 124.0 9 0.0 0.0 0.22222221 0.029629631 0.44444442 0.07407406 0.8888889 0.0 2.4444444 0.22222222 -2.6666667 4.6666665 -2.0 2.4444444 1.0 -2.1617603 FOLIAGE 
199.0 100.0 9 0.0 0.0 2.3888886 1.4407414 2.4444444 6.02963 6.0740743 2.7777777 11.555555 3.8888888 -9.888889 16.444445 -6.5555553 11.555555 0.7738155 -2.2262468 FOLIAGE 
234.0 110.0 9 0.0 0.0 0.8333333 0.21111107 0.5 0.56666666 1.8148148 0.11111111 4.888889 0.44444445 -5.111111 9.222222 -4.111111 4.888889 0.984127 -2.1525068 FOLIAGE 
7.0 18.0 9 0.0 0.0 1.2777786 0.7296265 0.9444453 0.37407914 138.62962 133.33334 147.55556 135.0 -15.888889 26.777779 -10.888889 147.55556 0.096352234 -2.2146115 SKY 
180.0 97.0 9 0.0 0.0 0.94444275 0.32963142 1.0 0.6666667 134.37038 126.55556 145.44444 131.11111 -23.444445 33.22222 -9.777778 145.44444 0.12984978 -2.3462343 SKY 
179.0 101.0 9 0.0 0.0 0.44444785 0.3851871 0.61110944 0.32963282 134.92592 126.44444 147.22223 131.11111 -25.444445 36.88889 -11.444445 147.22223 0.14110672 -2.3287346 SKY 
245.0 47.0 9 0.0 0.0 0.8333308 0.12222265 0.99999744 0.48888817 134.77777 127.44444 145.77777 131.11111 -22.0 33.0 -11.0 145.77777 0.12570898 -2.3024402 SKY 
217.0 208.0 9 0.0 0.0 2.5000002 2.1666656 2.6666667 2.4444458 16.074074 12.666667 14.444445 21.11111 -10.222222 -4.888889 15.111111 21.11111 0.40212956 2.3109324 GRASS 
34.0 196.0 9 0.0 0.0 1.3888888 2.0185175 2.3888886 1.2185196 15.703704 12.444445 15.111111 19.555555 -9.777778 -1.7777778 11.555555 19.555555 0.36523178 2.511766 GRASS 
21.0 232.0 9 0.0 0.0 2.3888888 2.6851852 2.277778 2.3740737 13.555555 11.333333 12.333333 17.0 -6.6666665 -3.6666667 10.333333 17.0 0.32791784 2.2831473 GRASS 
86.0 194.0 9 0.0 0.0 1.777778 1.2740743 1.8888888 0.38518524 16.777779 13.222222 16.666668 20.444445 -10.666667 -0.33333334 11.0 20.444445 0.35213172 2.5931067 GRASS 
202.0 208.0 9 0.0 0.0 1.7222223 1.3962964 1.8333334 3.0555542 19.25926 15.555555 17.666668 24.555555 -11.111111 -4.7777777 15.888889 24.555555 0.36886615 2.3967707 GRASS 
196.0 182.0 9 0.0 0.0 1.1666664 0.43333244 0.6111107 0.37407404 19.88889 16.88889 18.11111 24.666666 -9.0 -5.3333335 14.333333 24.666666 0.31489658 2.2716928 GRASS 
37.0 130.0 9 0.0 0.0 0.77777773 0.96296304 1.2777777 0.951852 1.6296296 1.1111112 3.0 0.7777778 -1.5555556 4.111111 -2.5555556 3.0 0.85555553 -1.9598235 WINDOW 
159.0 138.0 9 0.0 0.0 0.16666667 0.16666667 0.3333334 0.13333334 2.6666667 1.1111112 5.888889 1.0 -4.6666665 9.666667 -5.0 5.888889 0.82685184 -2.0778158 WINDOW 
34.0 131.0 9 0.0 0.0 0.3333333 0.17777775 0.72222215 0.5518518 0.8148148 0.33333334 1.8888888 0.22222222 -1.4444444 3.2222223 -1.7777778 1.8888888 0.9259259 -2.0561552 WINDOW 
56.0 140.0 9 0.0 0.0 0.9444444 0.46296272 0.27777776 0.06296294 5.5555553 3.6666667 9.444445 3.5555556 -5.6666665 11.666667 -6.0 9.444445 0.6392537 -2.0722682 WINDOW 
53.0 134.0 9 0.0 0.0 2.1666667 0.3 0.27777767 0.018518496 6.962963 4.666667 11.222222 5.0 -6.888889 12.777778 -5.888889 11.222222 0.5872341 -2.1384587 WINDOW 
9.0 130.0 9 0.0 0.0 0.055555582 0.018518535 2.611111 6.240745 1.7407408 1.0 3.2222223 1.0 -2.2222223 4.4444447 -2.2222223 3.2222223 0.5509259 -2.0943952 WINDOW 
108.0 138.0 9 0.0 0.0 0.2777777 0.062962934 0.5 0.12222223 3.1851852 1.4444444 6.6666665 1.4444444 -5.2222223 10.444445 -5.2222223 6.6666665 0.79960316 -2.08783 WINDOW 
84.0 134.0 9 0.0 0.0 0.44444442 0.118518464 0.72222215 0.1518519 2.1111112 1.0 4.666667 0.6666667 -3.3333333 7.6666665 -4.3333335 4.666667 0.8740741 -2.0131435 WINDOW 
109.0 130.0 9 0.0 0.0 1.111111 0.7407405 9.777778 21.762964 13.037037 9.888889 18.88889 10.333334 -9.444445 17.555555 -8.111111 18.88889 0.5481241 -2.1373706 CEMENT 
66.0 160.0 9 0.0 0.0 3.0000007 4.044447 2.777778 0.4296295 22.851852 18.222221 31.555555 18.777779 -13.888889 26.11111 -12.222222 31.555555 0.4260139 -2.1387258 CEMENT 
58.0 146.0 9 0.11111111 0.0 3.5000002 7.0555553 2.5000007 4.6555552 22.74074 18.11111 31.555555 18.555555 -13.888889 26.444445 -12.555555 31.555555 0.42982522 -2.124871 CEMENT 
137.0 147.0 9 0.11111111 0.0 1.5555557 1.2740756 2.0555556 2.8185174 27.222221 20.555555 38.666668 22.444445 -20.0 34.333332 -14.333333 38.666668 0.4681647 -2.2045748 CEMENT 
21.0 147.0 9 0.11111111 0.0 1.9444445 1.6185181 1.3333331 0.8444448 6.259259 5.7777777 8.444445 4.5555553 -1.4444444 6.5555553 -5.111111 8.666667 0.46406928 -1.5843413 CEMENT 
81.0 158.0 9 0.0 0.0 2.8333333 1.1444448 1.4444447 1.7629628 21.037037 16.777779 29.0 17.333334 -12.777778 23.88889 -11.111111 29.0 0.41915956 -2.142701 CEMENT 
99.0 149.0 9 0.0 0.0 3.6666667 4.577775 2.111111 1.5851847 21.37037 16.666668 30.0 17.444445 -14.111111 25.88889 -11.777778 30.0 0.4451721 -2.1417873 CEMENT 
107.0 146.0 9 0.0 0.0 1.888889 1.0074077 2.111111 1.3185171 21.37037 16.777779 29.666666 17.666668 -13.777778 24.88889 -11.111111 29.666666 0.43278608 -2.1649706 CEMENT 
14.0 146.0 9 0.11111111 0.0 0.888889 0.4740738 1.1111112 0.7407407 10.592592 8.0 15.666667 8.111112 -7.7777777 15.222222 -7.4444447 15.666667 0.48786426 -2.1089108 CEMENT 
62.0 140.0 9 0.0 0.0 2.4444447 1.0074071 1.388889 0.68518525 23.0 17.88889 32.22222 18.88889 -15.333333 27.666666 -12.333333 32.22222 0.4443531 -2.1672623 CEMENT 
21.0 123.0 9 0.0 0.0 0.88888836 0.38518608 1.0 0.3555552 19.296297 15.666667 26.333334 15.888889 -10.888889 21.11111 -10.222222 26.333334 0.4089133 -2.1157336 CEMENT 
229.0 147.0 9 0.0 0.11111111 4.0555553 14.062966 2.5 1.2777781 27.296297 20.88889 38.666668 22.333334 -19.222221 34.11111 -14.888889 38.666668 0.45740503 -2.1744676 CEMENT 
68.0 157.0 9 0.0 0.0 5.8333325 14.344446 1.388889 1.6629623 21.444445 16.88889 30.0 17.444445 -13.666667 25.666666 -12.0 30.0 0.43888178 -2.1343 CEMENT 
193.0 154.0 9 0.0 0.0 1.7222217 2.5518515 2.0 1.8666656 28.148148 21.555555 39.555557 23.333334 -19.777779 34.22222 -14.444445 39.555557 0.45353317 -2.1910727 CEMENT 
98.0 144.0 9 0.0 0.0 0.22222221 0.029629648 0.33333334 0.08888887 1.0 0.0 3.0 0.0 -3.0 6.0 -3.0 3.0 1.0 -2.0943952 FOLIAGE 
133.0 102.0 9 0.0 0.11111111 22.055555 374.5964 29.888887 488.02975 44.037037 37.444443 52.666668 42.0 -19.777779 25.88889 -6.111111 52.666668 0.3978916 -2.4168172 FOLIAGE 
95.0 141.0 9 0.0 0.0 0.72222215 0.24074078 0.72222215 0.1518519 1.5555556 0.11111111 3.6666667 0.8888889 -4.3333335 6.3333335 -2.0 3.6666667 0.9777778 -2.2859912 FOLIAGE 
3.0 78.0 9 0.0 0.11111111 14.833332 356.16672 43.333332 662.35547 79.666664 70.77778 91.44444 76.77778 -26.666666 35.333332 -8.666667 91.44444 0.26973316 -2.4116454 FOLIAGE 
100.0 111.0 9 0.0 0.0 3.7222223 20.951847 4.111111 19.496296 4.888889 2.2222223 9.111111 3.3333333 -8.0 12.666667 -4.6666665 9.111111 0.8646644 -2.2164733 FOLIAGE 
68.0 107.0 9 0.11111111 0.0 1.111111 3.1407404 1.111111 2.5629632 1.7777778 0.22222222 4.5555553 0.5555556 -4.6666665 8.333333 -3.6666667 4.5555553 0.9814815 -2.146531 FOLIAGE 
75.0 98.0 9 0.0 0.0 3.9444444 45.84074 4.6666665 39.288876 5.5185184 2.3333335 10.444445 3.7777777 -9.555555 14.777778 -5.2222223 10.444445 0.8721458 -2.2729733 FOLIAGE 
75.0 131.0 9 0.0 0.0 0.22222222 0.029629637 0.33333334 0.04444442 0.5185185 0.0 1.5555556 0.0 -1.5555556 3.1111112 -1.5555556 1.5555556 1.0 -2.0943952 FOLIAGE 
95.0 95.0 9 0.0 0.0 0.72222227 0.8185186 1.111111 0.25185192 6.4814816 2.3333335 12.555555 4.5555553 -12.444445 18.222221 -5.7777777 12.555555 0.816909 -2.322295 FOLIAGE 
52.0 102.0 9 0.0 0.0 0.72222227 0.50740725 0.8333333 0.5666668 2.8888888 0.6666667 6.3333335 1.6666666 -6.6666665 10.333333 -3.6666667 6.3333335 0.89973545 -2.2617195 FOLIAGE 
129.0 91.0 9 0.0 0.11111111 27.277779 752.24066 25.277779 377.9295 44.296295 38.444443 52.666668 41.77778 -17.555555 25.11111 -7.5555553 52.666668 0.34888473 -2.3202722 FOLIAGE 
40.0 95.0 9 0.0 0.11111111 1.2777778 1.5740741 1.6111112 1.2185184 4.6296296 1.0 9.222222 3.6666667 -10.888889 13.777778 -2.8888888 9.222222 0.90709877 -2.4294486 FOLIAGE 
108.0 144.0 9 0.0 0.0 0.38888893 0.15185183 0.22222222 0.07407406 0.962963 0.0 2.8888888 0.0 -2.8888888 5.7777777 -2.8888888 2.8888888 1.0 -2.0943952 FOLIAGE 
58.0 124.0 9 0.11111111 0.0 1.111111 1.140741 0.5555556 0.47407404 1.1481482 0.11111111 2.7777777 0.5555556 -3.1111112 4.888889 -1.7777778 2.7777777 0.984127 -2.1812904 FOLIAGE 
30.0 91.0 9 0.0 0.0 3.3888886 6.4629617 3.277778 9.040739 6.259259 2.4444444 12.111111 4.2222223 -11.444445 17.555555 -6.111111 12.111111 0.82302064 -2.2827444 FOLIAGE 
51.0 115.0 9 0.0 0.0 0.6666667 0.48888892 1.388889 0.6851847 2.7037036 0.5555556 5.6666665 1.8888888 -6.4444447 8.888889 -2.4444444 5.6666665 0.91798943 -2.3583865 FOLIAGE 
17.0 124.0 9 0.0 0.0 1.1666666 0.6111112 1.4444445 0.7851852 1.1481482 0.22222222 2.6666667 0.5555556 -2.7777777 4.5555553 -1.7777778 2.6666667 0.9537037 -2.1692097 FOLIAGE 
58.0 109.0 9 0.0 0.0 0.8888889 0.25185165 2.8333333 1.677777 4.296296 1.4444444 8.444445 3.0 -8.555555 12.444445 -3.8888888 8.444445 0.8644824 -2.2837873 FOLIAGE 
132.0 134.0 9 0.0 0.0 2.6666667 3.1555562 1.5 1.5444443 6.185185 2.2222223 11.444445 4.888889 -11.888889 15.777778 -3.8888888 11.444445 0.8339346 -2.3866115 FOLIAGE 
10.0 94.0 9 0.0 0.0 0.4444445 0.11851851 0.72222227 0.1962963 2.2592592 0.11111111 6.0 0.6666667 -6.4444447 11.222222 -4.7777777 6.0 0.9861111 -2.189708 FOLIAGE 
9.0 80.0 9 0.0 0.0 2.9444444 13.751853 16.666666 71.5111 23.62963 17.333334 31.666666 21.88889 -18.88889 24.11111 -5.2222223 31.666666 0.5142537 -2.4315135 FOLIAGE 
150.0 144.0 9 0.0 0.0 0.55555564 0.074074075 0.6111111 0.15185197 2.5185184 0.11111111 6.5555553 0.8888889 -7.2222223 12.111111 -4.888889 6.5555553 0.9861111 -2.2121625 FOLIAGE 
27.0 106.0 9 0.0 0.0 0.6111111 0.41851848 1.2777778 0.5962963 2.1851852 0.33333334 4.888889 1.3333334 -5.5555553 8.111111 -2.5555556 4.888889 0.9517196 -2.2740705 FOLIAGE 
19.0 90.0 9 0.0 0.0 1.3888888 1.8851852 1.1111112 2.1185184 3.4074075 0.8888889 7.888889 1.4444444 -7.5555553 13.444445 -5.888889 7.888889 0.904321 -2.1660802 FOLIAGE 
113.0 96.0 9 0.0 0.0 0.9444445 0.50740725 1.1111112 0.34074047 3.8148148 1.1111112 8.555555 1.7777778 -8.111111 14.222222 -6.111111 8.555555 0.87222224 -2.1862345 FOLIAGE 
118.0 85.0 9 0.0 0.0 3.2777777 4.418521 2.277778 6.8185186 8.185185 3.5555556 14.888889 6.111111 -13.888889 20.11111 -6.2222223 14.888889 0.7741213 -2.3290927 FOLIAGE 
26.0 120.0 9 0.0 0.0 0.77777773 1.2740741 0.8333333 1.0555556 1.3333334 0.11111111 3.3333333 0.5555556 -3.6666667 6.0 -2.3333333 3.3333333 0.984127 -2.1787686 FOLIAGE 
54.0 126.0 9 0.0 0.0 0.6666666 0.31111127 0.49999997 0.16666673 1.4074074 0.0 3.6666667 0.5555556 -4.2222223 6.7777777 -2.5555556 3.6666667 1.0 -2.229939 FOLIAGE 
32.0 95.0 9 0.0 0.0 1.2777776 1.0407408 2.2222223 3.096295 3.148148 0.7777778 7.4444447 1.2222222 -7.111111 12.888889 -5.7777777 7.4444447 0.9195971 -2.1519582 FOLIAGE 
68.0 109.0 9 0.0 0.0 1.5 3.2333333 1.111111 1.8962961 1.962963 0.33333334 4.7777777 0.7777778 -4.888889 8.444445 -3.5555556 4.7777777 0.9691358 -2.146531 FOLIAGE 
28.0 114.0 9 0.0 0.0 0.8333333 0.43333334 1.1666666 0.25555548 1.8518518 0.11111111 4.666667 0.7777778 -5.2222223 8.444445 -3.2222223 4.666667 0.984127 -2.222661 FOLIAGE 
48.0 85.0 9 0.0 0.0 3.111111 13.451853 2.0555556 6.862964 4.296296 1.3333334 8.888889 2.6666667 -8.888889 13.777778 -4.888889 8.888889 0.8858245 -2.2715442 FOLIAGE 
23.0 113.0 9 0.0 0.0 0.611111 0.28518534 0.6666666 0.48888886 1.4074074 0.11111111 3.4444444 0.6666667 -3.8888888 6.111111 -2.2222223 3.4444444 0.9814815 -2.2375617 FOLIAGE 
137.0 105.0 9 0.0 0.11111111 10.722224 16.507421 31.222223 650.42957 42.851852 35.77778 52.666668 40.11111 -21.222221 29.444445 -8.222222 52.666668 0.37578005 -2.380238 FOLIAGE 
132.0 124.0 9 0.0 0.0 0.22222221 0.074074075 0.22222221 0.074074045 1.074074 0.0 3.2222223 0.0 -3.2222223 6.4444447 -3.2222223 3.2222223 1.0 -2.0943952 FOLIAGE 
48.0 83.0 9 0.0 0.0 2.277778 4.0185175 2.3333333 1.6888885 6.259259 2.2222223 11.888889 4.666667 -12.111111 16.88889 -4.7777777 11.888889 0.82735026 -2.3450046 FOLIAGE 
45.0 89.0 9 0.0 0.0 0.7777777 0.3407409 0.77777773 0.47407398 2.2962964 0.11111111 6.4444447 0.33333334 -6.5555553 12.444445 -5.888889 6.4444447 0.9861111 -2.1239047 FOLIAGE 
35.0 135.0 9 0.0 0.0 0.22222225 0.118518546 0.22222225 0.118518546 0.22222222 0.0 0.6666667 0.0 -0.6666667 1.3333334 -0.6666667 0.6666667 0.33333334 -2.0943952 FOLIAGE 
73.0 117.0 9 0.0 0.0 1.5555553 0.96296364 0.6111111 0.7740742 1.3333334 0.22222222 3.5555556 0.22222222 -3.3333333 6.6666665 -3.3333333 3.5555556 0.96825397 -2.0943952 FOLIAGE 
82.0 120.0 9 0.0 0.0 5.6666675 46.933327 5.9444447 60.06297 6.962963 3.3333333 12.777778 4.7777777 -10.888889 17.444445 -6.5555553 12.777778 0.8228925 -2.240133 FOLIAGE 
44.0 123.0 9 0.0 0.0 1.0555556 0.99629647 1.0000001 0.8444444 1.4814814 0.22222222 3.6666667 0.5555556 -3.7777777 6.5555553 -2.7777777 3.6666667 0.96190476 -2.1617603 FOLIAGE 
96.0 119.0 9 0.0 0.0 0.3333333 0.08888888 0.5555555 0.20740744 1.4444444 0.0 4.2222223 0.11111111 -4.3333335 8.333333 -4.0 4.2222223 1.0 -2.1137195 FOLIAGE 
98.0 107.0 9 0.0 0.0 4.6666665 3.7333333 3.9444447 17.12963 8.703704 4.888889 14.555555 6.6666665 -11.444445 17.555555 -6.111111 14.555555 0.69722587 -2.2801461 FOLIAGE 
55.0 93.0 9 0.11111111 0.0 0.83333343 0.2999998 1.388889 1.7962962 3.0 0.5555556 7.2222223 1.2222222 -7.3333335 12.666667 -5.3333335 7.2222223 0.9356702 -2.1836095 FOLIAGE 
49.0 139.0 9 0.0 0.0 0.16666669 0.07777779 0.33333337 0.0888889 0.44444445 0.0 1.3333334 0.0 -1.3333334 2.6666667 -1.3333334 1.3333334 0.7777778 -2.0943952 FOLIAGE 
112.0 102.0 9 0.0 0.0 0.5555555 0.20740739 1.5555555 0.4740743 3.3703704 0.5555556 7.6666665 1.8888888 -8.444445 12.888889 -4.4444447 7.6666665 0.94074076 -2.2751586 FOLIAGE 
23.0 129.0 9 0.0 0.0 0.5 0.077777795 0.38888887 0.15185186 0.5185185 0.0 1.5555556 0.0 -1.5555556 3.1111112 -1.5555556 1.5555556 0.7777778 -2.0943952 FOLIAGE 
124.0 29.0 9 0.0 0.0 1.0000013 0.7111076 1.0555534 0.90741664 128.44444 119.22222 142.88889 123.22222 -27.666666 43.333332 -15.666667 142.88889 0.16561614 -2.271128 SKY 
192.0 40.0 9 0.0 0.0 1.2222214 0.20740789 1.3333321 0.4888911 124.62963 114.44444 140.55556 118.888885 -30.555555 47.77778 -17.222221 140.55556 0.18574874 -2.2702193 SKY 
178.0 43.0 9 0.0 0.0 1.1666654 1.1000005 1.1111107 0.7407369 125.25926 115.666664 140.22223 119.888885 -28.777779 44.88889 -16.11111 140.22223 0.17494753 -2.2706535 SKY 
93.0 46.0 9 0.0 0.0 2.1111119 1.6296306 1.7777786 1.8074079 126.03704 116.0 141.0 121.111115 -30.11111 44.88889 -14.777778 141.0 0.17719495 -2.3044362 SKY 
205.0 47.0 9 0.0 0.0 1.2222227 0.6074092 1.5555573 0.8296282 123.85185 114.111115 139.77779 117.666664 -29.222221 47.77778 -18.555555 139.77779 0.18354028 -2.2398903 SKY 
147.0 51.0 9 0.11111111 0.0 1.1666654 1.0999951 1.4999975 1.9444356 126.333336 117.0 140.22223 121.77778 -28.0 41.666668 -13.666667 140.22223 0.1655495 -2.306687 SKY 
79.0 47.0 9 0.11111111 0.0 0.6666692 0.35555688 1.0000013 1.155558 126.37037 116.0 141.66667 121.44444 -31.11111 45.88889 -14.777778 141.66667 0.18101238 -2.3157923 SKY 
51.0 15.0 9 0.0 0.0 0.72222644 0.28518468 1.2222214 0.7851845 132.22223 123.0 145.33334 128.33334 -27.666666 39.333332 -11.666667 145.33334 0.15361586 -2.3410408 SKY 
164.0 49.0 9 0.0 0.0 1.1666654 0.43333474 1.4999987 0.30000052 126.18519 116.333336 141.77779 120.44444 -29.555555 46.77778 -17.222221 141.77779 0.1794131 -2.2637377 SKY 
102.0 73.0 9 0.0 0.0 0.3888893 0.06296427 1.6111107 1.218518 125.51852 115.44444 140.55556 120.55556 -30.222221 45.11111 -14.888889 140.55556 0.17863557 -2.3073962 SKY 
22.0 57.0 9 0.0 0.0 0.88888806 0.74074185 0.6666654 0.4888892 126.111115 115.77778 140.44444 122.111115 -31.0 43.0 -12.0 140.44444 0.17560509 -2.3625138 SKY 
20.0 170.0 9 0.0 0.0 0.7777777 0.7851843 1.1111103 0.56296223 19.555555 15.111111 18.88889 24.666666 -13.333333 -2.0 15.333333 24.666666 0.38746688 2.504391 GRASS 
115.0 183.0 9 0.0 0.0 0.77777797 0.38518497 1.9999996 1.4666661 18.11111 14.0 17.333334 23.0 -12.333333 -2.3333333 14.666667 23.0 0.39236423 2.4831982 GRASS 
148.0 169.0 9 0.11111111 0.0 1.0555553 0.7740734 1.833333 2.6111097 19.592592 15.111111 18.666668 25.0 -13.444445 -2.7777777 16.222221 25.0 0.3961213 2.467752 GRASS 
180.0 224.0 9 0.0 0.0 3.7222223 3.7074065 3.6111107 5.618522 15.185185 11.666667 13.333333 20.555555 -10.555555 -5.5555553 16.11111 20.555555 0.4433746 2.2982552 GRASS 
58.0 232.0 9 0.0 0.0 2.5000005 1.4555542 2.5555556 0.829629 14.703704 11.222222 13.555555 19.333334 -10.444445 -3.4444444 13.888889 19.333334 0.42348316 2.402851 GRASS 
114.0 181.0 9 0.0 0.0 1.1111107 0.38518563 0.88888866 1.0962963 19.925926 15.888889 18.777779 25.11111 -12.111111 -3.4444444 15.555555 25.11111 0.36658052 2.420823 GRASS 
216.0 169.0 9 0.0 0.0 0.8333333 0.3888888 1.9444443 0.41851807 16.592592 12.777778 15.666667 21.333334 -11.444445 -2.7777777 14.222222 21.333334 0.40075645 2.44578 GRASS 
159.0 210.0 9 0.0 0.0 1.4999999 1.3666656 1.5555555 2.1629632 12.962963 9.444445 12.0 17.444445 -10.555555 -2.8888888 13.444445 17.444445 0.4604365 2.4287496 GRASS 
103.0 226.0 9 0.0 0.0 1.722222 1.7074074 1.6111108 1.7518508 13.481482 10.222222 11.888889 18.333334 -9.777778 -4.7777777 14.555555 18.333334 0.44245604 2.3038533 GRASS 
205.0 156.0 9 0.0 0.0 2.1666667 1.2777781 2.0 2.3555562 18.25926 13.444445 17.333334 24.0 -14.444445 -2.7777777 17.222221 24.0 0.44057688 2.47582 GRASS 
179.0 150.0 9 0.0 0.0 1.055555 0.1962963 1.7222223 1.6185163 18.925926 13.444445 20.0 23.333334 -16.444445 3.2222223 13.222222 23.333334 0.42442176 2.7916744 GRASS 
211.0 206.0 9 0.0 0.0 0.94444466 1.1296302 2.166667 1.1000005 16.074074 13.555555 14.555555 20.11111 -7.5555553 -4.5555553 12.111111 20.11111 0.3273603 2.252368 GRASS 
52.0 185.0 9 0.0 0.0 1.6666666 1.4222219 0.94444436 0.95185256 19.25926 14.888889 18.222221 24.666666 -13.111111 -3.1111112 16.222221 24.666666 0.39645794 2.4518359 GRASS 
128.0 196.0 9 0.0 0.0 1.666667 1.2444435 1.8888887 3.851853 19.62963 15.666667 18.555555 24.666666 -11.888889 -3.2222223 15.111111 24.666666 0.36529657 2.4373393 GRASS 
152.0 199.0 9 0.0 0.0 1.111111 0.5185188 0.8333337 0.2555551 17.962963 15.222222 15.444445 23.222221 -8.222222 -7.5555553 15.777778 23.222221 0.34806257 2.129513 GRASS 
158.0 219.0 9 0.11111111 0.0 2.277778 3.5296311 2.1111112 4.074075 14.888889 11.444445 13.555555 19.666668 -10.333333 -4.0 14.333333 19.666668 0.42601216 2.3586955 GRASS 
145.0 163.0 9 0.0 0.0 3.1111114 13.496301 18.666666 27.244467 39.444443 34.0 47.77778 36.555557 -16.333334 25.0 -8.666667 48.11111 0.28153613 -2.4253242 PATH 
151.0 163.0 9 0.0 0.0 2.0555556 2.2851863 18.166666 41.988934 40.0 34.555557 48.0 37.444443 -16.333334 24.0 -7.6666665 48.11111 0.2638465 -2.5174901 PATH 
196.0 161.0 9 0.0 0.0 2.7777774 5.540735 11.777776 93.98522 41.962963 36.555557 51.22222 38.11111 -16.222221 27.777779 -11.555555 51.333332 0.28212494 -2.38829 PATH 
201.0 161.0 9 0.0 0.0 2.555556 0.5185191 11.500001 96.65553 41.814816 35.77778 51.444443 38.22222 -18.11111 28.88889 -10.777778 51.444443 0.30298296 -2.338974 PATH 
186.0 162.0 9 0.0 0.0 1.6111122 0.59629595 12.388888 66.818535 44.074074 37.444443 54.666668 40.11111 -19.88889 31.777779 -11.888889 54.666668 0.3015076 -2.3866708 PATH 
195.0 161.0 9 0.0 0.0 2.1111107 1.8074051 10.499999 91.32222 41.48148 36.0 51.11111 37.333336 -16.444445 28.88889 -12.444445 51.22222 0.29470626 -2.3165061 PATH 
190.0 162.0 9 0.0 0.0 2.1111107 3.9851823 13.944444 155.12964 41.333332 35.0 51.11111 37.88889 -19.0 29.333334 -10.333333 51.333332 0.2984709 -2.4946074 PATH 
187.0 162.0 9 0.0 0.0 1.500001 1.1444442 11.666667 73.1111 43.22222 36.77778 53.666668 39.22222 -19.333334 31.333334 -12.0 53.666668 0.30018225 -2.3916814 PATH 
254.0 159.0 9 0.0 0.0 3.5555553 7.54074 14.833333 152.7 36.62963 31.333334 46.22222 32.333336 -15.888889 28.777779 -12.888889 46.22222 0.29484537 -2.316872 PATH 
180.0 162.0 9 0.0 0.0 3.1111095 5.762963 12.944446 9.396256 41.48148 35.666668 50.555557 38.22222 -17.444445 27.222221 -9.777778 50.555557 0.29110643 -2.3353713 PATH 
191.0 162.0 9 0.0 0.0 2.6111114 1.8851837 14.166667 210.92223 40.962963 34.88889 50.11111 37.88889 -18.222221 27.444445 -9.222222 50.666668 0.298124 -2.555683 PATH 
250.0 160.0 9 0.0 0.0 2.1111114 1.1851863 1.5555553 2.740741 42.814816 36.444443 55.333332 36.666668 -19.11111 37.555557 -18.444445 55.333332 0.34714225 -2.1023183 PATH 
187.0 135.0 9 0.0 0.0 3.2777777 2.4629648 0.8333337 0.47777787 26.444445 20.222221 37.0 22.11111 -18.666666 31.666666 -13.0 37.0 0.45423168 -2.2119856 WINDOW 
172.0 138.0 9 0.0 0.0 2.4444444 10.074077 7.8333335 49.633343 12.185185 8.222222 19.222221 9.111111 -11.888889 21.11111 -9.222222 19.222221 0.6152501 -2.172099 WINDOW 
239.0 93.0 9 0.0 0.0 3.444444 13.496301 1.0555555 0.86296237 14.407408 9.888889 22.88889 10.444445 -13.555555 25.444445 -11.888889 22.88889 0.57700235 -2.1374934 WINDOW 
203.0 133.0 9 0.0 0.0 0.11111111 0.029629635 0.11111111 0.029629635 0.5925926 0.0 1.7777778 0.0 -1.7777778 3.5555556 -1.7777778 1.7777778 1.0 -2.0943952 WINDOW 
239.0 110.0 9 0.0 0.0 0.277778 0.06296304 0.22222233 0.029629655 9.444445 6.111111 15.888889 6.3333335 -10.0 19.333334 -9.333333 15.888889 0.6206427 -2.1202655 WINDOW 
201.0 133.0 9 0.0 0.0 0.6111111 0.24074069 0.22222222 0.07407406 0.7407407 0.33333334 1.7777778 0.11111111 -1.2222222 3.1111112 -1.8888888 1.7777778 0.962963 -1.999063 WINDOW 
166.0 110.0 9 0.0 0.11111111 0.61111134 0.24074027 2.1111114 2.2962978 29.296297 23.0 40.444443 24.444445 -18.88889 33.444443 -14.555555 40.444443 0.4318249 -2.182018 WINDOW 
165.0 119.0 9 0.0 0.0 1.0555553 1.5740752 1.4444441 0.829629 29.481482 23.222221 40.333336 24.88889 -18.777779 32.555557 -13.777778 40.333336 0.42571348 -2.1877813 WINDOW 
219.0 133.0 9 0.0 0.0 0.8333333 0.30000052 0.44444466 0.029629659 9.851851 6.2222223 16.666668 6.6666665 -10.888889 20.444445 -9.555555 16.666668 0.62726945 -2.1387432 WINDOW 
169.0 137.0 9 0.0 0.0 1.5000005 0.47777736 8.444445 50.07408 25.333334 18.666668 36.555557 20.777779 -20.0 33.666668 -13.666667 36.555557 0.50256854 -2.2130325 WINDOW 
245.0 129.0 9 0.0 0.0 0.0 0.0 0.0 0.0 0.0 0.0 0.0 0.0 0.0 0.0 0.0 0.0 0.0 0.0 WINDOW 
212.0 94.0 9 0.0 0.0 1.722222 2.374074 1.2222222 0.962962 15.62963 10.555555 24.88889 11.444445 -15.222222 27.777779 -12.555555 24.88889 0.57665956 -2.1594663 WINDOW 
210.0 114.0 9 0.0 0.0 1.2777778 1.3074073 0.61111087 0.06296301 16.185184 11.444445 25.0 12.111111 -14.222222 26.444445 -12.222222 25.0 0.5462072 -2.1416595 WINDOW 
247.0 92.0 9 0.0 0.0 0.88888884 0.5185184 0.44444433 0.118518606 12.074074 7.5555553 20.555555 8.111112 -13.555555 25.444445 -11.888889 20.555555 0.6321268 -2.1378512 WINDOW 
236.0 115.0 9 0.0 0.0 4.388889 3.6629639 0.44444418 0.07407387 14.740741 10.666667 22.222221 11.333333 -12.222222 22.444445 -10.222222 22.222221 0.5331259 -2.1516252 WINDOW 
190.0 81.0 9 0.0 0.0 1.2222214 0.6518519 1.8333334 0.34444275 42.925926 39.444443 51.555557 37.77778 -10.444445 25.88889 -15.444445 51.555557 0.26725134 -1.9704217 CEMENT 
176.0 100.0 9 0.0 0.0 1.9444441 0.7740748 1.4444447 0.6518514 55.37037 50.333332 66.88889 48.88889 -15.111111 34.555557 -19.444445 66.88889 0.26862052 -2.00619 CEMENT 
219.0 126.0 9 0.0 0.0 0.3888893 0.06296301 14.055554 44.374123 36.185184 33.555557 43.0 32.0 -7.888889 20.444445 -12.555555 43.0 0.25840873 -1.9421787 CEMENT 
203.0 120.0 9 0.0 0.0 3.3333328 3.9111094 4.277778 9.262964 49.407406 44.88889 59.333332 44.0 -13.555555 29.777779 -16.222221 59.333332 0.2634666 -2.035243 CEMENT 
169.0 102.0 9 0.0 0.0 1.0 0.35555485 0.8888893 0.2962955 58.22222 53.444443 69.66667 51.555557 -14.333333 34.333332 -20.0 69.66667 0.25975996 -1.9855843 CEMENT 
108.0 123.0 9 0.0 0.0 0.6111112 0.24074072 0.66666675 0.26666668 6.740741 8.222222 8.0 4.0 4.4444447 3.7777777 -8.222222 8.444445 0.5244709 -0.9857293 BRICKFACE 
146.0 140.0 9 0.0 0.0 1.0555557 0.4629631 1.0000001 0.57777774 6.3333335 7.888889 7.3333335 3.7777777 4.6666665 3.0 -7.6666665 8.222222 0.537017 -0.9092674 BRICKFACE 
38.0 146.0 9 0.0 0.0 0.4999999 0.12222217 0.6666667 0.26666668 5.111111 5.6666665 6.7777777 2.8888888 1.6666666 5.0 -6.6666665 6.888889 0.5714286 -1.2583578 BRICKFACE 
29.0 111.0 9 0.0 0.0 0.38888884 0.24074061 0.6111111 0.15185188 5.4074073 6.888889 6.3333335 3.0 4.4444447 2.7777777 -7.2222223 6.888889 0.56415343 -0.89785874 BRICKFACE 
183.0 111.0 9 0.0 0.0 0.6666667 0.31111106 1.0555555 0.50740737 5.703704 6.888889 7.0 3.2222223 3.5555556 3.8888888 -7.4444447 7.3333335 0.56613755 -1.0650656 BRICKFACE 
35.0 132.0 9 0.0 0.0 0.49999985 0.07777789 0.22222216 0.16296294 5.3703704 7.111111 6.111111 2.8888888 5.2222223 2.2222223 -7.4444447 7.111111 0.59325397 -0.8083832 BRICKFACE 
176.0 132.0 9 0.0 0.0 0.5 0.12222223 0.9444444 0.3296295 5.740741 7.4444447 6.2222223 3.5555556 5.111111 1.4444444 -6.5555553 7.5555553 0.5299824 -0.72601837 BRICKFACE 
59.0 111.0 9 0.0 0.0 0.27777767 0.15185185 0.4999999 0.12222217 5.4444447 6.4444447 7.0 2.8888888 3.0 4.6666665 -7.6666665 7.2222223 0.60119045 -1.1813879 BRICKFACE 
178.0 128.0 9 0.0 0.0 0.44444433 0.34074068 0.88888866 0.2074075 5.9259257 7.888889 6.4444447 3.4444444 5.888889 1.5555556 -7.4444447 7.888889 0.56371254 -0.7213002 BRICKFACE 
228.0 143.0 9 0.0 0.0 0.50000006 0.3444443 0.6666668 0.31111094 5.296296 6.6666665 6.2222223 3.0 4.111111 2.7777777 -6.888889 6.7777777 0.5564374 -0.9148125 BRICKFACE 
33.0 149.0 9 0.0 0.0 0.5555556 0.25185165 0.72222227 0.15185171 5.4444447 4.111111 8.666667 3.5555556 -4.0 9.666667 -5.6666665 8.666667 0.5783389 -1.9857028 BRICKFACE 
105.0 110.0 9 0.0 0.0 0.5 0.12222223 1.9444445 2.3740728 4.2222223 4.3333335 6.3333335 2.0 0.33333334 6.3333335 -6.6666665 6.3333335 0.7083333 -1.5397619 BRICKFACE 
225.0 143.0 9 0.0 0.0 0.4444445 0.20740739 0.44444442 0.1629629 5.4444447 6.7777777 6.7777777 2.7777777 4.0 4.0 -8.0 7.0 0.6018519 -1.048222 BRICKFACE 
146.0 140.0 9 0.0 0.0 1.0555557 0.4629631 1.0000001 0.57777774 6.3333335 7.888889 7.3333335 3.7777777 4.6666665 3.0 -7.6666665 8.222222 0.537017 -0.9092674 BRICKFACE 
196.0 129.0 9 0.0 0.0 0.83333325 0.43333334 0.6666667 0.17777774 6.3333335 7.888889 7.3333335 3.7777777 4.6666665 3.0 -7.6666665 8.222222 0.54012346 -0.9327826 BRICKFACE 
34.0 128.0 9 0.0 0.0 0.44444442 0.118518494 0.66666657 0.48888892 5.6666665 7.4444447 6.5555553 3.0 5.3333335 2.6666667 -8.0 7.4444447 0.5974427 -0.83759844 BRICKFACE 
72.0 118.0 9 0.0 0.0 0.27777776 0.06296293 0.5555556 0.11851845 5.4814816 6.5555553 6.6666665 3.2222223 3.2222223 3.5555556 -6.7777777 7.111111 0.5458554 -1.053347 BRICKFACE 
138.0 116.0 9 0.0 0.0 0.6111111 0.15185188 0.4444445 0.20740739 6.4814816 7.5555553 8.222222 3.6666667 3.2222223 5.2222223 -8.444445 8.333334 0.5591711 -1.1910701 BRICKFACE 
104.0 136.0 9 0.0 0.0 0.50000006 0.12222223 0.66666657 0.08888887 6.814815 8.333334 8.0 4.111111 4.5555553 3.5555556 -8.111111 8.666667 0.52623457 -0.96393055 BRICKFACE 
199.0 140.0 9 0.0 0.0 0.44444442 0.25185186 0.50000006 0.388889 6.0 7.4444447 6.888889 3.6666667 4.3333335 2.6666667 -7.0 7.5555553 0.5138889 -0.91962 BRICKFACE 
97.0 116.0 9 0.0 0.0 0.72222227 0.1962963 0.5555555 0.20740739 6.6296296 7.5555553 8.444445 3.8888888 2.7777777 5.4444447 -8.222222 8.555555 0.5465168 -1.2339455 BRICKFACE 
150.0 113.0 9 0.0 0.0 0.5 0.25555554 0.77777773 0.20740744 5.5925927 7.111111 6.6666665 3.0 4.5555553 3.2222223 -7.7777777 7.111111 0.5793651 -0.942558 BRICKFACE 
140.0 125.0 9 0.0 0.0 0.2777779 0.06296301 0.66666675 0.31111118 6.185185 7.3333335 7.6666665 3.5555556 3.4444444 4.4444447 -7.888889 7.7777777 0.5456349 -1.1218182 BRICKFACE 
121.0 123.0 9 0.0 0.0 1.5555553 2.4740744 0.8888888 1.0962967 6.962963 7.888889 8.444445 4.5555553 2.7777777 4.4444447 -7.2222223 8.444445 0.475 -1.1806802 BRICKFACE 
97.0 130.0 9 0.0 0.0 0.72222215 0.50740737 1.0555556 0.685185 5.851852 7.3333335 6.888889 3.3333333 4.4444447 3.1111112 -7.5555553 7.6666665 0.5701058 -0.96304834 BRICKFACE 
151.0 143.0 9 0.0 0.0 0.3888887 0.06296294 0.4999999 0.0333333 5.6666665 7.5555553 6.4444447 3.0 5.6666665 2.3333333 -8.0 7.5555553 0.60119045 -0.79691786 BRICKFACE 
196.0 134.0 9 0.0 0.0 0.5555556 0.25185186 0.7777777 0.2962963 6.0740743 7.4444447 7.111111 3.6666667 4.111111 3.1111112 -7.2222223 7.7777777 0.5299824 -0.96631753 BRICKFACE 
18.0 138.0 9 0.0 0.0 0.88888884 0.5629629 0.83333325 0.29999986 5.740741 7.3333335 6.5555553 3.3333333 4.7777777 2.4444444 -7.2222223 7.3333335 0.5438712 -0.8621077 BRICKFACE 
13.0 149.0 9 0.0 0.0 0.8888889 0.7851851 0.99999994 1.2444444 5.5185184 4.111111 8.777778 3.6666667 -4.2222223 9.777778 -5.5555553 8.777778 0.5881634 -2.0091076 BRICKFACE 
108.0 130.0 9 0.0 0.0 0.94444466 0.59629655 1.0000001 0.66666657 6.6296296 8.444445 7.2222223 4.2222223 5.4444447 1.7777778 -7.2222223 8.444445 0.5010141 -0.76407653 BRICKFACE 
115.0 130.0 9 0.0 0.0 0.55555534 0.3407407 0.83333325 0.5666664 7.296296 8.555555 8.666667 4.666667 3.7777777 4.111111 -7.888889 9.0 0.48159373 -1.0566586 BRICKFACE 
34.0 137.0 9 0.0 0.0 0.5000002 0.16666673 1.111111 0.47407418 5.851852 7.7777777 6.4444447 3.3333333 5.7777777 1.7777778 -7.5555553 7.7777777 0.57363313 -0.74427164 BRICKFACE 
217.0 145.0 9 0.0 0.0 0.5555556 0.16296291 0.72222215 0.06296298 5.296296 6.3333335 6.5555553 3.0 3.1111112 3.7777777 -6.888889 7.0 0.56415343 -1.0689679 BRICKFACE 
114.0 121.0 9 0.0 0.0 0.44444442 0.118518494 0.6111112 0.10740732 6.4074073 8.0 7.4444447 3.7777777 4.7777777 3.1111112 -7.888889 8.0 0.5282187 -0.91432446 BRICKFACE 
159.0 111.0 9 0.0 0.0 0.4444445 0.074074045 0.61111116 0.1518519 5.9259257 7.6666665 6.888889 3.2222223 5.2222223 2.8888888 -8.111111 7.6666665 0.5813492 -0.87266606 BRICKFACE 
14.0 117.0 9 0.0 0.0 0.33333325 0.13333334 0.5555556 0.07407414 5.7777777 6.3333335 7.5555553 3.4444444 1.6666666 5.3333335 -7.0 7.5555553 0.5436508 -1.353896 BRICKFACE 
219.0 134.0 9 0.0 0.0 0.27777788 0.10740747 0.6666667 0.4444444 4.740741 6.4444447 5.2222223 2.5555556 5.111111 1.4444444 -6.5555553 6.4444447 0.6037037 -0.7304648 BRICKFACE 
188.0 133.0 9 0.0 0.0 0.33333334 0.26666674 0.5 0.077777736 6.6666665 8.333334 7.7777777 3.8888888 5.0 3.3333333 -8.333333 8.444445 0.53858024 -0.92481726 BRICKFACE 
97.0 126.0 9 0.0 0.0 1.0555555 0.37407416 1.0000001 0.8444445 6.4814816 7.6666665 8.0 3.7777777 3.5555556 4.5555553 -8.111111 8.333334 0.5515873 -1.1181307 BRICKFACE 
75.0 149.0 9 0.0 0.0 0.5 0.12222223 1.0555557 0.50740725 7.5185184 5.5555553 11.888889 5.111111 -5.888889 13.111111 -7.2222223 11.888889 0.57870835 -2.0186307 BRICKFACE 
177.0 126.0 9 0.0 0.0 0.44444442 0.11851859 0.6111111 0.41851866 5.4074073 7.6666665 5.6666665 2.8888888 6.7777777 0.7777778 -7.5555553 7.6666665 0.6230159 -0.6128861 BRICKFACE 
146.0 124.0 9 0.0 0.0 0.4999999 0.16666664 0.38888875 0.107407376 6.037037 7.4444447 7.3333335 3.3333333 4.2222223 3.8888888 -8.111111 7.6666665 0.56349206 -1.0247301 BRICKFACE 
39.0 111.0 9 0.0 0.0 0.72222227 0.37407416 0.8888889 0.4296295 6.037037 7.0 7.6666665 3.4444444 2.8888888 4.888889 -7.7777777 7.888889 0.56291884 -1.1757725 BRICKFACE 
101.0 130.0 9 0.0 0.0 0.611111 0.2407408 0.66666657 0.57777774 5.7777777 7.4444447 6.6666665 3.2222223 5.0 2.6666667 -7.6666665 7.5555553 0.57539684 -0.87149525 BRICKFACE 
95.0 47.0 9 0.0 0.0 0.7222201 0.3296295 1.4999987 0.47777686 107.111115 93.22222 128.77779 99.333336 -41.666668 65.0 -23.333334 128.77779 0.2759571 -2.2710717 SKY 
250.0 37.0 9 0.0 0.0 0.6111107 0.24073862 1.0555534 0.95185125 95.92593 80.111115 121.111115 86.55556 -47.444443 75.55556 -28.11111 121.111115 0.3384867 -2.258443 SKY 
170.0 36.0 9 0.0 0.0 1.1111107 0.34074324 1.8333346 1.4555568 103.03704 89.55556 125.22222 94.333336 -40.444443 66.55556 -26.11111 125.22222 0.2846535 -2.2323463 SKY 
140.0 16.0 9 0.0 0.0 0.5 0.34444305 0.88889056 0.3851836 111.81481 99.111115 131.11111 105.22222 -38.11111 57.88889 -19.777779 131.11111 0.2440208 -2.2939334 SKY 
183.0 29.0 9 0.0 0.0 0.7777786 0.6074099 0.7777786 0.4296294 103.25926 88.77778 126.333336 94.666664 -43.444443 69.22222 -25.777779 126.333336 0.2972053 -2.2572172 SKY 
221.0 35.0 9 0.0 0.0 0.6666667 0.13333334 0.94444656 0.107407376 98.74074 83.333336 122.55556 90.333336 -46.22222 71.44444 -25.222221 122.55556 0.32001477 -2.280843 SKY 
226.0 83.0 9 0.0 0.0 0.8888893 0.5185186 1.0555521 0.50740635 90.62963 74.55556 116.888885 80.44444 -48.22222 78.77778 -30.555555 116.888885 0.36206177 -2.2390528 SKY 
74.0 88.0 9 0.0 0.0 0.7222214 0.32963243 0.50000125 0.21111126 110.59259 101.55556 127.55556 102.666664 -27.11111 50.88889 -23.777779 127.55556 0.2046753 -2.139239 SKY 
14.0 28.0 9 0.0 0.0 0.55555344 0.07407452 1.2222214 0.4296262 110.48148 97.888885 131.11111 102.44444 -37.77778 61.88889 -24.11111 131.11111 0.25329855 -2.238865 SKY 
155.0 80.0 9 0.0 0.0 0.99999875 0.17777939 1.4444453 0.6962941 96.333336 82.44444 119.333336 87.22222 -41.666668 69.0 -27.333334 119.333336 0.30905932 -2.2287123 SKY 
6.0 54.0 9 0.0 0.0 0.61110944 0.1074082 0.944444 0.5518552 116.77778 109.111115 132.44444 108.77778 -23.0 47.0 -24.0 132.44444 0.18114924 -2.079152 SKY 
242.0 57.0 9 0.0 0.0 1.2222239 0.78518283 1.0000013 0.31111082 92.92593 76.44444 119.333336 83.0 -49.444443 79.22222 -29.777779 119.333336 0.35934293 -2.2542083 SKY 
201.0 92.0 9 0.0 0.0 0.8333346 0.2111112 0.7777799 0.2962967 90.333336 74.888885 115.44444 80.66667 -46.333332 75.333336 -29.0 115.44444 0.35122013 -2.2428021 SKY 
120.0 74.0 9 0.0 0.0 0.3333346 0.08888922 0.50000125 0.07777796 101.85185 89.111115 123.22222 93.22222 -38.22222 64.111115 -25.88889 123.22222 0.2767844 -2.2205532 SKY 
204.0 25.0 9 0.0 0.0 0.6111107 0.32962787 0.8333333 0.47777545 102.48148 88.0 125.666664 93.77778 -43.444443 69.55556 -26.11111 125.666664 0.29958275 -2.253408 SKY 
169.0 98.0 9 0.0 0.0 0.7222214 0.15184994 1.6666666 0.75555366 92.333336 77.333336 116.888885 82.77778 -45.0 73.666664 -28.666666 116.888885 0.3382884 -2.238522 SKY 
63.0 33.0 9 0.0 0.0 0.6111107 0.32962793 0.7222214 0.062962785 111.333336 97.77778 132.0 104.22222 -40.666668 62.0 -21.333334 132.0 0.25913006 -2.2904212 SKY 
21.0 90.0 9 0.0 0.0 0.66666794 0.044444147 0.7777786 0.56296283 113.48148 105.888885 128.55556 106.0 -22.777779 45.22222 -22.444445 128.55556 0.17969723 -2.0978148 SKY 
117.0 44.0 9 0.0 0.0 1.2777786 0.24074224 1.3333334 0.31110993 106.0 93.0 126.77778 98.22222 -39.0 62.333332 -23.333334 126.77778 0.26639053 -2.2555773 SKY 
78.0 62.0 9 0.11111111 0.0 0.6666667 0.399999 1.6111094 0.86296284 110.03704 100.77778 126.333336 103.0 -27.777779 48.88889 -21.11111 126.333336 0.20227888 -2.1854193 SKY 
104.0 68.0 9 0.0 0.0 1.0 0.5777804 0.8888893 0.8296292 105.77778 95.111115 124.888885 97.333336 -32.0 57.333332 -25.333334 124.888885 0.23914346 -2.1699994 SKY 
64.0 49.0 9 0.0 0.0 0.94444656 0.2407416 0.7222252 0.4185201 108.888885 97.111115 128.88889 100.666664 -35.333332 60.0 -24.666666 128.88889 0.246491 -2.211659 SKY 
86.0 67.0 9 0.0 0.0 1.0 0.62222165 1.0555559 0.68518525 108.85185 99.44444 125.55556 101.55556 -28.222221 50.11111 -21.88889 125.55556 0.20770195 -2.1730993 SKY 
199.0 25.0 9 0.0 0.0 1.0 0.8444401 1.2777761 0.7740752 103.62963 89.111115 126.888885 94.888885 -43.555557 69.77778 -26.222221 126.888885 0.29752782 -2.2521007 SKY 
92.0 46.0 9 0.0 0.0 0.61111194 0.24074195 1.111112 1.0074095 107.51852 93.888885 128.88889 99.77778 -40.88889 64.111115 -23.222221 128.88889 0.27150124 -2.2708514 SKY 
59.0 96.0 9 0.0 0.0 0.6111107 0.4185212 0.61111194 0.24074087 111.59259 103.44444 128.11111 103.22222 -24.444445 49.555557 -25.11111 128.11111 0.19773355 -2.0859544 SKY 
89.0 43.0 9 0.0 0.0 1.0555547 0.32962978 0.8888893 0.34074003 107.14815 94.111115 128.22223 99.111115 -39.11111 63.22222 -24.11111 128.22223 0.26602298 -2.247952 SKY 
167.0 57.0 9 0.0 0.0 0.94444656 0.37407315 0.7777799 0.6962966 98.59259 84.0 121.55556 90.22222 -43.77778 68.888885 -25.11111 121.55556 0.3088128 -2.264402 SKY 
164.0 45.0 9 0.0 0.0 1.0555559 0.59629923 1.0 0.22221947 101.92593 88.111115 124.55556 93.111115 -41.444443 67.888885 -26.444445 124.55556 0.29250294 -2.238324 SKY 
44.0 20.0 9 0.0 0.0 0.6111107 0.06296326 1.4444427 0.56296283 113.85185 102.666664 132.33334 106.55556 -33.555557 55.444443 -21.88889 132.33334 0.2241392 -2.2318263 SKY 
165.0 99.0 9 0.0 0.0 0.88889056 0.47407392 0.7777786 0.47407353 93.40741 79.0 118.0 83.22222 -43.22222 73.77778 -30.555555 118.0 0.33041757 -2.2077565 SKY 
79.0 48.0 9 0.0 0.0 1.0555534 0.9962996 0.99999875 0.35555598 107.888885 94.77778 129.11111 99.77778 -39.333332 63.666668 -24.333334 129.11111 0.26589924 -2.2470357 SKY 
233.0 81.0 9 0.0 0.0 0.61111325 0.3296313 1.0555573 0.55185294 90.40741 75.66667 116.44444 79.111115 -44.22222 78.111115 -33.88889 116.44444 0.35003868 -2.1823301 SKY 
194.0 72.0 9 0.0 0.0 1.0 0.39999798 1.1666666 1.1444412 93.44444 79.22222 117.111115 84.0 -42.666668 71.0 -28.333334 117.111115 0.3234209 -2.2257798 SKY 
212.0 81.0 9 0.0 0.0 0.7222201 0.10740903 0.83333206 0.07777894 92.18519 77.22222 118.44444 80.888885 -44.88889 78.77778 -33.88889 118.44444 0.34790245 -2.1873991 SKY 
177.0 85.0 9 0.0 0.0 0.8333333 0.16666768 0.88888806 0.429629 93.55556 79.22222 118.0 83.44444 -43.0 73.333336 -30.333334 118.0 0.32860348 -2.2084136 SKY 
103.0 195.0 9 0.11111111 0.0 2.0555556 1.5740733 2.0555556 3.7962956 8.518518 6.3333335 6.888889 12.333333 -6.5555553 -4.888889 11.444445 12.333333 0.5016835 2.1870224 GRASS 
207.0 217.0 9 0.0 0.0 0.77777785 0.47407398 2.0555556 0.9074081 6.296296 5.0 4.2222223 9.666667 -3.8888888 -6.2222223 10.111111 9.666667 0.58261186 1.9761382 GRASS 
116.0 238.0 9 0.0 0.0 1.1666665 0.87777746 1.0555556 2.2851841 8.518518 7.4444447 5.6666665 12.444445 -3.2222223 -8.555555 11.777778 12.444445 0.54054004 1.8447257 GRASS 
131.0 234.0 9 0.0 0.0 0.8333333 0.29999986 0.88888884 0.60740733 5.740741 4.0 4.4444447 8.777778 -5.2222223 -3.8888888 9.111111 8.777778 0.55661374 2.1935678 GRASS 
212.0 234.0 9 0.0 0.0 0.4444445 0.11851848 1.0555555 0.28518525 7.111111 6.0 4.2222223 11.111111 -3.3333333 -8.666667 12.0 11.111111 0.62132436 1.8382597 GRASS 
108.0 212.0 9 0.0 0.0 1.9999999 1.4222214 1.5555555 1.985185 8.037037 6.0 6.7777777 11.333333 -6.111111 -3.7777777 9.888889 11.333333 0.51339465 2.2426493 GRASS 
237.0 191.0 9 0.0 0.0 1.0 0.31111106 1.5 1.0111109 7.3333335 5.3333335 5.4444447 11.222222 -6.0 -5.6666665 11.666667 11.222222 0.5358197 2.1224225 GRASS 
191.0 165.0 9 0.0 0.0 0.33333334 0.17777783 2.4444442 1.140741 14.296296 12.0 14.111111 16.777779 -6.888889 -0.5555556 7.4444447 17.555555 0.31812865 2.5935428 GRASS 
158.0 186.0 9 0.0 0.0 0.88888884 0.3407409 1.4999999 1.8111099 12.074074 9.333334 10.777778 16.11111 -8.222222 -3.8888888 12.111111 16.11111 0.4288645 2.3195195 GRASS 
220.0 220.0 9 0.11111111 0.0 2.277778 1.12963 2.2777777 4.151854 6.4444447 5.6666665 5.3333335 8.333334 -2.3333333 -3.3333333 5.6666665 8.333334 0.42735383 1.9843658 GRASS 
131.0 214.0 9 0.0 0.0 0.77777773 0.6518515 1.2777777 0.24074058 6.814815 5.0 4.7777777 10.666667 -5.4444447 -6.111111 11.555555 10.666667 0.5681624 2.0583289 GRASS 
76.0 249.0 9 0.11111111 0.0 2.0555558 2.0629644 2.3333335 5.5111136 13.37037 12.222222 13.111111 14.777778 -3.4444444 -0.7777778 4.2222223 15.0 0.20324889 2.5634372 GRASS 
222.0 244.0 9 0.11111111 0.0 2.9444444 0.640741 2.2777777 2.151852 10.37037 9.666667 9.777778 11.666667 -2.1111112 -1.7777778 3.8888888 11.888889 0.22648169 2.32339 GRASS 
130.0 189.0 9 0.0 0.0 0.888889 0.34074098 1.1666669 0.92222214 12.0 9.444445 10.111111 16.444445 -7.6666665 -5.6666665 13.333333 16.444445 0.43944263 2.194143 GRASS 
110.0 174.0 9 0.0 0.0 0.38888884 0.06296291 1.7222222 0.15185165 13.481482 10.888889 12.555555 17.0 -7.7777777 -2.7777777 10.555555 17.0 0.35929558 2.3778543 GRASS 
118.0 167.0 9 0.11111111 0.0 0.88888866 0.5185182 2.0555553 0.99629617 14.592592 12.888889 13.777778 17.11111 -5.111111 -2.4444444 7.5555553 17.11111 0.24844901 2.3057292 GRASS 
199.0 220.0 9 0.0 0.0 1.1666667 0.83333284 0.88888884 0.47407386 6.6296296 5.3333335 5.0 9.555555 -3.8888888 -4.888889 8.777778 9.555555 0.5039001 2.0308669 GRASS 
103.0 216.0 9 0.0 0.0 1.4999999 0.56666666 0.8333332 1.1888888 7.0740743 5.111111 5.0 11.111111 -5.888889 -6.2222223 12.111111 11.111111 0.59312356 2.0792952 GRASS 
173.0 219.0 9 0.0 0.0 2.7777777 3.4962971 2.8333333 6.6111126 5.5925927 4.111111 4.3333335 8.333334 -4.4444447 -3.7777777 8.222222 8.333334 0.56125355 2.1483634 GRASS 
196.0 244.0 9 0.0 0.0 1.277778 0.5518518 3.6111114 6.9518504 7.740741 6.6666665 7.0 9.555555 -3.2222223 -2.2222223 5.4444447 9.555555 0.3833719 2.340587 GRASS 
227.0 222.0 9 0.0 0.0 2.111111 2.6074066 2.6111114 7.26296 9.333333 8.555555 7.6666665 11.777778 -2.3333333 -5.0 7.3333335 11.777778 0.37369296 1.9050448 GRASS 
48.0 192.0 9 0.0 0.0 1.2222224 1.0074071 2.8888886 4.8296304 9.962963 8.666667 7.4444447 13.777778 -3.8888888 -7.5555553 11.444445 13.777778 0.47623578 1.908457 GRASS 
103.0 237.0 9 0.0 0.0 1.0000001 0.4444444 0.5555555 0.47407398 8.0 6.5555553 5.6666665 11.777778 -4.3333335 -7.0 11.333333 11.777778 0.5229992 1.9465016 GRASS 
243.0 166.0 9 0.0 0.0 0.61111116 0.3296294 0.72222203 0.32962978 13.37037 11.222222 12.111111 16.777779 -6.4444447 -3.7777777 10.222222 16.777779 0.33051255 2.2642767 GRASS 
126.0 237.0 9 0.0 0.0 0.94444436 0.24074084 1.0000001 0.48888868 5.7777777 4.2222223 4.2222223 8.888889 -4.6666665 -4.6666665 9.333333 8.888889 0.5538119 2.0972314 GRASS 
23.0 188.0 9 0.0 0.0 1.6666673 0.4888878 7.38889 37.218513 30.592592 27.444445 37.77778 26.555555 -9.444445 21.555555 -12.111111 37.77778 0.28414816 -2.0145087 PATH 
36.0 189.0 9 0.0 0.0 1.9444441 2.4629607 5.8333335 21.588884 31.37037 28.444445 38.0 27.666666 -8.777778 19.88889 -11.111111 38.0 0.2663022 -2.0203454 PATH 
194.0 178.0 9 0.0 0.0 1.222222 1.0518546 8.0 12.577775 33.666668 29.666666 41.88889 29.444445 -12.0 24.666666 -12.666667 41.88889 0.29696295 -2.103758 PATH 
24.0 188.0 9 0.0 0.0 1.7222233 1.2185186 6.611112 38.551857 30.62963 27.333334 38.0 26.555555 -9.888889 22.11111 -12.222222 38.0 0.29079577 -2.0382204 PATH 
229.0 175.0 9 0.0 0.0 1.166666 0.52222264 5.666666 26.133337 33.0 29.0 41.0 29.0 -12.0 24.0 -12.0 41.0 0.28683385 -2.091209 PATH 
103.0 185.0 9 0.0 0.0 1.8333324 4.655558 9.888888 94.91854 30.88889 27.777779 37.0 27.88889 -9.333333 18.333334 -9.0 37.555557 0.25044397 -2.4505804 PATH 
27.0 189.0 9 0.0 0.0 0.9999997 0.31111082 2.6111114 2.5074077 32.77778 29.0 40.666668 28.666666 -11.333333 23.666666 -12.333333 40.666668 0.29784104 -2.0642734 PATH 
137.0 182.0 9 0.0 0.0 1.8333334 3.8555553 3.6111107 9.218522 34.925926 31.444445 42.88889 30.444445 -10.444445 23.88889 -13.444445 42.88889 0.28575617 -2.0011246 PATH 
45.0 188.0 9 0.0 0.0 2.4444447 2.740741 3.1111116 7.540742 33.333332 29.666666 41.333336 29.0 -11.0 24.0 -13.0 41.333336 0.29986525 -2.0407205 PATH 
116.0 184.0 9 0.0 0.0 2.2222226 2.118519 10.611111 45.085182 31.703703 28.777779 38.0 28.333334 -8.777778 18.88889 -10.111111 38.333336 0.25072145 -2.2154639 PATH 
38.0 189.0 9 0.0 0.0 1.0000006 0.22222213 6.222223 33.3185 29.074074 26.333334 35.22222 25.666666 -8.222222 18.444445 -10.222222 35.22222 0.2712077 -2.0491476 PATH 
123.0 183.0 9 0.0 0.0 1.111111 0.6518524 6.333334 36.933327 32.25926 29.444445 39.11111 28.222221 -8.444445 20.555555 -12.111111 39.11111 0.2664361 -1.970772 PATH 
16.0 190.0 9 0.0 0.0 3.7777774 6.8740745 8.555555 73.674065 29.62963 26.11111 36.88889 25.88889 -10.555555 21.777779 -11.222222 36.88889 0.30038968 -2.1606584 PATH 
10.0 190.0 9 0.0 0.0 2.6666672 6.977775 2.5000007 2.6555543 32.962963 29.333334 41.11111 28.444445 -10.888889 24.444445 -13.555555 41.11111 0.30570525 -2.020042 PATH 
2.0 190.0 9 0.0 0.0 2.555555 1.4518529 2.5 2.9666677 31.666666 28.0 40.11111 26.88889 -11.0 25.333334 -14.333333 40.11111 0.32900727 -2.0083811 PATH 
20.0 189.0 9 0.0 0.0 1.7222229 1.7518526 2.666667 3.822227 34.11111 30.11111 42.77778 29.444445 -12.0 26.0 -14.0 42.77778 0.30988368 -2.0442774 PATH 
28.0 188.0 9 0.0 0.0 1.4444441 1.4962955 5.111111 19.007412 29.962963 26.88889 36.444443 26.555555 -9.222222 19.444445 -10.222222 36.444443 0.2758629 -2.083566 PATH 
114.0 184.0 9 0.0 0.0 0.7222226 0.32962984 9.388888 28.951855 31.185184 28.444445 37.11111 28.0 -8.222222 17.777779 -9.555555 37.11111 0.23234288 -2.1603296 PATH 
77.0 185.0 9 0.0 0.0 2.944445 7.6629586 6.2222214 32.118523 32.555557 29.222221 39.666668 28.777779 -10.0 21.333334 -11.333333 39.666668 0.27036038 -2.0852716 PATH 
99.0 184.0 9 0.0 0.0 1.8333327 3.2777793 7.944443 63.35185 31.518518 27.777779 38.77778 28.0 -11.222222 21.777779 -10.555555 38.77778 0.28044972 -2.1831248 PATH 
47.0 189.0 9 0.0 0.0 2.2777774 4.5518537 5.8888893 14.6074095 29.62963 26.777779 36.555557 25.555555 -8.555555 20.777779 -12.222222 36.555557 0.29741284 -1.9545742 PATH 
142.0 182.0 9 0.0 0.0 2.499999 1.0999985 2.277777 3.618518 34.51852 31.555555 42.22222 29.777779 -8.888889 23.11111 -14.222222 42.22222 0.29320765 -1.9430385 PATH 
152.0 152.0 9 0.0 0.0 0.16666669 0.033333343 2.1111112 4.340741 1.4074074 1.0 2.4444444 0.7777778 -1.2222222 3.1111112 -1.8888888 2.4444444 0.43915343 -2.000272 WINDOW 
121.0 154.0 9 0.0 0.0 0.44444442 0.118518524 2.611111 5.7518525 1.8518518 1.5555556 3.0 1.0 -0.8888889 3.4444444 -2.5555556 3.0 0.5343915 -1.9059265 WINDOW 
211.0 154.0 9 0.0 0.0 0.11111113 0.029629631 0.38888893 0.062962964 0.25925925 0.0 0.7777778 0.0 -0.7777778 1.5555556 -0.7777778 0.7777778 0.5555556 -2.0943952 WINDOW 
25.0 155.0 9 0.0 0.0 5.722223 99.75187 18.0 151.68887 14.333333 13.0 18.666668 11.333333 -4.0 13.0 -9.0 21.444445 0.64629805 -1.7974349 WINDOW 
145.0 155.0 9 0.0 0.11111111 4.944444 35.618523 9.944445 121.396286 11.296296 7.7777777 17.555555 8.555555 -10.555555 18.777779 -8.222222 17.555555 0.74729437 -2.1405313 WINDOW 
46.0 154.0 9 0.11111111 0.0 3.1666667 8.21111 1.6111112 1.2185184 6.3703704 9.666667 4.666667 4.7777777 9.888889 -5.111111 -4.7777777 9.666667 0.56192696 -0.0049269386 WINDOW 
248.0 153.0 9 0.0 0.0 0.2777778 0.062962964 0.11111113 0.029629637 0.37037036 0.0 1.1111112 0.0 -1.1111112 2.2222223 -1.1111112 1.1111112 0.8888889 -2.0943952 WINDOW 
6.0 154.0 9 0.0 0.0 0.11111113 0.029629631 0.11111111 0.029629635 0.074074075 0.0 0.22222222 0.0 -0.22222222 0.44444445 -0.22222222 0.22222222 0.22222222 -2.0943952 WINDOW 
152.0 155.0 9 0.0 0.0 0.5 0.61111104 10.777778 131.80739 7.296296 5.3333335 11.0 5.5555553 -5.888889 11.111111 -5.2222223 11.0 0.5 -2.115567 WINDOW 
79.0 154.0 9 0.0 0.0 1.1111112 1.5851849 0.16666669 0.07777777 0.7407407 0.44444445 1.5555556 0.22222222 -0.8888889 2.4444444 -1.5555556 1.5555556 0.2888889 -1.9196393 WINDOW 
233.0 159.0 9 0.0 0.0 2.4999998 0.5222224 1.2777778 1.5740741 6.6296296 5.111111 10.111111 4.666667 -4.5555553 10.444445 -5.888889 10.111111 0.5416667 -1.9994432 CEMENT 
32.0 158.0 9 0.0 0.0 0.9444445 0.8629626 0.8333333 0.6111108 7.962963 6.3333335 11.888889 5.6666665 -4.888889 11.777778 -6.888889 11.888889 0.5205782 -1.9828341 CEMENT 
8.0 162.0 9 0.11111111 0.0 1.611111 2.0629625 0.3333334 0.13333334 8.37037 6.6666665 12.0 6.4444447 -5.111111 10.888889 -5.7777777 12.0 0.48480532 -2.0449464 CEMENT 
128.0 161.0 9 0.0 0.0 0.55555534 0.25185192 0.77777785 0.16296278 7.148148 5.5555553 10.888889 5.0 -4.7777777 11.222222 -6.4444447 10.888889 0.5409177 -1.9963073 CEMENT 
150.0 158.0 9 0.0 0.0 2.166667 1.6333338 1.388889 0.41851807 8.444445 7.0 12.222222 6.111111 -4.3333335 11.333333 -7.0 12.222222 0.50308645 -1.9434487 CEMENT 
124.0 162.0 9 0.11111111 0.0 1.3888888 1.1296295 2.0 0.8888891 10.037037 8.0 14.555555 7.5555553 -6.111111 13.555555 -7.4444447 14.555555 0.4799313 -2.0293121 CEMENT 
