5.3 0.57 0.01 1.7 0.054 5 27 0.9934 3.57 0.84 12.5 7 
7.7 0.6 0.06 2 0.079 19 41 0.99697 3.39 0.62 10.1 6 
7.3 0.59 0.26 2 0.08 17 104 0.99584 3.28 0.52 9.9 5 
8.2 0.39 0.38 1.5 0.058 10 29 0.9962 3.26 0.74 9.8 5 
8.4 0.56 0.08 2.1 0.105 16 44 0.9958 3.13 0.52 11 5 
10.6 0.28 0.39 15.5 0.069 6 23 1.0026 3.12 0.66 9.2 5 
12.3 0.39 0.63 2.3 0.091 6 18 1.0004 3.16 0.49 9.5 5 
7.9 0.6 0.06 1.6 0.069 15 59 0.9964 3.3 0.46 9.4 5 
8.9 0.4 0.51 2.6 0.052 13 27 0.995 3.32 0.9 13.4 7 
9 0.58 0.25 2 0.104 8 21 0.99769 3.27 0.72 9.6 5 
8.5 0.32 0.42 2.3 0.075 12 19 0.99434 3.14 0.71 11.8 7 
8.4 0.6 0.1 2.2 0.085 14 111 0.9964 3.15 0.66 9.8 5 
7.6 0.55 0.21 2.2 0.071 7 28 0.9964 3.28 0.55 9.7 5 
8.9 0.24 0.39 1.6 0.074 3 10 0.99698 3.12 0.59 9.5 6 
10.9 0.37 0.58 4 0.071 17 65 0.99935 3.22 0.78 10.1 5 
7 0.62 0.08 1.8 0.076 8 24 0.9978 3.48 0.53 9 5 
8.9 0.48 0.24 2.85 0.094 35 106 0.9982 3.1 0.53 9.2 5 
13.7 0.415 0.68 2.9 0.085 17 43 1.0014 3.06 0.8 10 6 
6.4 0.64 0.21 1.8 0.081 14 31 0.99689 3.59 0.66 9.8 5 
8.1 0.82 0 4.1 0.095 5 14 0.99854 3.36 0.53 9.6 5 
7.5 0.71 0 1.6 0.092 22 31 0.99635 3.38 0.58 10 6 
8.2 0.44 0.24 2.3 0.063 10 28 0.99613 3.25 0.53 10.2 6 
7.7 0.69 0.22 1.9 0.084 18 94 0.9961 3.31 0.48 9.5 5 
8.3 0.85 0.14 2.5 0.093 13 54 0.99724 3.36 0.54 10.1 5 
8.7 0.675 0.1 1.6 0.09 4 11 0.99745 3.31 0.65 9.55 5 
10.7 0.9 0.34 6.6 0.112 23 99 1.00289 3.22 0.68 9.3 5 
9 0.38 0.41 2.4 0.103 6 10 0.99604 3.13 0.58 11.9 7 
9.4 0.395 0.46 4.6 0.094 3 10 0.99639 3.27 0.64 12.2 7 
7.8 0.53 0.01 1.6 0.077 3 19 0.995 3.16 0.46 9.8 5 
8.8 0.41 0.64 2.2 0.093 9 42 0.9986 3.54 0.66 10.5 5 
9.1 0.28 0.48 1.8 0.067 26 46 0.9967 3.32 1.04 10.6 6 
4.6 0.52 0.15 2.1 0.054 8 65 0.9934 3.9 0.56 13.1 4 
6.9 0.54 0.3 2.2 0.088 9 105 0.99725 3.25 1.18 10.5 6 
7.8 0.6 0.26 2 0.08 31 131 0.99622 3.21 0.52 9.9 5 
8.7 0.7 0.24 2.5 0.226 5 15 0.9991 3.32 0.6 9 6 
9.1 0.37 0.32 2.1 0.064 4 15 0.99576 3.3 0.8 11.2 6 
8.5 0.585 0.18 2.1 0.078 5 30 0.9967 3.2 0.48 9.8 6 
8 0.45 0.23 2.2 0.094 16 29 0.9962 3.21 0.49 10.2 6 
10.1 0.27 0.54 2.3 0.065 7 26 0.99531 3.17 0.53 12.5 6 
10.4 0.575 0.61 2.6 0.076 11 24 1 3.16 0.69 9 5 
7 0.4 0.32 3.6 0.061 9 29 0.99416 3.28 0.49 11.3 7 
8.7 0.42 0.45 2.4 0.072 32 59 0.99617 3.33 0.77 12 6 
6.4 0.64 0.21 1.8 0.081 14 31 0.99689 3.59 0.66 9.8 5 
9.2 0.755 0.18 2.2 0.148 10 103 0.9969 2.87 1.36 10.2 6 
10 0.43 0.33 2.7 0.095 28 89 0.9984 3.22 0.68 10 5 
5.6 0.62 0.03 1.5 0.08 6 13 0.99498 3.66 0.62 10.1 4 
6.8 0.83 0.09 1.8 0.074 4 25 0.99534 3.38 0.45 9.6 5 
9.3 0.43 0.44 1.9 0.085 9 22 0.99708 3.28 0.55 9.5 5 
8.8 0.55 0.04 2.2 0.119 14 56 0.9962 3.21 0.6 10.9 6 
7.4 0.965 0 2.2 0.088 16 32 0.99756 3.58 0.67 10.2 5 
7.6 0.29 0.49 2.7 0.092 25 60 0.9971 3.31 0.61 10.1 6 
6.6 0.895 0.04 2.3 0.068 7 13 0.99582 3.53 0.58 10.8 6 
6.8 0.64 0.1 2.1 0.085 18 101 0.9956 3.34 0.52 10.2 5 
12.4 0.42 0.49 4.6 0.073 19 43 0.9978 3.02 0.61 9.5 5 
6.6 0.5 0.04 2.1 0.068 6 14 0.9955 3.39 0.64 9.4 6 
8.1 0.825 0.24 2.1 0.084 5 13 0.9972 3.37 0.77 10.7 6 
10.8 0.29 0.42 1.6 0.084 19 27 0.99545 3.28 0.73 11.9 6 
9.1 0.36 0.39 1.8 0.06 21 55 0.99495 3.18 0.82 11 7 
9.9 0.54 0.45 2.3 0.071 16 40 0.9991 3.39 0.62 9.4 5 
6 0.5 0.04 2.2 0.092 13 26 0.99647 3.46 0.47 10 5 
9.5 0.59 0.44 2.3 0.071 21 68 0.9992 3.46 0.63 9.5 5 
7.7 0.715 0.01 2.1 0.064 31 43 0.99371 3.41 0.57 11.8 6 
9.6 0.56 0.31 2.8 0.089 15 46 0.9979 3.11 0.92 10 6 
7.5 0.51 0.02 1.7 0.084 13 31 0.99538 3.36 0.54 10.5 6 
7.5 0.5 0.36 6.1 0.071 17 102 0.9978 3.35 0.8 10.5 5 
7.4 0.785 0.19 5.2 0.094 19 98 0.99713 3.16 0.52 9.6 6 
11.5 0.31 0.51 2.2 0.079 14 28 0.9982 3.03 0.93 9.8 6 
9 0.53 0.49 1.9 0.171 6 25 0.9975 3.27 0.61 9.4 6 
8.1 0.29 0.36 2.2 0.048 35 53 0.995 3.27 1.01 12.4 7 
12.8 0.3 0.74 2.6 0.095 9 28 0.9994 3.2 0.77 10.8 7 
6.9 0.605 0.12 10.7 0.073 40 83 0.9993 3.45 0.52 9.4 6 
10.4 0.34 0.58 3.7 0.174 6 16 0.997 3.19 0.7 11.3 6 
10.6 0.44 0.68 4.1 0.114 6 24 0.997 3.06 0.66 13.4 6 
8.8 0.31 0.4 2.8 0.109 7 16 0.99614 3.31 0.79 11.8 7 
9 0.44 0.49 2.4 0.078 26 121 0.9978 3.23 0.58 9.2 5 
6.1 0.715 0.1 2.6 0.053 13 27 0.99362 3.57 0.5 11.9 5 
6.7 0.54 0.13 2 0.076 15 36 0.9973 3.61 0.64 9.8 5 
12 0.63 0.5 1.4 0.071 6 26 0.99791 3.07 0.6 10.4 4 
8.9 0.28 0.45 1.7 0.067 7 12 0.99354 3.25 0.55 12.3 7 
9.8 0.66 0.39 3.2 0.083 21 59 0.9989 3.37 0.71 11.5 7 
8.9 0.75 0.14 2.5 0.086 9 30 0.99824 3.34 0.64 10.5 5 
7.9 0.545 0.06 4 0.087 27 61 0.9965 3.36 0.67 10.7 6 
6 0.64 0.05 1.9 0.066 9 17 0.99496 3.52 0.78 10.6 5 
6.5 0.885 0 2.3 0.166 6 12 0.99551 3.56 0.51 10.8 5 
7.1 0.35 0.29 2.5 0.096 20 53 0.9962 3.42 0.65 11 6 
6.5 0.52 0.11 1.8 0.073 13 38 0.9955 3.34 0.52 9.3 5 
9.3 0.715 0.24 2.1 0.07 5 20 0.9966 3.12 0.59 9.9 5 
7.3 0.55 0.03 1.6 0.072 17 42 0.9956 3.37 0.48 9 4 
7 0.54 0 2.1 0.079 39 55 0.9956 3.39 0.84 11.4 6 
9 0.8 0.12 2.4 0.083 8 28 0.99836 3.33 0.65 10.4 6 
7.5 0.43 0.3 2.2 0.062 6 12 0.99495 3.44 0.72 11.5 7 
7.8 0.55 0 1.7 0.07 7 17 0.99659 3.26 0.64 9.4 6 
13.8 0.49 0.67 3 0.093 6 15 0.9986 3.02 0.93 12 6 
8.1 0.66 0.7 2.2 0.098 25 129 0.9972 3.08 0.53 9 5 
9.6 0.88 0.28 2.4 0.086 30 147 0.9979 3.24 0.53 9.4 5 
8.1 0.87 0 2.2 0.084 10 31 0.99656 3.25 0.5 9.8 5 
8.9 0.62 0.18 3.8 0.176 52 145 0.9986 3.16 0.88 9.2 5 
7.7 0.39 0.12 1.7 0.097 19 27 0.99596 3.16 0.49 9.4 5 
9 0.43 0.34 2.5 0.08 26 86 0.9987 3.38 0.62 9.5 6 
10.2 0.49 0.63 2.9 0.072 10 26 0.9968 3.16 0.78 12.5 7 
6.7 0.48 0.08 2.1 0.064 18 34 0.99552 3.33 0.64 9.7 5 
7.2 0.695 0.13 2 0.076 12 20 0.99546 3.29 0.54 10.1 5 
11.1 0.39 0.54 2.7 0.095 21 101 1.0001 3.13 0.51 9.5 5 
8.5 0.655 0.49 6.1 0.122 34 151 1.001 3.31 1.14 9.3 5 
7.1 0.69 0.04 2.1 0.068 19 27 0.99712 3.44 0.67 9.8 5 
9.4 0.5 0.34 3.6 0.082 5 14 0.9987 3.29 0.52 10.7 6 
8.4 0.635 0.36 2 0.089 15 55 0.99745 3.31 0.57 10.4 4 
10.3 0.53 0.48 2.5 0.063 6 25 0.9998 3.12 0.59 9.3 6 
9.1 0.66 0.15 3.2 0.097 9 59 0.99976 3.28 0.54 9.6 5 
8 0.52 0.25 2 0.078 19 59 0.99612 3.3 0.48 10.2 5 
7 0.38 0.49 2.5 0.097 33 85 0.9962 3.39 0.77 11.4 6 
12.5 0.46 0.63 2 0.071 6 15 0.9988 2.99 0.87 10.2 5 
7.7 0.54 0.26 1.9 0.089 23 147 0.99636 3.26 0.59 9.7 5 
6.4 0.795 0 2.2 0.065 28 52 0.99378 3.49 0.52 11.6 5 
8.6 0.55 0.09 3.3 0.068 8 17 0.99735 3.23 0.44 10 5 
15.5 0.645 0.49 4.2 0.095 10 23 1.00315 2.92 0.74 11.1 5 
7.5 0.38 0.57 2.3 0.106 5 12 0.99605 3.36 0.55 11.4 6 
7.2 0.49 0.18 2.7 0.069 13 34 0.9967 3.29 0.48 9.2 6 
12.2 0.45 0.49 1.4 0.075 3 6 0.9969 3.13 0.63 10.4 5 
6.6 0.5 0 1.8 0.062 21 28 0.99352 3.44 0.55 12.3 6 
7.7 0.67 0.23 2.1 0.088 17 96 0.9962 3.32 0.48 9.5 5 
15.5 0.645 0.49 4.2 0.095 10 23 1.00315 2.92 0.74 11.1 5 
8.2 0.7 0.23 2 0.099 14 81 0.9973 3.19 0.7 9.4 5 
7.5 0.49 0.2 2.6 0.332 8 14 0.9968 3.21 0.9 10.5 6 
8.4 0.745 0.11 1.9 0.09 16 63 0.9965 3.19 0.82 9.6 5 
5 0.74 0 1.2 0.041 16 46 0.99258 4.01 0.59 12.5 6 
10.1 0.43 0.4 2.6 0.092 13 52 0.99834 3.22 0.64 10 7 
7.2 0.835 0 2 0.166 4 11 0.99608 3.39 0.52 10 5 
7.9 0.57 0.31 2 0.079 10 79 0.99677 3.29 0.69 9.5 6 
9.5 0.46 0.24 2.7 0.092 14 44 0.998 3.12 0.74 10 6 
8.9 0.31 0.57 2 0.111 26 85 0.9971 3.26 0.53 9.7 5 
5.6 0.615 0 1.6 0.089 16 59 0.9943 3.58 0.52 9.9 5 
12.5 0.37 0.55 2.6 0.083 25 68 0.9995 3.15 0.82 10.4 6 
8.1 0.38 0.48 1.8 0.157 5 17 0.9976 3.3 1.05 9.4 5 
7.9 0.35 0.21 1.9 0.073 46 102 0.9964 3.27 0.58 9.5 5 
9.5 0.37 0.52 2 0.088 12 51 0.99613 3.29 0.58 11.1 6 
6.7 0.855 0.02 1.9 0.064 29 38 0.99472 3.3 0.56 10.75 6 
8.8 0.66 0.26 1.7 0.074 4 23 0.9971 3.15 0.74 9.2 5 
7.2 0.39 0.32 1.8 0.065 34 60 0.99714 3.46 0.78 9.9 5 
6.5 0.53 0.06 2 0.063 29 44 0.99489 3.38 0.83 10.3 6 
9.9 0.35 0.41 2.3 0.083 11 61 0.9982 3.21 0.5 9.5 5 
5.6 0.66 0 2.2 0.087 3 11 0.99378 3.71 0.63 12.8 7 
6.8 0.77 0 1.8 0.066 34 52 0.9976 3.62 0.68 9.9 5 
5.3 0.47 0.11 2.2 0.048 16 89 0.99182 3.54 0.88 13.5666666666667 7 
7.6 0.74 0 1.9 0.1 6 12 0.99521 3.36 0.59 11 5 
10.4 0.38 0.46 2.1 0.104 6 10 0.99664 3.12 0.65 11.8 7 
7.8 0.52 0.25 1.9 0.081 14 38 0.9984 3.43 0.65 9 6 
7.2 0.34 0.21 2.5 0.075 41 68 0.99586 3.37 0.54 10.1 6 
7.8 0.64 0.1 6 0.115 5 11 0.9984 3.37 0.69 10.1 7 
7.1 0.68 0 2.3 0.087 17 26 0.99783 3.45 0.53 9.5 5 
9.8 0.51 0.19 3.2 0.081 8 30 0.9984 3.23 0.58 10.5 6 
8.5 0.4 0.4 6.3 0.05 3 10 0.99566 3.28 0.56 12 4 
7.2 0.62 0.06 2.7 0.077 15 85 0.99746 3.51 0.54 9.5 5 
6.2 0.58 0 1.6 0.065 8 18 0.9966 3.56 0.84 9.4 5 
7.6 0.5 0.29 2.3 0.086 5 14 0.99502 3.32 0.62 11.5 6 
9 0.6 0.29 2 0.069 32 73 0.99654 3.34 0.57 10 5 
7.3 0.67 0.02 2.2 0.072 31 92 0.99566 3.32 0.68 11.0666666666667 6 
7.9 0.65 0.01 2.5 0.078 17 38 0.9963 3.34 0.74 11.7 7 
11.5 0.35 0.49 3.3 0.07 10 37 1.0003 3.32 0.91 11 6 
7.8 0.58 0.13 2.1 0.102 17 36 0.9944 3.24 0.53 11.2 6 
6.9 0.52 0.25 2.6 0.081 10 37 0.99685 3.46 0.5 11 5 
7.5 0.41 0.15 3.7 0.104 29 94 0.99786 3.14 0.58 9.1 5 
9.7 0.69 0.32 2.5 0.088 22 91 0.9979 3.29 0.62 10.1 5 
7.1 0.43 0.42 5.5 0.07 29 129 0.9973 3.42 0.72 10.5 5 
5.1 0.42 0 1.8 0.044 18 88 0.99157 3.68 0.73 13.6 7 
10.3 0.27 0.56 1.4 0.047 3 8 0.99471 3.16 0.51 11.8 6 
5.9 0.55 0.1 2.2 0.062 39 51 0.99512 3.52 0.76 11.2 6 
7.4 0.49 0.27 2.1 0.071 14 25 0.99388 3.35 0.63 12 6 
8.8 0.3 0.38 2.3 0.06 19 72 0.99543 3.39 0.72 11.8 6 
11.1 0.31 0.49 2.7 0.094 16 47 0.9986 3.12 1.02 10.6 7 
9.8 1.24 0.34 2 0.079 32 151 0.998 3.15 0.53 9.5 5 
10.1 0.65 0.37 5.1 0.11 11 65 1.0026 3.32 0.64 10.4 6 
6.4 0.67 0.08 2.1 0.045 19 48 0.9949 3.49 0.49 11.4 6 
9.2 0.52 1 3.4 0.61 32 69 0.9996 2.74 2.0 9.4 4 
11.9 0.58 0.58 1.9 0.071 5 18 0.998 3.09 0.63 10 6 
6.2 0.36 0.24 2.2 0.095 19 42 0.9946 3.57 0.57 11.7 6 
7.2 0.36 0.46 2.1 0.074 24 44 0.99534 3.4 0.85 11 7 
6.7 0.28 0.28 2.4 0.012 36 100 0.99064 3.26 0.39 11.7 7 
7.9 0.31 0.32 1.9 0.066 14 36 0.99364 3.41 0.56 12.6 6 
7 0.43 0.3 2 0.085 6 39 0.99346 3.33 0.46 11.9 6 
7.6 0.42 0.08 2.7 0.084 15 48 0.9968 3.21 0.59 10 5 
7.9 0.43 0.21 1.6 0.106 10 37 0.9966 3.17 0.91 9.5 5 
7 0.57 0 2 0.19 12 45 0.99676 3.31 0.6 9.4 6 
7.2 0.38 0.31 2 0.056 15 29 0.99472 3.23 0.76 11.3 8 
7.1 0.685 0.35 2 0.088 9 92 0.9963 3.28 0.62 9.4 5 
7.3 0.67 0.05 3.6 0.107 6 20 0.9972 3.4 0.63 10.1 5 
6.2 0.39 0.43 2 0.071 14 24 0.99428 3.45 0.87 11.2 7 
9.4 0.41 0.48 4.6 0.072 10 20 0.9973 3.34 0.79 12.2 7 
9.3 0.32 0.57 2 0.074 27 65 0.9969 3.28 0.79 10.7 5 
7.2 0.725 0.05 4.65 0.086 4 11 0.9962 3.41 0.39 10.9 5 
12.7 0.59 0.45 2.3 0.082 11 22 1 3 0.7 9.3 6 
9.1 0.76 0.68 1.7 0.414 18 64 0.99652 2.9 1.33 9.1 6 
9.9 0.35 0.38 1.5 0.058 31 47 0.99676 3.26 0.82 10.6 7 
10.4 0.24 0.49 1.8 0.075 6 20 0.9977 3.18 1.06 11 6 
8 0.42 0.17 2 0.073 6 18 0.9972 3.29 0.61 9.2 6 
10.1 0.935 0.22 3.4 0.105 11 86 1.001 3.43 0.64 11.3 4 
9.2 0.63 0.21 2.7 0.097 29 65 0.9988 3.28 0.58 9.6 5 
7.9 0.66 0 1.4 0.096 6 13 0.99569 3.43 0.58 9.5 5 
7.8 0.61 0.29 1.6 0.114 9 29 0.9974 3.26 1.56 9.1 5 
10.6 1.02 0.43 2.9 0.076 26 88 0.9984 3.08 0.57 10.1 6 
6.8 0.67 0.15 1.8 0.118 13 20 0.9954 3.42 0.67 11.3 6 
5.2 0.48 0.04 1.6 0.054 19 106 0.9927 3.54 0.62 12.2 7 
9.8 0.5 0.49 2.6 0.25 5 20 0.999 3.31 0.79 10.7 6 
6.4 0.57 0.12 2.3 0.12 25 36 0.99519 3.47 0.71 11.3 7 
9.9 0.59 0.07 3.4 0.102 32 71 1.00015 3.31 0.71 9.8 5 
7.8 0.52 0.25 1.9 0.081 14 38 0.9984 3.43 0.65 9 6 
7 0.69 0.07 2.5 0.091 15 21 0.99572 3.38 0.6 11.3 6 
6.8 0.5 0.11 1.5 0.075 16 49 0.99545 3.36 0.79 9.5 5 
6.1 0.38 0.15 1.8 0.072 6 19 0.9955 3.42 0.57 9.4 5 
8.4 0.62 0.09 2.2 0.084 11 108 0.9964 3.15 0.66 9.8 5 
5.4 0.74 0.09 1.7 0.089 16 26 0.99402 3.67 0.56 11.6 6 
7.6 0.41 0.33 2.5 0.078 6 23 0.9957 3.3 0.58 11.2 5 
7.9 0.765 0 2 0.084 9 22 0.99619 3.33 0.68 10.9 6 
9.6 0.77 0.12 2.9 0.082 30 74 0.99865 3.3 0.64 10.4 6 
6.5 0.51 0.15 3 0.064 12 27 0.9929 3.33 0.59 12.8 6 
10.3 0.32 0.45 6.4 0.073 5 13 0.9976 3.23 0.82 12.6 8 
8 0.745 0.56 2 0.118 30 134 0.9968 3.24 0.66 9.4 5 
15.9 0.36 0.65 7.5 0.096 22 71 0.9976 2.98 0.84 14.9 5 
9.2 0.54 0.31 2.3 0.112 11 38 0.99699 3.24 0.56 10.9 5 
9.6 0.77 0.12 2.9 0.082 30 74 0.99865 3.3 0.64 10.4 6 
7.1 0.875 0.05 5.7 0.082 3 14 0.99808 3.4 0.52 10.2 3 
6.9 0.41 0.33 2.2 0.081 22 36 0.9949 3.41 0.75 11.1 6 
7.2 0.66 0.33 2.5 0.068 34 102 0.99414 3.27 0.78 12.8 6 
6.5 0.53 0.06 2 0.063 29 44 0.99489 3.38 0.83 10.3 6 
6.9 0.49 0.1 2.3 0.074 12 30 0.9959 3.42 0.58 10.2 6 
7.3 0.49 0.1 2.6 0.068 4 14 0.99562 3.3 0.47 10.5 5 
11.7 0.45 0.63 2.2 0.073 7 23 0.99974 3.21 0.69 10.9 6 
7.5 0.59 0.22 1.8 0.082 43 60 0.99499 3.1 0.42 9.2 5 
7 0.655 0.16 2.1 0.074 8 25 0.99606 3.37 0.55 9.7 5 
8 0.71 0 2.6 0.08 11 34 0.9976 3.44 0.53 9.5 5 
6.8 0.68 0.09 3.9 0.068 15 29 0.99524 3.41 0.52 11.1 4 
8 0.83 0.27 2 0.08 11 63 0.99652 3.29 0.48 9.8 4 
9.8 0.39 0.43 1.65 0.068 5 11 0.99478 3.19 0.46 11.4 5 
13 0.32 0.65 2.6 0.093 15 47 0.9996 3.05 0.61 10.6 5 
7.5 0.58 0.14 2.2 0.077 27 60 0.9963 3.28 0.59 9.8 5 
8.1 0.78 0.1 3.3 0.09 4 13 0.99855 3.36 0.49 9.5 5 
8.2 0.2 0.43 2.5 0.076 31 51 0.99672 3.53 0.81 10.4 6 
6.6 0.39 0.49 1.7 0.07 23 149 0.9922 3.12 0.5 11.5 6 
7.3 0.33 0.47 2.1 0.077 5 11 0.9958 3.33 0.53 10.3 6 
7.2 1 0 3 0.102 7 16 0.99586 3.43 0.46 10 5 
11.3 0.37 0.5 1.8 0.09 20 47 0.99734 3.15 0.57 10.5 5 
6.9 0.765 0.18 2.4 0.243 5.5 48 0.99612 3.4 0.6 10.3 6 
7.9 0.3 0.68 8.3 0.05 37.5 289 0.99316 3.01 0.51 12.3 7 
8.6 0.63 0.17 2.9 0.099 21 119 0.998 3.09 0.52 9.3 5 
9.1 0.52 0.33 1.3 0.07 9 30 0.9978 3.24 0.6 9.3 5 
7.2 0.38 0.3 1.8 0.073 31 70 0.99685 3.42 0.59 9.5 6 
7.2 0.37 0.32 2 0.062 15 28 0.9947 3.23 0.73 11.3 7 
8.4 0.62 0.12 1.8 0.072 38 46 0.99504 3.38 0.89 11.8 6 
8.8 0.24 0.35 1.7 0.055 13 27 0.99394 3.14 0.59 11.3 7 
6.8 0.65 0.02 2.1 0.078 8 15 0.99498 3.35 0.62 10.4 6 
10 0.46 0.44 2.9 0.065 4 8 0.99674 3.33 0.62 12.2 6 
7.4 0.68 0.16 1.8 0.078 12 39 0.9977 3.5 0.7 9.9 6 
6 0.51 0 2.1 0.064 40 54 0.995 3.54 0.93 10.7 6 
8.8 0.44 0.49 2.8 0.083 18 111 0.9982 3.3 0.6 9.5 5 
7.8 0.56 0.19 2 0.081 17 108 0.9962 3.32 0.54 9.5 5 
6.4 0.79 0.04 2.2 0.061 11 17 0.99588 3.53 0.65 10.4 6 
7.7 0.935 0.43 2.2 0.114 22 114 0.997 3.25 0.73 9.2 5 
9.9 0.27 0.49 5 0.082 9 17 0.99484 3.19 0.52 12.5 7 
8.1 0.545 0.18 1.9 0.08 13 35 0.9972 3.3 0.59 9 6 
7.3 0.35 0.24 2 0.067 28 48 0.99576 3.43 0.54 10 4 
6.8 0.51 0.01 2.1 0.074 9 25 0.9958 3.33 0.56 9.5 6 
10.8 0.47 0.43 2.1 0.171 27 66 0.9982 3.17 0.76 10.8 6 
7.9 0.29 0.49 2.2 0.096 21 59 0.99714 3.31 0.67 10.1 6 
8.8 0.42 0.21 2.5 0.092 33 88 0.99823 3.19 0.52 9.2 5 
8.7 0.46 0.31 2.5 0.126 24 64 0.99746 3.1 0.74 9.6 5 
10.3 0.59 0.42 2.8 0.09 35 73 0.999 3.28 0.7 9.5 6 
8.2 0.5 0.35 2.9 0.077 21 127 0.9976 3.23 0.62 9.4 5 
7 0.805 0 2.5 0.068 7 20 0.9969 3.48 0.56 9.6 5 
9.2 0.56 0.18 1.6 0.078 10 21 0.99576 3.15 0.49 9.9 5 
11.5 0.18 0.51 4 0.104 4 23 0.9996 3.28 0.97 10.1 6 
9.4 0.27 0.53 2.4 0.074 6 18 0.9962 3.2 1.13 12 7 
10 0.35 0.45 2.5 0.092 20 88 0.99918 3.15 0.43 9.4 5 
7.8 0.82 0.29 4.3 0.083 21 64 0.99642 3.16 0.53 9.4 5 
7.1 0.43 0.42 5.5 0.071 28 128 0.9973 3.42 0.71 10.5 5 
9.4 0.685 0.26 2.4 0.082 23 143 0.9978 3.28 0.55 9.4 5 
7.6 0.54 0.13 2.5 0.097 24 66 0.99785 3.39 0.61 9.4 5 
7 0.58 0.12 1.9 0.091 34 124 0.9956 3.44 0.48 10.5 5 
7.5 0.63 0.27 2 0.083 17 91 0.99616 3.26 0.58 9.8 6 
7.7 0.18 0.34 2.7 0.066 15 58 0.9947 3.37 0.78 11.8 6 
12 0.39 0.66 3 0.093 12 30 0.9996 3.18 0.63 10.8 7 
9 0.82 0.14 2.6 0.089 9 23 0.9984 3.39 0.63 9.8 5 
6.2 0.51 0.14 1.9 0.056 15 34 0.99396 3.48 0.57 11.5 6 
10.6 0.36 0.57 2.3 0.087 6 20 0.99676 3.14 0.72 11.1 7 
9.1 0.5 0.3 1.9 0.065 8 17 0.99774 3.32 0.71 10.5 6 
10.2 0.36 0.64 2.9 0.122 10 41 0.998 3.23 0.66 12.5 6 
10.2 0.54 0.37 15.4 0.214 55 95 1.00369 3.18 0.77 9 6 
7.7 0.41 0.76 1.8 0.611 8 45 0.9968 3.06 1.26 9.4 5 
9.8 0.3 0.39 1.7 0.062 3 9 0.9948 3.14 0.57 11.5 7 
7.2 0.57 0.05 2.3 0.081 16 36 0.99564 3.38 0.6 10.3 6 
8.3 0.625 0.2 1.5 0.08 27 119 0.9972 3.16 1.12 9.1 4 
