6.5 0.67 0 4.3 0.057 11 20 0.99488 3.45 0.56 11.8 4 
7.3 0.835 0.03 2.1 0.092 10 19 0.9966 3.39 0.47 9.6 5 
7.5 0.63 0.27 2 0.083 17 91 0.99616 3.26 0.58 9.8 6 
9 0.45 0.49 2.6 0.084 21 75 0.9987 3.35 0.57 9.7 5 
8.9 0.35 0.4 3.6 0.11 12 24 0.99549 3.23 0.7 12 7 
11.6 0.53 0.66 3.65 0.121 6 14 0.9978 3.05 0.74 11.5 7 
7.6 0.715 0 2.1 0.068 30 35 0.99533 3.48 0.65 11.4 6 
9.9 0.4 0.53 6.7 0.097 6 19 0.9986 3.27 0.82 11.7 7 
11.3 0.36 0.66 2.4 0.123 3 8 0.99642 3.2 0.53 11.9 6 
13.2 0.46 0.52 2.2 0.071 12 35 1.0006 3.1 0.56 9 6 
6.2 0.56 0.09 1.7 0.053 24 32 0.99402 3.54 0.6 11.3 5 
7.2 0.695 0.13 2 0.076 12 20 0.99546 3.29 0.54 10.1 5 
8.4 0.31 0.29 3.1 0.194 14 26 0.99536 3.22 0.78 12 6 
6.6 0.63 0 4.3 0.093 51 77.5 0.99558 3.2 0.45 9.5 5 
9.3 0.49 0.36 1.7 0.081 3 14 0.99702 3.27 0.78 10.9 6 
7.4 0.36 0.29 2.6 0.087 26 72 0.99645 3.39 0.68 11 5 
8.3 0.3 0.49 3.8 0.09 11 24 0.99498 3.27 0.64 12.1 7 
5.9 0.61 0.08 2.1 0.071 16 24 0.99376 3.56 0.77 11.1 6 
8.4 0.665 0.61 2 0.112 13 95 0.997 3.16 0.54 9.1 5 
5.6 0.605 0.05 2.4 0.073 19 25 0.99258 3.56 0.55 12.9 5 
9.7 0.42 0.46 2.1 0.074 5 16 0.99649 3.27 0.74 12.3 6 
7.8 0.57 0.31 1.8 0.069 26 120 0.99625 3.29 0.53 9.3 5 
6.9 0.63 0.33 6.7 0.235 66 115 0.99787 3.22 0.56 9.5 5 
7.8 0.5 0.3 1.9 0.075 8 22 0.9959 3.31 0.56 10.4 6 
15 0.21 0.44 2.2 0.075 10 24 1.00005 3.07 0.84 9.2 7 
9.6 0.68 0.24 2.2 0.087 5 28 0.9988 3.14 0.6 10.2 5 
7.1 0.75 0.01 2.2 0.059 11 18 0.99242 3.39 0.4 12.8 6 
12.8 0.84 0.63 2.4 0.088 13 35 0.9997 3.1 0.6 10.4 6 
6.6 0.63 0 4.3 0.093 51 77.5 0.99558 3.2 0.45 9.5 5 
9.7 0.69 0.32 2.5 0.088 22 91 0.9979 3.29 0.62 10.1 5 
15 0.21 0.44 2.2 0.075 10 24 1.00005 3.07 0.84 9.2 7 
7.2 0.655 0.03 1.8 0.078 7 12 0.99587 3.34 0.39 9.5 5 
8.2 0.56 0.23 3.4 0.078 14 104 0.9976 3.28 0.62 9.4 5 
7.4 0.25 0.29 2.2 0.054 19 49 0.99666 3.4 0.76 10.9 7 
7.1 0.46 0.14 2.8 0.076 15 37 0.99624 3.36 0.49 10.7 5 
8 0.39 0.3 1.9 0.074 32 84 0.99717 3.39 0.61 9 5 
6.9 0.45 0.11 2.4 0.043 6 12 0.99354 3.3 0.65 11.4 6 
10.4 0.61 0.49 2.1 0.2 5 16 0.9994 3.16 0.63 8.4 3 
6.8 0.815 0 1.2 0.267 16 29 0.99471 3.32 0.51 9.8 3 
9.6 0.56 0.23 3.4 0.102 37 92 0.9996 3.3 0.65 10.1 5 
7.6 0.665 0.1 1.5 0.066 27 55 0.99655 3.39 0.51 9.3 5 
11.1 0.45 0.73 3.2 0.066 6 22 0.9986 3.17 0.66 11.2 6 
8.1 0.72 0.09 2.8 0.084 18 49 0.9994 3.43 0.72 11.1 6 
7.1 0.61 0.02 2.5 0.081 17 87 0.99745 3.48 0.6 9.7 6 
7.2 0.48 0.07 5.5 0.089 10 18 0.99684 3.37 0.68 11.2 7 
7.3 0.73 0.24 1.9 0.108 18 102 0.9967 3.26 0.59 9.3 5 
10.1 0.31 0.44 2.3 0.08 22 46 0.9988 3.32 0.67 9.7 6 
8.2 0.73 0.21 1.7 0.074 5 13 0.9968 3.2 0.52 9.5 5 
9.1 0.4 0.5 1.8 0.071 7 16 0.99462 3.21 0.69 12.5 8 
8.8 0.6 0.29 2.2 0.098 5 15 0.9988 3.36 0.49 9.1 5 
7.7 0.96 0.2 2 0.047 15 60 0.9955 3.36 0.44 10.9 5 
8.3 0.715 0.15 1.8 0.089 10 52 0.9968 3.23 0.77 9.5 5 
7.8 0.57 0.09 2.3 0.065 34 45 0.99417 3.46 0.74 12.7 8 
8.8 0.37 0.48 2.1 0.097 39 145 0.9975 3.04 1.03 9.3 5 
8 0.64 0.22 2.4 0.094 5 33 0.99612 3.37 0.58 11 5 
9 0.45 0.49 2.6 0.084 21 75 0.9987 3.35 0.57 9.7 5 
7.7 0.705 0.1 2.6 0.084 9 26 0.9976 3.39 0.49 9.7 5 
6.4 0.56 0.15 1.8 0.078 17 65 0.99294 3.33 0.6 10.5 6 
10.5 0.51 0.64 2.4 0.107 6 15 0.9973 3.09 0.66 11.8 7 
8.1 0.785 0.52 2 0.122 37 153 0.9969 3.21 0.69 9.3 5 
6.9 0.49 0.19 1.7 0.079 13 26 0.99547 3.38 0.64 9.8 6 
8.5 0.28 0.35 1.7 0.061 6 15 0.99524 3.3 0.74 11.8 7 
6.4 0.47 0.4 2.4 0.071 8 19 0.9963 3.56 0.73 10.6 6 
9.8 0.5 0.34 2.3 0.094 10 45 0.99864 3.24 0.6 9.7 7 
6.6 0.52 0.04 2.2 0.069 8 15 0.9956 3.4 0.63 9.4 6 
7.2 0.41 0.3 2.1 0.083 35 72 0.997 3.44 0.52 9.4 5 
11.9 0.39 0.69 2.8 0.095 17 35 0.9994 3.1 0.61 10.8 6 
5.7 1.13 0.09 1.5 0.172 7 19 0.994 3.5 0.48 9.8 4 
8.7 0.69 0.31 3 0.086 23 81 1.0002 3.48 0.74 11.6 6 
9.7 0.31 0.47 1.6 0.062 13 33 0.9983 3.27 0.66 10 6 
7.4 0.59 0.08 4.4 0.086 6 29 0.9974 3.38 0.5 9 4 
6.7 0.48 0.02 2.2 0.08 36 111 0.99524 3.1 0.53 9.7 5 
7.5 0.42 0.32 2.7 0.067 7 25 0.99628 3.24 0.44 10.4 5 
6.6 0.725 0.2 7.8 0.073 29 79 0.9977 3.29 0.54 9.2 5 
6.7 0.67 0.02 1.9 0.061 26 42 0.99489 3.39 0.82 10.9 6 
9.8 0.88 0.25 2.5 0.104 35 155 1.001 3.41 0.67 11.2 5 
7.2 0.66 0.03 2.3 0.078 16 86 0.99743 3.53 0.57 9.7 5 
7.5 0.42 0.31 1.6 0.08 15 42 0.9978 3.31 0.64 9 5 
7.6 0.49 0.33 1.9 0.074 27 85 0.99706 3.41 0.58 9 5 
7 0.43 0.02 1.9 0.08 15 28 0.99492 3.35 0.81 10.6 6 
7.7 0.96 0.2 2 0.047 15 60 0.9955 3.36 0.44 10.9 5 
7.9 0.4 0.29 1.8 0.157 1 44 0.9973 3.3 0.92 9.5 6 
9.9 0.5 0.24 2.3 0.103 6 14 0.9978 3.34 0.52 10 4 
6.1 0.32 0.25 2.3 0.071 23 58 0.99633 3.42 0.97 10.6 5 
8.8 0.64 0.17 2.9 0.084 25 130 0.99818 3.23 0.54 9.6 5 
7.1 0.6 0 1.8 0.074 16 34 0.9972 3.47 0.7 9.9 6 
6.5 0.39 0.23 8.3 0.051 28 91 0.9952 3.44 0.55 12.1 6 
8.9 0.62 0.19 3.9 0.17 51 148 0.9986 3.17 0.93 9.2 5 
9.1 0.64 0.23 3.1 0.095 13 38 0.9998 3.28 0.59 9.7 5 
8.5 0.37 0.32 1.8 0.066 26 51 0.99456 3.38 0.72 11.8 6 
10.7 0.43 0.39 2.2 0.106 8 32 0.9986 2.89 0.5 9.6 5 
10.5 0.26 0.47 1.9 0.078 6 24 0.9976 3.18 1.04 10.9 7 
5 0.38 0.01 1.6 0.048 26 60 0.99084 3.7 0.75 14 6 
7.7 0.915 0.12 2.2 0.143 7 23 0.9964 3.35 0.65 10.2 7 
8.6 0.53 0.22 2 0.1 7 27 0.9967 3.2 0.56 10.2 6 
9.3 0.655 0.26 2 0.096 5 35 0.99738 3.25 0.42 9.6 5 
7.7 0.51 0.28 2.1 0.087 23 54 0.998 3.42 0.74 9.2 5 
8 0.58 0.16 2 0.12 3 7 0.99454 3.22 0.58 11.2 6 
7.1 0.43 0.17 1.8 0.082 27 51 0.99634 3.49 0.64 10.4 5 
7.2 0.61 0.08 4 0.082 26 108 0.99641 3.25 0.51 9.4 5 
7.5 0.61 0.2 1.7 0.076 36 60 0.99494 3.1 0.4 9.3 5 
8.2 0.4 0.44 2.8 0.089 11 43 0.9975 3.53 0.61 10.5 6 
10.2 0.42 0.57 3.4 0.07 4 10 0.9971 3.04 0.63 9.6 5 
7.6 0.43 0.29 2.1 0.075 19 66 0.99718 3.4 0.64 9.5 5 
7.1 0.6 0.01 2.3 0.079 24 37 0.99514 3.4 0.61 10.9 6 
9.3 0.36 0.39 1.5 0.08 41 55 0.99652 3.47 0.73 10.9 6 
9.6 0.5 0.36 2.8 0.116 26 55 0.99722 3.18 0.68 10.9 5 
10.5 0.42 0.66 2.95 0.116 12 29 0.997 3.24 0.75 11.7 7 
10.5 0.39 0.46 2.2 0.075 14 27 0.99598 3.06 0.84 11.4 6 
8 0.18 0.37 0.9 0.049 36 109 0.99007 2.89 0.44 12.7 6 
9 0.785 0.24 1.7 0.078 10 21 0.99692 3.29 0.67 10 5 
8.4 0.36 0.32 2.2 0.081 32 79 0.9964 3.3 0.72 11 6 
11.7 0.28 0.47 1.7 0.054 17 32 0.99686 3.15 0.67 10.6 7 
6.9 0.63 0.02 1.9 0.078 18 30 0.99712 3.4 0.75 9.8 5 
7.7 0.63 0.08 1.9 0.076 15 27 0.9967 3.32 0.54 9.5 6 
10.2 0.44 0.58 4.1 0.092 11 24 0.99745 3.29 0.99 12 7 
7.2 0.33 0.33 1.7 0.061 3 13 0.996 3.23 1.1 10 8 
8.2 0.34 0.38 2.5 0.08 12 57 0.9978 3.3 0.47 9 6 
9.2 0.43 0.49 2.4 0.086 23 116 0.9976 3.23 0.64 9.5 5 
10.9 0.53 0.49 4.6 0.118 10 17 1.0002 3.07 0.56 11.7 6 
6.1 0.34 0.25 1.8 0.084 4 28 0.99464 3.36 0.44 10.1 5 
7.3 0.67 0.26 1.8 0.401 16 51 0.9969 3.16 1.14 9.4 5 
6.3 0.55 0.15 1.8 0.077 26 35 0.99314 3.32 0.82 11.6 6 
6.1 0.705 0.1 2.8 0.081 13 28 0.99631 3.6 0.66 10.2 5 
7.8 0.34 0.37 2 0.082 24 58 0.9964 3.34 0.59 9.4 6 
10.5 0.43 0.35 3.3 0.092 24 70 0.99798 3.21 0.69 10.5 6 
7.5 0.58 0.56 3.1 0.153 5 14 0.99476 3.21 1.03 11.6 6 
11.5 0.59 0.59 2.6 0.087 13 49 0.9988 3.18 0.65 11 6 
10.9 0.32 0.52 1.8 0.132 17 44 0.99734 3.28 0.77 11.5 6 
7.3 0.45 0.36 5.9 0.074 12 87 0.9978 3.33 0.83 10.5 5 
6.9 0.54 0.04 3 0.077 7 27 0.9987 3.69 0.91 9.4 6 
7.1 0.34 0.28 2 0.082 31 68 0.99694 3.45 0.48 9.4 5 
8.4 0.37 0.53 1.8 0.413 9 26 0.9979 3.06 1.06 9.1 6 
6.6 0.725 0.09 5.5 0.117 9 17 0.99655 3.35 0.49 10.8 6 
11.9 0.695 0.53 3.4 0.128 7 21 0.9992 3.17 0.84 12.2 7 
7.8 0.76 0.04 2.3 0.092 15 54 0.997 3.26 0.65 9.8 5 
7.2 0.65 0.02 2.3 0.094 5 31 0.9993 3.67 0.8 9.7 5 
11.4 0.46 0.5 2.7 0.122 4 17 1.0006 3.13 0.7 10.2 5 
7.3 0.69 0.32 2.2 0.069 35 104 0.99632 3.33 0.51 9.5 5 
7.8 0.43 0.32 2.8 0.08 29 58 0.9974 3.31 0.64 10.3 5 
8.5 0.28 0.56 1.8 0.092 35 103 0.9969 3.3 0.75 10.5 7 
7.2 0.53 0.13 2 0.058 18 22 0.99573 3.21 0.68 9.9 6 
13 0.47 0.49 4.3 0.085 6 47 1.0021 3.3 0.68 12.7 6 
7.1 0.72 0 1.8 0.123 6 14 0.99627 3.45 0.58 9.8 5 
8.6 0.37 0.65 6.4 0.08 3 8 0.99817 3.27 0.58 11 5 
10.4 0.52 0.45 2 0.08 6 13 0.99774 3.22 0.76 11.4 6 
7.4 0.63 0.07 2.4 0.09 11 37 0.9979 3.43 0.76 9.7 6 
6.9 0.54 0.04 3 0.077 7 27 0.9987 3.69 0.91 9.4 6 
8.8 0.27 0.39 2 0.1 20 27 0.99546 3.15 0.69 11.2 6 
7.3 0.735 0 2.2 0.08 18 28 0.99765 3.41 0.6 9.4 5 
7.1 0.22 0.49 1.8 0.039 8 18 0.99344 3.39 0.56 12.4 6 
10.2 0.33 0.46 1.9 0.081 6 9 0.99628 3.1 0.48 10.4 6 
8.4 0.62 0.12 1.8 0.072 38 46 0.99504 3.38 0.89 11.8 6 
5.6 0.66 0 2.5 0.066 7 15 0.99256 3.52 0.58 12.9 5 
9 0.54 0.49 2.9 0.094 41 110 0.9982 3.08 0.61 9.2 5 
7.2 0.36 0.46 2.1 0.074 24 44 0.99534 3.4 0.85 11 7 
8.3 0.6 0.25 2.2 0.118 9 38 0.99616 3.15 0.53 9.8 5 
7.5 0.77 0.2 8.1 0.098 30 92 0.99892 3.2 0.58 9.2 5 
8.1 0.78 0.23 2.6 0.059 5 15 0.997 3.37 0.56 11.3 5 
8.8 0.59 0.18 2.9 0.089 12 74 0.99738 3.14 0.54 9.4 5 
7.2 0.58 0.03 2.3 0.077 7 28 0.99568 3.35 0.52 10 5 
8 0.3 0.63 1.6 0.081 16 29 0.99588 3.3 0.78 10.8 6 
7.7 0.58 0.01 1.8 0.088 12 18 0.99568 3.32 0.56 10.5 7 
7.3 0.39 0.31 2.4 0.074 9 46 0.9962 3.41 0.54 9.4 6 
5.6 0.5 0.09 2.3 0.049 17 99 0.9937 3.63 0.63 13 5 
10.2 0.36 0.64 2.9 0.122 10 41 0.998 3.23 0.66 12.5 6 
7.4 0.35 0.33 2.4 0.068 9 26 0.9947 3.36 0.6 11.9 6 
11.9 0.38 0.49 2.7 0.098 12 42 1.0004 3.16 0.61 10.3 5 
7.2 0.49 0.24 2.2 0.07 5 36 0.996 3.33 0.48 9.4 5 
7.9 0.885 0.03 1.8 0.058 4 8 0.9972 3.36 0.33 9.1 4 
7.3 1.07 0.09 1.7 0.178 10 89 0.9962 3.3 0.57 9 5 
10.2 0.24 0.49 2.4 0.075 10 28 0.9978 3.14 0.61 10.4 5 
8.7 0.82 0.02 1.2 0.07 36 48 0.9952 3.2 0.58 9.8 5 
9.6 0.41 0.37 2.3 0.091 10 23 0.99786 3.24 0.56 10.5 5 
11.3 0.34 0.45 2 0.082 6 15 0.9988 2.94 0.66 9.2 6 
6.4 0.31 0.09 1.4 0.066 15 28 0.99459 3.42 0.7 10 7 
12.5 0.38 0.6 2.6 0.081 31 72 0.9996 3.1 0.73 10.5 5 
9.6 0.68 0.24 2.2 0.087 5 28 0.9988 3.14 0.6 10.2 5 
7 0.65 0.02 2.1 0.066 8 25 0.9972 3.47 0.67 9.5 6 
8.7 0.78 0.51 1.7 0.415 12 66 0.99623 3 1.17 9.2 5 
6.7 0.41 0.43 2.8 0.076 22 54 0.99572 3.42 1.16 10.6 6 
10.7 0.43 0.39 2.2 0.106 8 32 0.9986 2.89 0.5 9.6 5 
7.4 0.53 0.26 2 0.101 16 72 0.9957 3.15 0.57 9.4 5 
6.9 0.74 0.03 2.3 0.054 7 16 0.99508 3.45 0.63 11.5 6 
7.3 0.43 0.24 2.5 0.078 27 67 0.99648 3.6 0.59 11.1 6 
6.8 0.62 0.08 1.9 0.068 28 38 0.99651 3.42 0.82 9.5 6 
7.4 0.49 0.27 2.1 0.071 14 25 0.99388 3.35 0.63 12 6 
10.4 0.44 0.73 6.55 0.074 38 76 0.999 3.17 0.85 12 7 
6 0.51 0 2.1 0.064 40 54 0.995 3.54 0.93 10.7 6 
7.6 0.43 0.4 2.7 0.082 6 11 0.99538 3.44 0.54 12.2 6 
8.3 0.28 0.48 2.1 0.093 6 12 0.99408 3.26 0.62 12.4 7 
10.4 0.26 0.48 1.9 0.066 6 10 0.99724 3.33 0.87 10.9 6 
7.2 0.54 0.27 2.6 0.084 12 78 0.9964 3.39 0.71 11 5 
10.1 0.28 0.46 1.8 0.05 5 13 0.9974 3.04 0.79 10.2 6 
6.9 0.4 0.24 2.5 0.083 30 45 0.9959 3.26 0.58 10 5 
6.3 0.51 0.13 2.3 0.076 29 40 0.99574 3.42 0.75 11 6 
10.5 0.51 0.64 2.4 0.107 6 15 0.9973 3.09 0.66 11.8 7 
8.6 0.22 0.36 1.9 0.064 53 77 0.99604 3.47 0.87 11 7 
8.6 0.725 0.24 6.6 0.117 31 134 1.0014 3.32 1.07 9.3 5 
8.3 0.76 0.29 4.2 0.075 12 16 0.9965 3.45 0.68 11.5 6 
9 0.46 0.31 2.8 0.093 19 98 0.99815 3.32 0.63 9.5 6 
6.8 0.81 0.05 2 0.07 6 14 0.99562 3.51 0.66 10.8 6 
11.8 0.26 0.52 1.8 0.071 6 10 0.9968 3.2 0.72 10.2 7 
6.5 0.61 0 2.2 0.095 48 59 0.99541 3.61 0.7 11.5 6 
9.6 0.42 0.35 2.1 0.083 17 38 0.99622 3.23 0.66 11.1 6 
6.3 0.6 0.1 1.6 0.048 12 26 0.99306 3.55 0.51 12.1 5 
7 0.735 0.05 2 0.081 13 54 0.9966 3.39 0.57 9.8 5 
10.1 0.45 0.23 1.9 0.082 10 18 0.99774 3.22 0.65 9.3 6 
7 0.6 0.3 4.5 0.068 20 110 0.99914 3.3 1.17 10.2 5 
12 0.37 0.76 4.2 0.066 7 38 1.0004 3.22 0.6 13 7 
7.7 0.26 0.3 1.7 0.059 20 38 0.9949 3.29 0.47 10.8 6 
7.4 0.39 0.48 2 0.082 14 67 0.9972 3.34 0.55 9.2 5 
12.4 0.4 0.51 2 0.059 6 24 0.9994 3.04 0.6 9.3 6 
8.6 0.47 0.47 2.4 0.074 7 29 0.9979 3.08 0.46 9.5 5 
11.9 0.38 0.51 2 0.121 7 20 0.9996 3.24 0.76 10.4 6 
8.7 0.765 0.22 2.3 0.064 9 42 0.9963 3.1 0.55 9.4 5 
8.3 0.26 0.42 2 0.08 11 27 0.9974 3.21 0.8 9.4 6 
10.8 0.4 0.41 2.2 0.084 7 17 0.9984 3.08 0.67 9.3 6 
12.1 0.4 0.52 2 0.092 15 54 1 3.03 0.66 10.2 5 
6.8 0.41 0.31 8.8 0.084 26 45 0.99824 3.38 0.64 10.1 6 
6.5 0.88 0.03 5.6 0.079 23 47 0.99572 3.58 0.5 11.2 4 
8.2 0.73 0.21 1.7 0.074 5 13 0.9968 3.2 0.52 9.5 5 
8.6 0.635 0.68 1.8 0.403 19 56 0.99632 3.02 1.15 9.3 5 
6.6 0.57 0.02 2.1 0.115 6 16 0.99654 3.38 0.69 9.5 5 
6.4 0.57 0.02 1.8 0.067 4 11 0.997 3.46 0.68 9.5 5 
6.8 0.65 0.02 2.1 0.078 8 15 0.99498 3.35 0.62 10.4 6 
6.4 0.37 0.25 1.9 0.074 21 49 0.9974 3.57 0.62 9.8 6 
6.6 0.64 0.31 6.1 0.083 7 49 0.99718 3.35 0.68 10.3 5 
9.9 0.44 0.46 2.2 0.091 10 41 0.99638 3.18 0.69 11.9 6 
7.8 0.64 0 1.9 0.072 27 55 0.9962 3.31 0.63 11 5 
7.9 0.33 0.41 1.5 0.056 6 35 0.99396 3.29 0.71 11 6 
8.3 0.31 0.39 2.4 0.078 17 43 0.99444 3.31 0.77 12.5 7 
6.2 0.44 0.39 2.5 0.077 6 14 0.99555 3.51 0.69 11 6 
8.1 0.73 0 2.5 0.081 12 24 0.99798 3.38 0.46 9.6 4 
7.6 0.95 0.03 2 0.09 7 20 0.9959 3.2 0.56 9.6 5 
7.3 0.38 0.21 2 0.08 7 35 0.9961 3.33 0.47 9.5 5 
7.8 0.7 0.06 1.9 0.079 20 35 0.99628 3.4 0.69 10.9 5 
7.1 0.59 0 2.1 0.091 9 14 0.99488 3.42 0.55 11.5 7 
7.4 0.47 0.46 2.2 0.114 7 20 0.99647 3.32 0.63 10.5 5 
7.9 0.69 0.21 2.1 0.08 33 141 0.9962 3.25 0.51 9.9 5 
6.8 0.69 0 5.6 0.124 21 58 0.9997 3.46 0.72 10.2 5 
8.8 0.46 0.45 2.6 0.065 7 18 0.9947 3.32 0.79 14 6 
11.2 0.66 0.24 2.5 0.085 16 53 0.9993 3.06 0.72 11 6 
8.7 0.48 0.3 2.8 0.066 10 28 0.9964 3.33 0.67 11.2 7 
11.6 0.41 0.54 1.5 0.095 22 41 0.99735 3.02 0.76 9.9 7 
8.4 0.65 0.6 2.1 0.112 12 90 0.9973 3.2 0.52 9.2 5 
8.4 0.52 0.22 2.7 0.084 4 18 0.99682 3.26 0.57 9.9 6 
7.2 0.52 0.07 1.4 0.074 5 20 0.9973 3.32 0.81 9.6 6 
8.2 0.635 0.1 2.1 0.073 25 60 0.99638 3.29 0.75 10.9 6 
9.9 0.35 0.41 2.3 0.083 11 61 0.9982 3.21 0.5 9.5 5 
5 0.42 0.24 2 0.06 19 50 0.9917 3.72 0.74 14 8 
9.1 0.21 0.37 1.6 0.067 6 10 0.99552 3.23 0.58 11.1 7 
8.8 0.3 0.38 2.3 0.06 19 72 0.99543 3.39 0.72 11.8 6 
9.8 0.66 0.39 3.2 0.083 21 59 0.9989 3.37 0.71 11.5 7 
9.2 0.43 0.52 2.3 0.083 14 23 0.9976 3.35 0.61 11.3 6 
7.4 0.635 0.1 2.4 0.08 16 33 0.99736 3.58 0.69 10.8 7 
13.3 0.43 0.58 1.9 0.07 15 40 1.0004 3.06 0.49 9 5 
9.4 0.3 0.56 2.8 0.08 6 17 0.9964 3.15 0.92 11.7 8 
5.6 0.66 0 2.2 0.087 3 11 0.99378 3.71 0.63 12.8 7 
7.7 0.28 0.3 2 0.062 18 34 0.9952 3.28 0.9 11.3 7 
7.2 0.57 0.06 1.6 0.076 9 27 0.9972 3.36 0.7 9.6 6 
10.3 0.44 0.5 4.5 0.107 5 13 0.998 3.28 0.83 11.5 5 
7.3 0.51 0.18 2.1 0.07 12 28 0.99768 3.52 0.73 9.5 6 
8.3 0.54 0.28 1.9 0.077 11 40 0.9978 3.39 0.61 10 6 
10.9 0.32 0.52 1.8 0.132 17 44 0.99734 3.28 0.77 11.5 6 
8.6 0.45 0.31 2.6 0.086 21 50 0.9982 3.37 0.91 9.9 6 
9.1 0.6 0 1.9 0.058 5 10 0.9977 3.18 0.63 10.4 6 
7.1 0.59 0 2.2 0.078 26 44 0.99522 3.42 0.68 10.8 6 
7.3 0.98 0.05 2.1 0.061 20 49 0.99705 3.31 0.55 9.7 3 
8.9 0.31 0.36 2.6 0.056 10 39 0.99562 3.4 0.69 11.8 5 
10.1 0.38 0.5 2.4 0.104 6 13 0.99643 3.22 0.65 11.6 7 
7.7 0.23 0.37 1.8 0.046 23 60 0.9971 3.41 0.71 12.1 6 
7.7 0.57 0.21 1.5 0.069 4 9 0.99458 3.16 0.54 9.8 6 
6.4 0.64 0.21 1.8 0.081 14 31 0.99689 3.59 0.66 9.8 5 
5.6 0.85 0.05 1.4 0.045 12 88 0.9924 3.56 0.82 12.9 8 
6.2 0.52 0.08 4.4 0.071 11 32 0.99646 3.56 0.63 11.6 6 
9.4 0.34 0.37 2.2 0.075 5 13 0.998 3.22 0.62 9.2 5 
9.1 0.22 0.24 2.1 0.078 1 28 0.999 3.41 0.87 10.3 6 
7.1 0.66 0 2.4 0.052 6 11 0.99318 3.35 0.66 12.7 7 
9.1 0.22 0.24 2.1 0.078 1 28 0.999 3.41 0.87 10.3 6 
7.3 0.44 0.2 1.6 0.049 24 64 0.9935 3.38 0.57 11.7 6 
11.2 0.67 0.55 2.3 0.084 6 13 1 3.17 0.71 9.5 6 
7.2 0.6 0.04 2.5 0.076 18 88 0.99745 3.53 0.55 9.5 5 
7.1 0.63 0.06 2 0.083 8 29 0.99855 3.67 0.73 9.6 5 
5.6 0.54 0.04 1.7 0.049 5 13 0.9942 3.72 0.58 11.4 5 
8.2 0.6 0.17 2.3 0.072 11 73 0.9963 3.2 0.45 9.3 5 
9.7 0.295 0.4 1.5 0.073 14 21 0.99556 3.14 0.51 10.9 6 
8.8 0.955 0.05 1.8 0.075 5 19 0.99616 3.3 0.44 9.6 4 
9.9 0.57 0.25 2 0.104 12 89 0.9963 3.04 0.9 10.1 5 
8.3 0.6 0.13 2.6 0.085 6 24 0.9984 3.31 0.59 9.2 6 
