11.2 0.28 0.56 1.9 0.075 17 60 0.998 3.16 0.58 9.8 6 
7.7 0.775 0.42 1.9 0.092 8 86 0.9959 3.23 0.59 9.5 5 
7.5 0.49 0.19 1.9 0.076 10 44 0.9957 3.39 0.54 9.7 5 
10 0.29 0.4 2.9 0.098 10 26 1.0006 3.48 0.91 9.7 5 
8 0.57 0.23 3.2 0.073 17 119 0.99675 3.26 0.57 9.3 5 
9.7 0.66 0.34 2.6 0.094 12 88 0.99796 3.26 0.66 10.1 5 
6.6 0.61 0 1.6 0.069 4 8 0.99396 3.33 0.37 10.4 4 
7.4 0.29 0.38 1.7 0.062 9 30 0.9968 3.41 0.53 9.5 6 
7.6 0.48 0.31 2.8 0.07 4 15 0.99693 3.22 0.55 10.3 6 
9.9 0.49 0.58 3.5 0.094 9 43 1.0004 3.29 0.58 9 5 
6.9 0.39 0.24 2.1 0.102 4 7 0.99462 3.44 0.58 11.4 4 
9.2 0.41 0.5 2.5 0.055 12 25 0.9952 3.34 0.79 13.3 7 
10 0.35 0.47 2 0.061 6 11 0.99585 3.23 0.52 12 6 
8.3 0.26 0.42 2 0.08 11 27 0.9974 3.21 0.8 9.4 6 
7 0.51 0.09 2.1 0.062 4 9 0.99584 3.35 0.54 10.5 5 
6.5 0.9 0 1.6 0.052 9 17 0.99467 3.5 0.63 10.9 6 
7.6 0.79 0.21 2.3 0.087 21 68 0.9955 3.12 0.44 9.2 5 
9.6 0.32 0.47 1.4 0.056 9 24 0.99695 3.22 0.82 10.3 7 
12.3 0.39 0.63 2.3 0.091 6 18 1.0004 3.16 0.49 9.5 5 
8 0.48 0.34 2.2 0.073 16 25 0.9936 3.28 0.66 12.4 6 
8.3 0.33 0.42 2.3 0.07 9 20 0.99426 3.38 0.77 12.7 7 
7.4 0.37 0.43 2.6 0.082 18 82 0.99708 3.33 0.68 9.7 6 
9.3 0.41 0.39 2.2 0.064 12 31 0.9984 3.26 0.65 10.2 5 
7.8 0.6 0.14 2.4 0.086 3 15 0.9975 3.42 0.6 10.8 6 
7.5 0.61 0.26 1.9 0.073 24 88 0.99612 3.3 0.53 9.8 5 
8.2 0.35 0.33 2.4 0.076 11 47 0.99599 3.27 0.81 11 6 
9 0.36 0.52 2.1 0.111 5 10 0.99568 3.31 0.62 11.3 6 
8.2 0.31 0.4 2.2 0.058 6 10 0.99536 3.31 0.68 11.2 7 
8.2 0.57 0.26 2.2 0.06 28 65 0.9959 3.3 0.43 10.1 5 
7.5 0.51 0.02 1.7 0.084 13 31 0.99538 3.36 0.54 10.5 6 
12.6 0.38 0.66 2.6 0.088 10 41 1.001 3.17 0.68 9.8 6 
6.9 0.4 0.14 2.4 0.085 21 40 0.9968 3.43 0.63 9.7 6 
8.3 0.705 0.12 2.6 0.092 12 28 0.9994 3.51 0.72 10 5 
6.7 0.58 0.08 1.8 0.097 15 65 0.9959 3.28 0.54 9.2 5 
11.4 0.625 0.66 6.2 0.088 6 24 0.9988 3.11 0.99 13.3 6 
10 0.32 0.59 2.2 0.077 3 15 0.9994 3.2 0.78 9.6 5 
7.9 0.49 0.32 1.9 0.082 17 144 0.9968 3.2 0.55 9.5 5 
7.8 0.53 0.33 2.4 0.08 24 144 0.99655 3.3 0.6 9.5 5 
13.3 0.34 0.52 3.2 0.094 17 53 1.0014 3.05 0.81 9.5 6 
8.4 0.25 0.39 2 0.041 4 10 0.99386 3.27 0.71 12.5 7 
6.6 0.8 0.03 7.8 0.079 6 12 0.9963 3.52 0.5 12.2 5 
6.1 0.48 0.09 1.7 0.078 18 30 0.99402 3.45 0.54 11.2 6 
7.8 0.58 0.02 2 0.073 9 18 0.9968 3.36 0.57 9.5 7 
7.9 0.24 0.4 1.6 0.056 11 25 0.9967 3.32 0.87 8.7 6 
7.8 0.41 0.68 1.7 0.467 18 69 0.9973 3.08 1.31 9.3 5 
5.9 0.19 0.21 1.7 0.045 57 135 0.99341 3.32 0.44 9.5 5 
8 0.42 0.17 2 0.073 6 18 0.9972 3.29 0.61 9.2 6 
8.1 0.545 0.18 1.9 0.08 13 35 0.9972 3.3 0.59 9 6 
6.9 0.44 0 1.4 0.07 32 38 0.99438 3.32 0.58 11.4 6 
7.4 0.635 0.1 2.4 0.08 16 33 0.99736 3.58 0.69 10.8 7 
7.8 0.56 0.19 1.8 0.104 12 47 0.9964 3.19 0.93 9.5 5 
5 0.4 0.5 4.3 0.046 29 80 0.9902 3.49 0.66 13.6 6 
6.6 0.7 0.08 2.6 0.106 14 27 0.99665 3.44 0.58 10.2 5 
8.6 0.49 0.28 1.9 0.11 20 136 0.9972 2.93 1.95 9.9 6 
7.5 0.57 0.02 2.6 0.077 11 35 0.99557 3.36 0.62 10.8 6 
7.2 0.38 0.38 2.8 0.068 23 42 0.99356 3.34 0.72 12.9 7 
7.3 0.695 0 2.5 0.075 3 13 0.998 3.49 0.52 9.2 5 
7.5 0.725 0.04 1.5 0.076 8 15 0.99508 3.26 0.53 9.6 5 
6.9 0.58 0.2 1.75 0.058 8 22 0.99322 3.38 0.49 11.7 5 
10.9 0.39 0.47 1.8 0.118 6 14 0.9982 3.3 0.75 9.8 6 
8.3 0.61 0.3 2.1 0.084 11 50 0.9972 3.4 0.61 10.2 6 
7.5 0.55 0.24 2 0.078 10 28 0.9983 3.45 0.78 9.5 6 
8.2 0.39 0.49 2.3 0.099 47 133 0.9979 3.38 0.99 9.8 5 
7.8 0.53 0.01 1.6 0.077 3 19 0.995 3.16 0.46 9.8 5 
7.9 0.4 0.3 1.8 0.157 2 45 0.99727 3.31 0.91 9.5 6 
10.6 0.31 0.49 2.2 0.063 18 40 0.9976 3.14 0.51 9.8 6 
8.2 0.34 0.37 1.9 0.057 43 74 0.99408 3.23 0.81 12 6 
5 1.02 0.04 1.4 0.045 41 85 0.9938 3.75 0.48 10.5 4 
8.2 0.74 0.09 2 0.067 5 10 0.99418 3.28 0.57 11.8 6 
8.5 0.47 0.27 1.9 0.058 18 38 0.99518 3.16 0.85 11.1 6 
7.6 0.78 0 1.7 0.076 33 45 0.99612 3.31 0.62 10.7 6 
7.6 0.36 0.31 1.7 0.079 26 65 0.99716 3.46 0.62 9.5 6 
8 0.59 0.05 2 0.089 12 32 0.99735 3.36 0.61 10 5 
10.4 0.43 0.5 2.3 0.068 13 19 0.996 3.1 0.87 11.4 6 
8.9 0.5 0.21 2.2 0.088 21 39 0.99692 3.33 0.83 11.1 6 
5.9 0.44 0 1.6 0.042 3 11 0.9944 3.48 0.85 11.7 6 
11.6 0.47 0.44 1.6 0.147 36 51 0.99836 3.38 0.86 9.9 4 
5.4 0.42 0.27 2 0.092 23 55 0.99471 3.78 0.64 12.3 7 
8.3 0.28 0.48 2.1 0.093 6 12 0.99408 3.26 0.62 12.4 7 
12.5 0.28 0.54 2.3 0.082 12 29 0.9997 3.11 1.36 9.8 7 
7.2 0.67 0 2.2 0.068 10 24 0.9956 3.42 0.72 11.1 6 
6.1 0.59 0.01 2.1 0.056 5 13 0.99472 3.52 0.56 11.4 5 
8.2 0.59 0 2.5 0.093 19 58 1.0002 3.5 0.65 9.3 6 
5.3 0.47 0.11 2.2 0.048 16 89 0.99182 3.54 0.88 13.6 7 
8.3 0.655 0.12 2.3 0.083 15 113 0.9966 3.17 0.66 9.8 5 
8.4 0.39 0.1 1.7 0.075 6 25 0.99581 3.09 0.43 9.7 6 
8.2 0.635 0.1 2.1 0.073 25 60 0.99638 3.29 0.75 10.9 6 
8 1.18 0.21 1.9 0.083 14 41 0.99532 3.34 0.47 10.5 5 
9.8 0.34 0.39 1.4 0.066 3 7 0.9947 3.19 0.55 11.4 7 
6.9 0.48 0.2 1.9 0.082 9 23 0.99585 3.39 0.43 9.05 4 
7.1 0.46 0.14 2.8 0.076 15 37 0.99624 3.36 0.49 10.7 5 
7 0.36 0.21 2.4 0.086 24 69 0.99556 3.4 0.53 10.1 6 
10.8 0.26 0.45 3.3 0.06 20 49 0.9972 3.13 0.54 9.6 5 
7.6 0.41 0.49 2 0.088 16 43 0.998 3.48 0.64 9.1 5 
9 0.66 0.17 3 0.077 5 13 0.9976 3.29 0.55 10.4 5 
9.3 0.4 0.49 2.5 0.085 38 142 0.9978 3.22 0.55 9.4 5 
9.5 0.885 0.27 2.3 0.084 31 145 0.9978 3.24 0.53 9.4 5 
12.9 0.5 0.55 2.8 0.072 7 24 1.00012 3.09 0.68 10.9 6 
6.4 0.57 0.14 3.9 0.07 27 73 0.99669 3.32 0.48 9.2 5 
7.5 0.4 0.18 1.6 0.079 24 58 0.9965 3.34 0.58 9.4 5 
7.8 0.87 0.26 3.8 0.107 31 67 0.99668 3.26 0.46 9.2 5 
5.3 0.715 0.19 1.5 0.161 7 62 0.99395 3.62 0.61 11 5 
8.1 0.87 0 2.2 0.084 10 31 0.99656 3.25 0.5 9.8 5 
8.6 0.47 0.27 2.3 0.055 14 28 0.99516 3.18 0.8 11.2 5 
8.3 0.31 0.39 2.4 0.078 17 43 0.99444 3.31 0.77 12.5 7 
8.8 0.55 0.04 2.2 0.119 14 56 0.9962 3.21 0.6 10.9 6 
8.4 0.29 0.4 1.7 0.067 8 20 0.99603 3.39 0.6 10.5 5 
6.8 0.64 0 2.7 0.123 15 33 0.99538 3.44 0.63 11.3 6 
8.3 0.715 0.15 1.8 0.089 10 52 0.9968 3.23 0.77 9.5 5 
10 0.49 0.2 11 0.071 13 50 1.0015 3.16 0.69 9.2 6 
6.4 0.69 0 1.65 0.055 7 12 0.99162 3.47 0.53 12.9 6 
10 0.58 0.22 1.9 0.08 9 32 0.9974 3.13 0.55 9.5 5 
10.3 0.27 0.24 2.1 0.072 15 33 0.9956 3.22 0.66 12.8 6 
7.4 0.61 0.01 2 0.074 13 38 0.99748 3.48 0.65 9.8 5 
9.5 0.56 0.33 2.4 0.089 35 67 0.9972 3.28 0.73 11.8 7 
6.9 0.74 0.03 2.3 0.054 7 16 0.99508 3.45 0.63 11.5 6 
6.8 0.48 0.08 1.8 0.074 40 64 0.99529 3.12 0.49 9.6 5 
6.8 0.48 0.25 2 0.076 29 61 0.9953 3.34 0.6 10.4 5 
6 0.5 0 1.4 0.057 15 26 0.99448 3.36 0.45 9.5 5 
7 0.62 0.1 1.4 0.071 27 63 0.996 3.28 0.61 9.2 5 
7 0.5 0.14 1.8 0.078 10 23 0.99636 3.53 0.61 10.4 5 
8.1 0.725 0.22 2.2 0.072 11 41 0.9967 3.36 0.55 9.1 5 
7.8 0.44 0.28 2.7 0.1 18 95 0.9966 3.22 0.67 9.4 5 
7.6 0.55 0.21 2.2 0.071 7 28 0.9964 3.28 0.55 9.7 5 
7 0.78 0.08 2 0.093 10 19 0.9956 3.4 0.47 10 5 
8.3 0.43 0.3 3.4 0.079 7 34 0.99788 3.36 0.61 10.5 5 
9.9 0.25 0.46 1.7 0.062 26 42 0.9959 3.18 0.83 10.6 6 
5.6 0.915 0 2.1 0.041 17 78 0.99346 3.68 0.73 11.4 5 
5.8 0.61 0.11 1.8 0.066 18 28 0.99483 3.55 0.66 10.9 6 
12.5 0.46 0.49 4.5 0.07 26 49 0.9981 3.05 0.57 9.6 4 
10.9 0.53 0.49 4.6 0.118 10 17 1.0002 3.07 0.56 11.7 6 
10.2 0.67 0.39 1.9 0.054 6 17 0.9976 3.17 0.47 10 5 
7.5 0.6 0.32 2.7 0.103 13 98 0.99938 3.45 0.62 9.5 5 
6.9 0.51 0.23 2 0.072 13 22 0.99438 3.4 0.84 11.2 6 
8.1 0.66 0.22 2.2 0.069 9 23 0.9968 3.3 1.2 10.3 5 
7.7 0.43 0.25 2.6 0.073 29 63 0.99615 3.37 0.58 10.5 6 
10.3 0.5 0.42 2 0.069 21 51 0.9982 3.16 0.72 11.5 6 
7.8 0.55 0.35 2.2 0.074 21 66 0.9974 3.25 0.56 9.2 5 
12.6 0.39 0.49 2.5 0.08 8 20 0.9992 3.07 0.82 10.3 6 
7.3 0.365 0.49 2.5 0.088 39 106 0.9966 3.36 0.78 11 5 
8.2 0.33 0.39 2.5 0.074 29 48 0.99528 3.32 0.88 12.4 7 
6.8 0.67 0 1.9 0.08 22 39 0.99701 3.4 0.74 9.7 5 
11.5 0.59 0.59 2.6 0.087 13 49 0.9988 3.18 0.65 11 6 
7.5 0.5 0.36 6.1 0.071 17 102 0.9978 3.35 0.8 10.5 5 
6.6 0.52 0.08 2.4 0.07 13 26 0.99358 3.4 0.72 12.5 7 
10 0.59 0.31 2.2 0.09 26 62 0.9994 3.18 0.63 10.2 6 
8.6 0.38 0.36 3 0.081 30 119 0.997 3.2 0.56 9.4 5 
6.8 0.63 0.12 3.8 0.099 16 126 0.9969 3.28 0.61 9.5 5 
13.5 0.53 0.79 4.8 0.12 23 77 1.0018 3.18 0.77 13 5 
8.1 0.87 0 3.3 0.096 26 61 1.00025 3.6 0.72 9.8 4 
13.3 0.29 0.75 2.8 0.084 23 43 0.9986 3.04 0.68 11.4 7 
8.4 0.56 0.04 2 0.082 10 22 0.9976 3.22 0.44 9.6 5 
8.5 0.37 0.2 2.8 0.09 18 58 0.998 3.34 0.7 9.6 6 
7.5 1.115 0.1 3.1 0.086 5 12 0.9958 3.54 0.6 11.2 4 
7 0.22 0.3 1.8 0.065 16 20 0.99672 3.61 0.82 10 6 
9.8 0.45 0.38 2.5 0.081 34 66 0.99726 3.15 0.58 9.8 5 
10 0.59 0.31 2.2 0.09 26 62 0.9994 3.18 0.63 10.2 6 
10.4 0.41 0.55 3.2 0.076 22 54 0.9996 3.15 0.89 9.9 6 
7.1 0.31 0.3 2.2 0.053 36 127 0.9965 2.94 1.62 9.5 5 
10.3 0.34 0.52 2.8 0.159 15 75 0.9998 3.18 0.64 9.4 5 
10.7 0.67 0.22 2.7 0.107 17 34 1.0004 3.28 0.98 9.9 6 
7 0.69 0.08 1.8 0.097 22 89 0.9959 3.34 0.54 9.2 6 
7.3 0.38 0.21 2 0.08 7 35 0.9961 3.33 0.47 9.5 5 
10.7 0.35 0.53 2.6 0.07 5 16 0.9972 3.15 0.65 11 8 
9.5 0.78 0.22 1.9 0.077 6 32 0.9988 3.26 0.56 10.6 6 
8 0.52 0.03 1.7 0.07 10 35 0.99575 3.34 0.57 10 5 
7.7 0.26 0.26 2 0.052 19 77 0.9951 3.15 0.79 10.9 6 
6.6 0.58 0 2.2 0.1 50 63 0.99544 3.59 0.68 11.4 6 
10.8 0.45 0.33 2.5 0.099 20 38 0.99818 3.24 0.71 10.8 5 
7 0.745 0.12 1.8 0.114 15 64 0.99588 3.22 0.59 9.5 6 
8.5 0.18 0.51 1.75 0.071 45 88 0.99524 3.33 0.76 11.8 7 
6.2 0.6 0.08 2 0.09 32 44 0.9949 3.45 0.58 10.5 5 
5.4 0.74 0 1.2 0.041 16 46 0.99258 4.01 0.59 12.5 6 
7.7 0.965 0.1 2.1 0.112 11 22 0.9963 3.26 0.5 9.5 5 
8.2 0.43 0.29 1.6 0.081 27 45 0.99603 3.25 0.54 10.3 5 
7.7 0.58 0.01 1.8 0.088 12 18 0.99568 3.32 0.56 10.5 7 
6.4 0.42 0.09 2.3 0.054 34 64 0.99724 3.41 0.68 10.4 6 
6.8 0.67 0.02 1.8 0.05 5 11 0.9962 3.48 0.52 9.5 5 
8.7 0.41 0.41 6.2 0.078 25 42 0.9953 3.24 0.77 12.6 7 
11.5 0.3 0.6 2 0.067 12 27 0.9981 3.11 0.97 10.1 6 
7.5 0.51 0.02 1.7 0.084 13 31 0.99538 3.36 0.54 10.5 6 
11.9 0.4 0.65 2.15 0.068 7 27 0.9988 3.06 0.68 11.3 6 
6.5 0.46 0.14 2.4 0.114 9 37 0.99732 3.66 0.65 9.8 5 
7.8 0.645 0 2 0.082 8 16 0.9964 3.38 0.59 9.8 6 
6.8 0.61 0.2 1.8 0.077 11 65 0.9971 3.54 0.58 9.3 5 
8.4 0.36 0.32 2.2 0.081 32 79 0.9964 3.3 0.72 11 6 
8 0.25 0.43 1.7 0.067 22 50 0.9946 3.38 0.6 11.9 6 
7.4 0.74 0.07 1.7 0.086 15 48 0.99502 3.12 0.48 10 5 
7.8 0.6 0.26 2 0.08 31 131 0.99622 3.21 0.52 9.9 5 
7 0.65 0.02 2.1 0.066 8 25 0.9972 3.47 0.67 9.5 6 
7.1 0.43 0.17 1.8 0.082 27 51 0.99634 3.49 0.64 10.4 5 
10.8 0.89 0.3 2.6 0.132 7 60 0.99786 2.99 1.18 10.2 5 
7.9 0.72 0.01 1.9 0.076 7 32 0.99668 3.39 0.54 9.6 5 
9.1 0.29 0.33 2.05 0.063 13 27 0.99516 3.26 0.84 11.7 7 
6.6 0.735 0.02 7.9 0.122 68 124 0.9994 3.47 0.53 9.9 5 
9.5 0.735 0.1 2.1 0.079 6 31 0.9986 3.23 0.56 10.1 6 
10.3 0.53 0.48 2.5 0.063 6 25 0.9998 3.12 0.59 9.3 6 
6.2 0.64 0.09 2.5 0.081 15 26 0.99538 3.57 0.63 12 5 
9.8 0.44 0.47 2.5 0.063 9 28 0.9981 3.24 0.65 10.8 6 
6.8 0.59 0.06 6 0.06 11 18 0.9962 3.41 0.59 10.8 7 
8.9 0.61 0.49 2 0.27 23 110 0.9972 3.12 1.02 9.3 5 
6.6 0.5 0.01 1.5 0.06 17 26 0.9952 3.4 0.58 9.8 6 
7.6 0.685 0.23 2.3 0.111 20 84 0.9964 3.21 0.61 9.3 5 
6.9 0.63 0.01 2.4 0.076 14 39 0.99522 3.34 0.53 10.8 6 
9.4 0.43 0.24 2.8 0.092 14 45 0.998 3.19 0.73 10 6 
7.9 0.32 0.51 1.8 0.341 17 56 0.9969 3.04 1.08 9.2 6 
10.1 0.31 0.35 1.6 0.075 9 28 0.99672 3.24 0.83 11.2 7 
5.5 0.49 0.03 1.8 0.044 28 87 0.9908 3.5 0.82 14 8 
6.8 0.69 0 5.6 0.124 21 58 0.9997 3.46 0.72 10.2 5 
9.2 0.36 0.34 1.6 0.062 5 12 0.99667 3.2 0.67 10.5 6 
8.3 0.54 0.24 3.4 0.076 16 112 0.9976 3.27 0.61 9.4 5 
10.4 0.64 0.24 2.8 0.105 29 53 0.9998 3.24 0.67 9.9 5 
7.6 0.51 0.15 2.8 0.11 33 73 0.9955 3.17 0.63 10.2 6 
7.2 0.35 0.26 1.8 0.083 33 75 0.9968 3.4 0.58 9.5 6 
8.8 0.27 0.46 2.1 0.095 20 29 0.99488 3.26 0.56 11.3 6 
11.6 0.23 0.57 1.8 0.074 3 8 0.9981 3.14 0.7 9.9 6 
8.8 0.45 0.43 1.4 0.076 12 21 0.99551 3.21 0.75 10.2 6 
6.4 0.36 0.21 2.2 0.047 26 48 0.99661 3.47 0.77 9.7 6 
7.4 0.55 0.19 1.8 0.082 15 34 0.99655 3.49 0.68 10.5 5 
6.6 0.44 0.09 2.2 0.063 9 18 0.99444 3.42 0.69 11.3 6 
12.8 0.615 0.66 5.8 0.083 7 42 1.0022 3.07 0.73 10 7 
8.2 0.32 0.42 2.3 0.098 3 9 0.99506 3.27 0.55 12.3 6 
7.8 0.63 0.48 1.7 0.1 14 96 0.9961 3.19 0.62 9.5 5 
6.7 0.46 0.24 1.7 0.077 18 34 0.9948 3.39 0.6 10.6 6 
7.7 0.39 0.12 1.7 0.097 19 27 0.99596 3.16 0.49 9.4 5 
8 0.43 0.36 2.3 0.075 10 48 0.9976 3.34 0.46 9.4 5 
7 0.42 0.35 1.6 0.088 16 39 0.9961 3.34 0.55 9.2 5 
6.8 0.66 0.07 1.6 0.07 16 61 0.99572 3.29 0.6 9.3 5 
10.6 0.31 0.49 2.5 0.067 6 21 0.9987 3.26 0.86 10.7 6 
6.3 0.51 0.13 2.3 0.076 29 40 0.99574 3.42 0.75 11 6 
6.7 1.04 0.08 2.3 0.067 19 32 0.99648 3.52 0.57 11 4 
10 0.42 0.5 3.4 0.107 7 21 0.9979 3.26 0.93 11.8 6 
6.6 0.855 0.02 2.4 0.062 15 23 0.99627 3.54 0.6 11 6 
5.2 0.32 0.25 1.8 0.103 13 50 0.9957 3.38 0.55 9.2 5 
7.2 0.63 0 1.9 0.097 14 38 0.99675 3.37 0.58 9 6 
7.4 0.49 0.19 3 0.077 16 37 0.9966 3.37 0.51 10.5 5 
7 0.56 0.13 1.6 0.077 25 42 0.99629 3.34 0.59 9.2 5 
7.6 0.41 0.14 3 0.087 21 43 0.9964 3.32 0.57 10.5 6 
12.2 0.45 0.49 1.4 0.075 3 6 0.9969 3.13 0.63 10.4 5 
8.8 0.7 0 1.7 0.069 8 19 0.99701 3.31 0.53 10 6 
5.8 1.01 0.66 2 0.039 15 88 0.99357 3.66 0.6 11.5 6 
10 0.48 0.24 2.7 0.102 13 32 1 3.28 0.56 10 6 
11 0.26 0.68 2.55 0.085 10 25 0.997 3.18 0.61 11.8 5 
7.1 0.47 0 2.2 0.067 7 14 0.99517 3.4 0.58 10.9 4 
8.9 0.12 0.45 1.8 0.075 10 21 0.99552 3.41 0.76 11.9 7 
8.2 0.42 0.49 2.6 0.084 32 55 0.9988 3.34 0.75 8.7 6 
12 0.28 0.49 1.9 0.074 10 21 0.9976 2.98 0.66 9.9 7 
7.6 0.62 0.32 2.2 0.082 7 54 0.9966 3.36 0.52 9.4 5 
7.9 0.2 0.35 1.7 0.054 7 15 0.99458 3.32 0.8 11.9 7 
10.7 0.52 0.38 2.6 0.066 29 56 0.99577 3.15 0.79 12.1 7 
9.1 0.25 0.34 2 0.071 45 67 0.99769 3.44 0.86 10.2 7 
6.8 0.68 0.21 2.1 0.07 9 23 0.99546 3.38 0.6 10.3 5 
11 0.3 0.58 2.1 0.054 7 19 0.998 3.31 0.88 10.5 7 
8.9 0.38 0.4 2.2 0.068 12 28 0.99486 3.27 0.75 12.6 7 
9.3 0.36 0.39 1.5 0.08 41 55 0.99652 3.47 0.73 10.9 6 
9.3 0.5 0.36 1.8 0.084 6 17 0.99704 3.27 0.77 10.8 6 
9 0.62 0.04 1.9 0.146 27 90 0.9984 3.16 0.7 9.4 5 
8.2 1.33 0 1.7 0.081 3 12 0.9964 3.53 0.49 10.9 5 
6 0.49 0 2.3 0.068 15 33 0.99292 3.58 0.59 12.5 6 
7 0.49 0.49 5.6 0.06 26 121 0.9974 3.34 0.76 10.5 5 
10.1 0.37 0.34 2.4 0.085 5 17 0.99683 3.17 0.65 10.6 7 
7.8 0.88 0 2.6 0.098 25 67 0.9968 3.2 0.68 9.8 5 
6.6 0.66 0 3 0.115 21 31 0.99629 3.45 0.63 10.3 5 
6.7 0.16 0.64 2.1 0.059 24 52 0.99494 3.34 0.71 11.2 6 
7.8 0.54 0.26 2 0.088 23 48 0.9981 3.41 0.74 9.2 6 
10.2 0.67 0.39 1.9 0.054 6 17 0.9976 3.17 0.47 10 5 
12.3 0.5 0.49 2.2 0.089 5 14 1.0002 3.19 0.44 9.6 5 
7.4 0.62 0.05 1.9 0.068 24 42 0.9961 3.42 0.57 11.5 6 
7.2 0.45 0.15 2 0.078 10 28 0.99609 3.29 0.51 9.9 6 
8.2 0.4 0.31 1.9 0.082 8 24 0.996 3.24 0.69 10.6 6 
7.5 0.57 0.08 2.6 0.089 14 27 0.99592 3.3 0.59 10.4 6 
9.6 0.6 0.5 2.3 0.079 28 71 0.9997 3.5 0.57 9.7 5 
11.3 0.34 0.45 2 0.082 6 15 0.9988 2.94 0.66 9.2 6 
6 0.5 0 1.4 0.057 15 26 0.99448 3.36 0.45 9.5 5 
6.7 0.64 0.23 2.1 0.08 11 119 0.99538 3.36 0.7 10.9 5 
7.2 0.63 0 1.9 0.097 14 38 0.99675 3.37 0.58 9 6 
7.1 0.715 0 2.35 0.071 21 47 0.99632 3.29 0.45 9.4 5 
7.5 0.52 0.16 1.9 0.085 12 35 0.9968 3.38 0.62 9.5 7 
7.7 0.49 0.26 1.9 0.062 9 31 0.9966 3.39 0.64 9.6 5 
7.5 0.4 0.12 3 0.092 29 53 0.9967 3.37 0.7 10.3 6 
9 0.58 0.25 2.8 0.075 9 104 0.99779 3.23 0.57 9.7 5 
7.7 0.69 0.49 1.8 0.115 20 112 0.9968 3.21 0.71 9.3 5 
7.3 0.66 0 2 0.084 6 23 0.9983 3.61 0.96 9.9 6 
7 0.975 0.04 2 0.087 12 67 0.99565 3.35 0.6 9.4 4 
8.4 0.34 0.42 2.1 0.072 23 36 0.99392 3.11 0.78 12.4 6 
7 0.23 0.4 1.6 0.063 21 67 0.9952 3.5 0.63 11.1 5 
6.4 0.63 0.21 1.6 0.08 12 32 0.99689 3.58 0.66 9.8 5 
7.1 0.27 0.6 2.1 0.074 17 25 0.99814 3.38 0.72 10.6 6 
9.8 0.98 0.32 2.3 0.078 35 152 0.998 3.25 0.48 9.4 5 
5.1 0.47 0.02 1.3 0.034 18 44 0.9921 3.9 0.62 12.8 6 
