7.4 0.7 0 1.9 0.076 11 34 0.9978 3.51 0.56 9.4 5 
7.4 0.66 0 1.8 0.075 13 40 0.9978 3.51 0.56 9.4 5 
8.5 0.49 0.11 2.3 0.084 9 67 0.9968 3.17 0.53 9.4 5 
7.1 0.71 0 1.9 0.08 14 35 0.9972 3.47 0.55 9.4 5 
7.3 0.45 0.36 5.9 0.074 12 87 0.9978 3.33 0.83 10.5 5 
5.6 0.31 0.37 1.4 0.074 12 96 0.9954 3.32 0.58 9.2 5 
7.7 0.62 0.04 3.8 0.084 25 45 0.9978 3.34 0.53 9.5 5 
7.5 0.63 0.12 5.1 0.111 50 110 0.9983 3.26 0.77 9.4 5 
8.8 0.4 0.4 2.2 0.079 19 52 0.998 3.44 0.64 9.2 5 
7.5 0.52 0.11 1.5 0.079 11 39 0.9968 3.42 0.58 9.6 5 
6.6 0.705 0.07 1.6 0.076 6 15 0.9962 3.44 0.58 10.7 5 
8 0.705 0.05 1.9 0.074 8 19 0.9962 3.34 0.95 10.5 6 
8.3 0.675 0.26 2.1 0.084 11 43 0.9976 3.31 0.53 9.2 4 
6.8 0.785 0 2.4 0.104 14 30 0.9966 3.52 0.55 10.7 6 
6.2 0.45 0.2 1.6 0.069 3 15 0.9958 3.41 0.56 9.2 5 
6.3 0.3 0.48 1.8 0.069 18 61 0.9959 3.44 0.78 10.3 6 
8.6 0.49 0.28 1.9 0.11 20 136 0.9972 2.93 1.95 9.9 6 
7.9 0.52 0.26 1.9 0.079 42 140 0.9964 3.23 0.54 9.5 5 
6.8 0.775 0 3 0.102 8 23 0.9965 3.45 0.56 10.7 5 
7 0.5 0.25 2 0.07 3 22 0.9963 3.25 0.63 9.2 5 
7.6 0.9 0.06 2.5 0.079 5 10 0.9967 3.39 0.56 9.8 5 
8.1 0.575 0.22 2.1 0.077 12 65 0.9967 3.29 0.51 9.2 5 
8.1 0.575 0.22 2.1 0.077 12 65 0.9967 3.29 0.51 9.2 5 
8.1 1.33 0 1.8 0.082 3 12 0.9964 3.54 0.48 10.9 5 
8 0.59 0.16 1.8 0.065 3 16 0.9962 3.42 0.92 10.5 7 
5.6 0.5 0.09 2.3 0.049 17 99 0.9937 3.63 0.63 13 5 
7.9 1.04 0.05 2.2 0.084 13 29 0.9959 3.22 0.55 9.9 6 
8.4 0.745 0.11 1.9 0.09 16 63 0.9965 3.19 0.82 9.6 5 
6.3 0.39 0.08 1.7 0.066 3 20 0.9954 3.34 0.58 9.4 5 
7.1 0.43 0.42 5.5 0.071 28 128 0.9973 3.42 0.71 10.5 5 
7.8 0.53 0.04 1.7 0.076 17 31 0.9964 3.33 0.56 10 6 
7.3 0.59 0.26 7.2 0.07 35 121 0.9981 3.37 0.49 9.4 5 
6.9 0.5 0.04 1.5 0.085 19 49 0.9958 3.35 0.78 9.5 5 
8.8 0.61 0.14 2.4 0.067 10 42 0.9969 3.19 0.59 9.5 5 
6.7 0.62 0.21 1.9 0.079 8 62 0.997 3.52 0.58 9.3 6 
7.8 0.59 0.33 2 0.074 24 120 0.9968 3.25 0.54 9.4 5 
12.8 0.3 0.74 2.6 0.095 9 28 0.9994 3.2 0.77 10.8 7 
8 0.725 0.24 2.8 0.083 10 62 0.99685 3.35 0.56 10 6 
11.6 0.44 0.64 2.1 0.059 5 15 0.998 3.21 0.67 10.2 6 
7.8 0.735 0.08 2.4 0.092 10 41 0.9974 3.24 0.71 9.8 6 
8.6 0.645 0.25 2 0.083 8 28 0.99815 3.28 0.6 10 6 
8.2 1 0.09 2.3 0.065 7 37 0.99685 3.32 0.55 9 6 
7.2 0.63 0 1.9 0.097 14 38 0.99675 3.37 0.58 9 6 
7.7 0.58 0.1 1.8 0.102 28 109 0.99565 3.08 0.49 9.8 6 
7.9 0.37 0.23 1.8 0.077 23 49 0.9963 3.28 0.67 9.3 5 
8.9 0.4 0.32 5.6 0.087 10 47 0.9991 3.38 0.77 10.5 7 
7.6 0.52 0.12 3 0.067 12 53 0.9971 3.36 0.57 9.1 5 
11.6 0.42 0.53 3.3 0.105 33 98 1.001 3.2 0.95 9.2 5 
8.7 0.52 0.09 2.5 0.091 20 49 0.9976 3.34 0.86 10.6 7 
10.4 0.55 0.23 2.7 0.091 18 48 0.9994 3.22 0.64 10.3 6 
10.8 0.5 0.46 2.5 0.073 5 27 1.0001 3.05 0.64 9.5 5 
10.6 0.83 0.37 2.6 0.086 26 70 0.9981 3.16 0.52 9.9 5 
11.1 0.18 0.48 1.5 0.068 7 15 0.9973 3.22 0.64 10.1 6 
7.9 0.53 0.24 2 0.072 15 105 0.996 3.27 0.54 9.4 6 
13.4 0.27 0.62 2.6 0.082 6 21 1.0002 3.16 0.67 9.7 6 
8.9 0.43 0.45 1.9 0.052 6 16 0.9948 3.35 0.7 12.5 6 
12.4 0.49 0.58 3 0.103 28 99 1.0008 3.16 1 11.5 6 
10.6 0.42 0.48 2.7 0.065 5 18 0.9972 3.21 0.87 11.3 6 
7.7 0.665 0 2.4 0.09 8 19 0.9974 3.27 0.73 9.3 5 
6.1 0.21 0.4 1.4 0.066 40.5 165 0.9912 3.25 0.59 11.9 6 
6.7 0.75 0.01 2.4 0.078 17 32 0.9955 3.55 0.61 12.8 6 
11.9 0.43 0.66 3.1 0.109 10 23 1 3.15 0.85 10.4 7 
12.8 0.615 0.66 5.8 0.083 7 42 1.0022 3.07 0.73 10 7 
6.9 0.765 0.02 2.3 0.063 35 63 0.9975 3.57 0.78 9.9 5 
7.4 0.55 0.22 2.2 0.106 12 72 0.9959 3.05 0.63 9.2 5 
11.5 0.54 0.71 4.4 0.124 6 15 0.9984 3.01 0.83 11.8 7 
11.5 0.45 0.5 3 0.078 19 47 1.0003 3.26 1.11 11 6 
12.7 0.6 0.65 2.3 0.063 6 25 0.9997 3.03 0.57 9.9 5 
7.7 0.69 0.05 2.7 0.075 15 27 0.9974 3.26 0.61 9.1 5 
8.7 0.31 0.46 1.4 0.059 11 25 0.9966 3.36 0.76 10.1 6 
9.1 0.45 0.35 2.4 0.08 23 78 0.9987 3.38 0.62 9.5 5 
6.6 0.84 0.03 2.3 0.059 32 48 0.9952 3.52 0.56 12.3 7 
10.5 0.24 0.47 2.1 0.066 6 24 0.9978 3.15 0.9 11 7 
10.4 0.41 0.55 3.2 0.076 22 54 0.9996 3.15 0.89 9.9 6 
15.6 0.685 0.76 3.7 0.1 6 43 1.0032 2.95 0.68 11.2 7 
9.3 0.48 0.29 2.1 0.127 6 16 0.9968 3.22 0.72 11.2 5 
8.9 0.59 0.39 2.3 0.095 5 22 0.9986 3.37 0.58 10.3 5 
9.6 0.54 0.42 2.4 0.081 25 52 0.997 3.2 0.71 11.4 6 
9.3 0.27 0.41 2 0.091 6 16 0.998 3.28 0.7 9.7 5 
9.4 0.685 0.11 2.7 0.077 6 31 0.9984 3.19 0.7 10.1 6 
10.6 0.36 0.59 2.2 0.152 6 18 0.9986 3.04 1.05 9.4 5 
10.6 0.36 0.6 2.2 0.152 7 18 0.9986 3.04 1.06 9.4 5 
10.7 0.35 0.53 2.6 0.07 5 16 0.9972 3.15 0.65 11 8 
10.5 0.24 0.42 1.8 0.077 6 22 0.9976 3.21 1.05 10.8 7 
10.4 0.24 0.46 1.8 0.075 6 21 0.9976 3.25 1.02 10.8 7 
12.5 0.6 0.49 4.3 0.1 5 14 1.001 3.25 0.74 11.9 6 
7.3 0.365 0.49 2.5 0.088 39 106 0.9966 3.36 0.78 11 5 
12.9 0.35 0.49 5.8 0.066 5 35 1.0014 3.2 0.66 12 7 
9.2 0.59 0.24 3.3 0.101 20 47 0.9988 3.26 0.67 9.6 5 
8.7 0.7 0.24 2.5 0.226 5 15 0.9991 3.32 0.6 9 6 
6.2 0.36 0.24 2.2 0.095 19 42 0.9946 3.57 0.57 11.7 6 
10.5 0.59 0.49 2.1 0.07 14 47 0.9991 3.3 0.56 9.6 4 
12.3 0.5 0.49 2.2 0.089 5 14 1.0002 3.19 0.44 9.6 5 
7.9 0.72 0.17 2.6 0.096 20 38 0.9978 3.4 0.53 9.5 5 
8.2 0.915 0.27 2.1 0.088 7 23 0.9962 3.26 0.47 10 4 
7.7 0.835 0 2.6 0.081 6 14 0.9975 3.3 0.52 9.3 5 
8.8 0.48 0.41 3.3 0.092 26 52 0.9982 3.31 0.53 10.5 6 
6.3 0.36 0.19 3.2 0.075 15 39 0.9956 3.56 0.52 12.7 6 
11.3 0.37 0.41 2.3 0.088 6 16 0.9988 3.09 0.8 9.3 5 
7.9 0.51 0.25 2.9 0.077 21 45 0.9974 3.49 0.96 12.1 6 
10.4 0.28 0.54 2.7 0.105 5 19 0.9988 3.25 0.63 9.5 5 
8.9 0.29 0.35 1.9 0.067 25 57 0.997 3.18 1.36 10.3 6 
9.5 0.59 0.44 2.3 0.071 21 68 0.9992 3.46 0.63 9.5 5 
12 0.5 0.59 1.4 0.073 23 42 0.998 2.92 0.68 10.5 7 
7.2 0.52 0.07 1.4 0.074 5 20 0.9973 3.32 0.81 9.6 6 
9.4 0.59 0.14 2 0.084 25 48 0.9981 3.14 0.56 9.7 5 
7.1 0.65 0.18 1.8 0.07 13 40 0.997 3.44 0.6 9.1 5 
7.4 1.185 0 4.25 0.097 5 14 0.9966 3.63 0.54 10.7 3 
9 0.48 0.32 2.8 0.084 21 122 0.9984 3.32 0.62 9.4 5 
9.4 0.615 0.28 3.2 0.087 18 72 1.0001 3.31 0.53 9.7 5 
7.5 0.38 0.48 2.6 0.073 22 84 0.9972 3.32 0.7 9.6 4 
9.1 0.765 0.04 1.6 0.078 4 14 0.998 3.29 0.54 9.7 4 
8.4 1.035 0.15 6 0.073 11 54 0.999 3.37 0.49 9.9 5 
7.8 0.545 0.12 2.5 0.068 11 35 0.996 3.34 0.61 11.6 6 
8.9 0.565 0.34 3 0.093 16 112 0.9998 3.38 0.61 9.5 5 
9.9 0.74 0.28 2.6 0.078 21 77 0.998 3.28 0.51 9.8 5 
7.6 0.46 0.11 2.6 0.079 12 49 0.9968 3.21 0.57 10 5 
9.5 0.55 0.66 2.3 0.387 12 37 0.9982 3.17 0.67 9.6 5 
9 0.69 0 2.4 0.088 19 38 0.999 3.35 0.6 9.3 5 
9.2 0.53 0.24 2.6 0.078 28 139 0.99788 3.21 0.57 9.5 5 
6.5 0.615 0 1.9 0.065 9 18 0.9972 3.46 0.65 9.2 5 
8.6 0.33 0.4 2.6 0.083 16 68 0.99782 3.3 0.48 9.4 5 
8.3 0.65 0.1 2.9 0.089 17 40 0.99803 3.29 0.55 9.5 5 
7.8 0.48 0.68 1.7 0.415 14 32 0.99656 3.09 1.06 9.1 6 
9.3 0.655 0.26 2 0.096 5 35 0.99738 3.25 0.42 9.6 5 
9.1 0.68 0.11 2.8 0.093 11 44 0.99888 3.31 0.55 9.5 6 
7.1 0.59 0.02 2.3 0.082 24 94 0.99744 3.55 0.53 9.7 6 
7.1 0.59 0.02 2.3 0.082 24 94 0.99744 3.55 0.53 9.7 6 
6.9 0.635 0.17 2.4 0.241 6 18 0.9961 3.4 0.59 10.3 6 
7.1 0.52 0.03 2.6 0.076 21 92 0.99745 3.5 0.6 9.8 5 
7.1 0.59 0.01 2.5 0.077 20 85 0.99746 3.55 0.59 9.8 5 
10 0.56 0.24 2.2 0.079 19 58 0.9991 3.18 0.56 10.1 6 
7.7 0.6 0 2.6 0.055 7 13 0.99639 3.38 0.56 10.8 5 
9.3 0.37 0.44 1.6 0.038 21 42 0.99526 3.24 0.81 10.8 7 
7.7 0.56 0.08 2.5 0.114 14 46 0.9971 3.24 0.66 9.6 6 
8.2 0.28 0.4 2.4 0.052 4 10 0.99356 3.33 0.7 12.8 7 
7.4 0.53 0.12 1.9 0.165 4 12 0.99702 3.26 0.86 9.2 5 
10.8 0.45 0.33 2.5 0.099 20 38 0.99818 3.24 0.71 10.8 5 
4.9 0.42 0 2.1 0.048 16 42 0.99154 3.71 0.74 14 7 
6.7 0.54 0.13 2 0.076 15 36 0.9973 3.61 0.64 9.8 5 
7.5 0.27 0.34 2.3 0.05 4 8 0.9951 3.4 0.64 11 7 
8.8 0.685 0.26 1.6 0.088 16 23 0.99694 3.32 0.47 9.4 5 
8 0.42 0.32 2.5 0.08 26 122 0.99801 3.22 1.07 9.7 5 
6.8 0.56 0.22 1.8 0.074 15 24 0.99438 3.4 0.82 11.2 6 
6.8 0.56 0.22 1.8 0.074 15 24 0.99438 3.4 0.82 11.2 6 
6.9 0.56 0.03 1.5 0.086 36 46 0.99522 3.53 0.57 10.6 5 
7.7 0.715 0.01 2.1 0.064 31 43 0.99371 3.41 0.57 11.8 6 
8.8 0.61 0.19 4 0.094 30 69 0.99787 3.22 0.5 10 6 
7.2 0.6 0.04 2.5 0.076 18 88 0.99745 3.53 0.55 9.5 5 
7.2 0.66 0.03 2.3 0.078 16 86 0.99743 3.53 0.57 9.7 5 
7.2 0.63 0.03 2.2 0.08 17 88 0.99745 3.53 0.58 9.8 6 
7.1 0.59 0.01 2.3 0.08 27 43 0.9955 3.42 0.58 10.7 6 
6.1 0.56 0 2.2 0.079 6 9 0.9948 3.59 0.54 11.5 6 
7.4 0.52 0.13 2.4 0.078 34 61 0.99528 3.43 0.59 10.8 6 
7.3 0.305 0.39 1.2 0.059 7 11 0.99331 3.29 0.52 11.5 6 
8.6 0.315 0.4 2.2 0.079 3 6 0.99512 3.27 0.67 11.9 6 
6.8 0.41 0.31 8.8 0.084 26 45 0.99824 3.38 0.64 10.1 6 
9.4 0.24 0.33 2.3 0.061 52 73 0.99786 3.47 0.9 10.2 6 
8.4 0.67 0.19 2.2 0.093 11 75 0.99736 3.2 0.59 9.2 4 
8.6 0.47 0.27 2.3 0.055 14 28 0.99516 3.18 0.8 11.2 5 
8.7 0.33 0.38 3.3 0.063 10 19 0.99468 3.3 0.73 12 7 
6.6 0.61 0.01 1.9 0.08 8 25 0.99746 3.69 0.73 10.5 5 
10.2 0.44 0.42 2 0.071 7 20 0.99566 3.14 0.79 11.1 7 
8.9 0.12 0.45 1.8 0.075 10 21 0.99552 3.41 0.76 11.9 7 
8.5 0.47 0.27 1.9 0.058 18 38 0.99518 3.16 0.85 11.1 6 
8.5 0.66 0.2 2.1 0.097 23 113 0.99733 3.13 0.48 9.2 5 
9 0.4 0.43 2.4 0.068 29 46 0.9943 3.2 0.6 12.2 6 
7.2 0.41 0.3 2.1 0.083 35 72 0.997 3.44 0.52 9.4 5 
9.1 0.5 0.3 1.9 0.065 8 17 0.99774 3.32 0.71 10.5 6 
7.3 0.52 0.32 2.1 0.07 51 70 0.99418 3.34 0.82 12.9 6 
9.1 0.3 0.34 2 0.064 12 25 0.99516 3.26 0.84 11.7 7 
11.3 0.36 0.66 2.4 0.123 3 8 0.99642 3.2 0.53 11.9 6 
8.6 0.83 0 2.8 0.095 17 43 0.99822 3.33 0.6 10.4 6 
9.5 0.39 0.41 8.9 0.069 18 39 0.99859 3.29 0.81 10.9 7 
8.2 0.64 0.27 2 0.095 5 77 0.99747 3.13 0.62 9.1 6 
8.2 0.64 0.27 2 0.095 5 77 0.99747 3.13 0.62 9.1 6 
9.9 0.53 0.57 2.4 0.093 30 52 0.9971 3.19 0.76 11.6 7 
8 0.38 0.44 1.9 0.098 6 15 0.9956 3.3 0.64 11.4 6 
10.2 0.29 0.65 2.4 0.075 6 17 0.99565 3.22 0.63 11.8 6 
8 0.62 0.35 2.8 0.086 28 52 0.997 3.31 0.62 10.8 5 
9.3 0.33 0.45 1.5 0.057 19 37 0.99498 3.18 0.89 11.1 7 
8 0.62 0.33 2.7 0.088 16 37 0.9972 3.31 0.58 10.7 6 
8.5 0.34 0.4 4.7 0.055 3 9 0.99738 3.38 0.66 11.6 7 
7.9 0.19 0.42 1.6 0.057 18 30 0.994 3.29 0.69 11.2 6 
7.9 0.34 0.42 2 0.086 8 19 0.99546 3.35 0.6 11.4 6 
7 0.54 0.09 2 0.081 10 16 0.99479 3.43 0.59 11.5 6 
9.1 0.3 0.41 2 0.068 10 24 0.99523 3.27 0.85 11.7 7 
8.3 0.53 0 1.4 0.07 6 14 0.99593 3.25 0.64 10 6 
7 0.69 0.07 2.5 0.091 15 21 0.99572 3.38 0.6 11.3 6 
7 0.69 0.07 2.5 0.091 15 21 0.99572 3.38 0.6 11.3 6 
7.9 0.54 0.34 2.5 0.076 8 17 0.99235 3.2 0.72 13.1 8 
6.3 0.47 0 1.4 0.055 27 33 0.9922 3.45 0.48 12.3 6 
6.5 0.58 0 2.2 0.096 3 13 0.99557 3.62 0.62 11.5 4 
5.8 0.29 0.26 1.7 0.063 3 11 0.9915 3.39 0.54 13.5 6 
7.4 0.36 0.34 1.8 0.075 18 38 0.9933 3.38 0.88 13.6 7 
10.4 0.52 0.45 2 0.08 6 13 0.99774 3.22 0.76 11.4 6 
8.2 0.51 0.24 2 0.079 16 86 0.99764 3.34 0.64 9.5 6 
7.3 0.4 0.3 1.7 0.08 33 79 0.9969 3.41 0.65 9.5 6 
8.2 0.38 0.32 2.5 0.08 24 71 0.99624 3.27 0.85 11 6 
7.8 0.5 0.12 1.8 0.178 6 21 0.996 3.28 0.87 9.8 6 
8.2 0.33 0.32 2.8 0.067 4 12 0.99473 3.3 0.76 12.8 7 
8.3 0.6 0.25 2.2 0.118 9 38 0.99616 3.15 0.53 9.8 5 
8.5 0.44 0.5 1.9 0.369 15 38 0.99634 3.01 1.1 9.4 5 
6.5 0.34 0.27 2.8 0.067 8 44 0.99384 3.21 0.56 12 6 
7.6 0.36 0.31 1.7 0.079 26 65 0.99716 3.46 0.62 9.5 6 
8.2 0.35 0.33 2.4 0.076 11 47 0.99599 3.27 0.81 11 6 
6.7 0.64 0.23 2.1 0.08 11 119 0.99538 3.36 0.7 10.9 5 
7 0.43 0.3 2 0.085 6 39 0.99346 3.33 0.46 11.9 6 
6.4 0.885 0 2.3 0.166 6 12 0.99551 3.56 0.51 10.8 5 
7.2 0.36 0.46 2.1 0.074 24 44 0.99534 3.4 0.85 11 7 
9.6 0.38 0.42 1.9 0.071 5 13 0.99659 3.15 0.75 10.5 6 
10.5 0.36 0.47 2.2 0.074 9 23 0.99638 3.23 0.76 12 6 
7.5 0.58 0.03 4.1 0.08 27 46 0.99592 3.02 0.47 9.2 5 
7.6 0.43 0.29 2.1 0.075 19 66 0.99718 3.4 0.64 9.5 5 
7.8 0.815 0.01 2.6 0.074 48 90 0.99621 3.38 0.62 10.8 5 
10.2 0.23 0.37 2.2 0.057 14 36 0.99614 3.23 0.49 9.3 4 
6 0.33 0.32 12.9 0.054 6 113 0.99572 3.3 0.56 11.5 4 
9 0.4 0.41 2 0.058 15 40 0.99414 3.22 0.6 12.2 6 
8.3 0.56 0.22 2.4 0.082 10 86 0.9983 3.37 0.62 9.5 5 
5.9 0.29 0.25 13.4 0.067 72 160 0.99721 3.33 0.54 10.3 6 
7.4 0.55 0.19 1.8 0.082 15 34 0.99655 3.49 0.68 10.5 5 
6.1 0.64 0.02 2.4 0.069 26 46 0.99358 3.47 0.45 11 5 
7 0.58 0.28 4.8 0.085 12 69 0.99633 3.32 0.7 11 6 
8.2 0.78 0 2.2 0.089 13 26 0.9978 3.37 0.46 9.6 4 
7.2 0.57 0.05 2.3 0.081 16 36 0.99564 3.38 0.6 10.3 6 
7.5 0.58 0.2 2 0.073 34 44 0.99494 3.1 0.43 9.3 5 
8 0.715 0.22 2.3 0.075 13 81 0.99688 3.24 0.54 9.5 6 
7 0.69 0 1.9 0.114 3 10 0.99636 3.35 0.6 9.7 6 
8.7 0.63 0.28 2.7 0.096 17 69 0.99734 3.26 0.63 10.2 6 
7 0.42 0.19 2.3 0.071 18 36 0.99476 3.39 0.56 10.9 5 
7.1 0.16 0.44 2.5 0.068 17 31 0.99328 3.35 0.54 12.4 6 
7.2 0.53 0.14 2.1 0.064 15 29 0.99323 3.35 0.61 12.1 6 
8 0.28 0.44 1.8 0.081 28 68 0.99501 3.36 0.66 11.2 5 
7 0.36 0.21 2.3 0.086 20 65 0.99558 3.4 0.54 10.1 6 
6.7 0.46 0.24 1.7 0.077 18 34 0.9948 3.39 0.6 10.6 6 
6.6 0.58 0.02 2.4 0.069 19 40 0.99387 3.38 0.66 12.6 6 
7.6 0.54 0.02 1.7 0.085 17 31 0.99589 3.37 0.51 10.4 6 
7.5 0.51 0.02 1.7 0.084 13 31 0.99538 3.36 0.54 10.5 6 
11.5 0.42 0.48 2.6 0.077 8 20 0.99852 3.09 0.53 11 5 
7.2 0.655 0.03 1.8 0.078 7 12 0.99587 3.34 0.39 9.5 5 
6.9 0.57 0 2.8 0.081 21 41 0.99518 3.41 0.52 10.8 5 
7.6 0.645 0.03 1.9 0.086 14 57 0.9969 3.37 0.46 10.3 5 
6.1 0.32 0.25 1.8 0.086 5 32 0.99464 3.36 0.44 10.1 5 
7.4 0.64 0.17 5.4 0.168 52 98 0.99736 3.28 0.5 9.5 5 
11.6 0.475 0.4 1.4 0.091 6 28 0.99704 3.07 0.65 10.0333333333333 6 
8.7 0.78 0.51 1.7 0.415 12 66 0.99623 3 1.17 9.2 5 
5.2 0.49 0.26 2.3 0.09 23 74 0.9953 3.71 0.62 12.2 6 
7.5 0.57 0.02 2.6 0.077 11 35 0.99557 3.36 0.62 10.8 6 
8 0.6 0.22 2.1 0.08 25 105 0.99613 3.3 0.49 9.9 5 
8 0.6 0.22 2.1 0.08 25 105 0.99613 3.3 0.49 9.9 5 
7.4 0.64 0.07 1.8 0.1 8 23 0.9961 3.3 0.58 9.6 5 
7.1 0.62 0.06 1.3 0.07 5 12 0.9942 3.17 0.48 9.8 5 
8.6 0.685 0.1 1.6 0.092 3 12 0.99745 3.31 0.65 9.55 6 
7 0.6 0.12 2.2 0.083 13 28 0.9966 3.52 0.62 10.2 7 
7.9 0.69 0.21 2.1 0.08 33 141 0.9962 3.25 0.51 9.9 5 
7.6 0.3 0.42 2 0.052 6 24 0.9963 3.44 0.82 11.9 6 
8.2 0.24 0.34 5.1 0.062 8 22 0.9974 3.22 0.94 10.9 6 
7.3 0.34 0.33 2.5 0.064 21 37 0.9952 3.35 0.77 12.1 7 
7.7 0.64 0.21 2.2 0.077 32 133 0.9956 3.27 0.45 9.9 5 
6.4 0.53 0.09 3.9 0.123 14 31 0.9968 3.5 0.67 11 4 
7.4 0.41 0.24 1.8 0.066 18 47 0.9956 3.37 0.62 10.4 5 
6.1 0.4 0.16 1.8 0.069 11 25 0.9955 3.42 0.74 10.1 7 
10.2 0.54 0.37 15.4 0.214 55 95 1.00369 3.18 0.77 9 6 
7.3 0.67 0.02 2.2 0.072 31 92 0.99566 3.32 0.68 11.1 6 
6.9 0.63 0.02 1.9 0.078 18 30 0.99712 3.4 0.75 9.8 5 
7.8 0.32 0.44 2.7 0.104 8 17 0.99732 3.33 0.78 11 7 
6.8 0.59 0.1 1.7 0.063 34 53 0.9958 3.41 0.67 9.7 5 
7.3 0.48 0.32 2.1 0.062 31 54 0.99728 3.3 0.65 10 7 
10 0.69 0.11 1.4 0.084 8 24 0.99578 2.88 0.47 9.7 5 
7.6 0.35 0.6 2.6 0.073 23 44 0.99656 3.38 0.79 11.1 6 
6.1 0.6 0.08 1.8 0.071 14 45 0.99336 3.38 0.54 11 5 
9.9 0.5 0.5 13.8 0.205 48 82 1.00242 3.16 0.75 8.8 5 
7.2 0.58 0.54 2.1 0.114 3 9 0.99719 3.33 0.57 10.3 4 
7.7 0.54 0.26 1.9 0.089 23 147 0.99636 3.26 0.59 9.7 5 
6.7 0.76 0.02 1.8 0.078 6 12 0.996 3.55 0.63 9.95 3 
6.9 0.84 0.21 4.1 0.074 16 65 0.99842 3.53 0.72 9.25 6 
6.1 0.32 0.25 2.3 0.071 23 58 0.99633 3.42 0.97 10.6 5 
6.8 0.47 0.08 2.2 0.064 18 38 0.99553 3.3 0.65 9.6 6 
7.1 0.53 0.07 1.7 0.071 15 24 0.9951 3.29 0.66 10.8 6 
6.1 0.53 0.08 1.9 0.077 24 45 0.99528 3.6 0.68 10.3 6 
5.4 0.58 0.08 1.9 0.059 20 31 0.99484 3.5 0.64 10.2 6 
6.5 0.63 0.33 1.8 0.059 16 28 0.99531 3.36 0.64 10.1 6 
7.4 0.36 0.3 1.8 0.074 17 24 0.99419 3.24 0.7 11.4 8 
6.6 0.88 0.04 2.2 0.066 12 20 0.99636 3.53 0.56 9.9 5 
6.6 0.855 0.02 2.4 0.062 15 23 0.99627 3.54 0.6 11 6 
7.8 0.6 0.26 2 0.08 31 131 0.99622 3.21 0.52 9.9 5 
7.2 0.695 0.13 2 0.076 12 20 0.99546 3.29 0.54 10.1 5 
7.2 0.695 0.13 2 0.076 12 20 0.99546 3.29 0.54 10.1 5 
6.4 0.38 0.14 2.2 0.038 15 25 0.99514 3.44 0.65 11.1 6 
5.6 0.31 0.78 13.9 0.074 23 92 0.99677 3.39 0.48 10.5 6 
6.2 0.7 0.15 5.1 0.076 13 27 0.99622 3.54 0.6 11.9 6 
6.2 0.46 0.29 2.1 0.074 32 98 0.99578 3.33 0.62 9.8 5 
7.5 0.31 0.41 2.4 0.065 34 60 0.99492 3.34 0.85 11.4 6 
