M 0.625 0.505 0.215 1.4455 0.496 0.287 0.435 22 
F 0.62 0.47 0.2 1.2255 0.381 0.27 0.435 23 
F 0.7 0.54 0.215 1.978 0.6675 0.3125 0.71 24 
F 0.645 0.49 0.215 1.406 0.4265 0.2285 0.51 25 
M 0.6 0.495 0.195 1.0575 0.384 0.19 0.375 26 
M 0.665 0.535 0.225 2.1835 0.7535 0.391 0.885 27 
F 0.7 0.585 0.185 1.8075 0.7055 0.3215 0.475 29 
M 0.44 0.365 0.125 0.516 0.2155 0.114 0.155 10 
M 0.43 0.35 0.11 0.406 0.1675 0.081 0.135 10 
F 0.535 0.405 0.145 0.6845 0.2725 0.171 0.205 10 
F 0.44 0.34 0.1 0.451 0.188 0.087 0.13 10 
I 0.38 0.275 0.1 0.2255 0.08 0.049 0.085 10 
F 0.615 0.48 0.165 1.1615 0.513 0.301 0.305 10 
M 0.58 0.47 0.165 0.9975 0.3935 0.242 0.33 10 
M 0.485 0.36 0.13 0.5415 0.2595 0.096 0.16 10 
F 0.53 0.41 0.13 0.6965 0.302 0.1935 0.2 10 
F 0.475 0.39 0.12 0.5305 0.2135 0.1155 0.17 10 
F 0.6 0.47 0.15 0.922 0.363 0.194 0.305 10 
M 0.56 0.44 0.16 0.8645 0.3305 0.2075 0.26 10 
F 0.625 0.495 0.165 1.262 0.507 0.318 0.39 10 
F 0.475 0.375 0.125 0.5785 0.2775 0.085 0.155 10 
F 0.5 0.4 0.125 0.6675 0.261 0.1315 0.22 10 
M 0.44 0.34 0.105 0.402 0.1305 0.0955 0.165 10 
F 0.565 0.445 0.155 0.826 0.341 0.2055 0.2475 10 
M 0.475 0.375 0.13 0.5175 0.2075 0.1165 0.17 10 
M 0.46 0.35 0.12 0.515 0.224 0.108 0.1565 10 
F 0.635 0.515 0.19 1.3715 0.5065 0.305 0.45 10 
M 0.515 0.405 0.13 0.722 0.32 0.131 0.21 10 
F 0.62 0.475 0.175 1.0165 0.4355 0.214 0.325 10 
F 0.51 0.4 0.14 0.8145 0.459 0.1965 0.195 10 
M 0.585 0.46 0.185 0.922 0.3635 0.213 0.285 10 
F 0.49 0.365 0.145 0.6345 0.1995 0.1625 0.22 10 
M 0.55 0.405 0.14 0.8025 0.244 0.1635 0.255 10 
M 0.47 0.36 0.135 0.501 0.1665 0.115 0.165 10 
I 0.425 0.38 0.105 0.3265 0.1285 0.0785 0.1 10 
I 0.35 0.26 0.085 0.174 0.0705 0.0345 0.06 10 
M 0.545 0.46 0.16 0.8975 0.341 0.1655 0.345 10 
F 0.535 0.415 0.17 0.879 0.295 0.1965 0.285 10 
F 0.535 0.435 0.16 0.8105 0.3155 0.1795 0.24 10 
F 0.47 0.36 0.13 0.472 0.182 0.114 0.15 10 
M 0.57 0.435 0.145 0.9055 0.3925 0.2355 0.275 10 
M 0.45 0.35 0.1 0.3675 0.1465 0.1015 0.12 10 
F 0.58 0.455 0.12 1.0735 0.479 0.2735 0.265 10 
F 0.585 0.45 0.16 1.077 0.4995 0.2875 0.25 10 
M 0.535 0.42 0.145 0.791 0.33 0.189 0.25 10 
M 0.545 0.425 0.135 0.8445 0.373 0.21 0.235 10 
M 0.46 0.38 0.135 0.482 0.207 0.1225 0.145 10 
I 0.415 0.325 0.1 0.3215 0.1535 0.0595 0.105 10 
F 0.5 0.395 0.14 0.7155 0.3165 0.176 0.24 10 
F 0.515 0.415 0.14 0.6935 0.3115 0.152 0.2 10 
I 0.36 0.275 0.11 0.2335 0.095 0.0525 0.085 10 
I 0.395 0.295 0.1 0.2715 0.134 0.0325 0.085 10 
I 0.415 0.31 0.11 0.2965 0.123 0.057 0.0995 10 
F 0.515 0.405 0.12 0.646 0.2895 0.1405 0.177 10 
F 0.545 0.415 0.16 0.7715 0.272 0.1455 0.2765 10 
M 0.555 0.45 0.175 0.874 0.3275 0.202 0.305 10 
I 0.68 0.53 0.185 1.1095 0.439 0.245 0.34 10 
F 0.49 0.38 0.145 0.6725 0.249 0.181 0.21 10 
I 0.5 0.385 0.15 0.6265 0.2605 0.1665 0.16 10 
M 0.35 0.255 0.065 0.179 0.0705 0.0385 0.06 10 
I 0.61 0.475 0.15 0.9665 0.4145 0.2 0.345 10 
I 0.56 0.425 0.14 0.9175 0.4005 0.1975 0.26 10 
I 0.52 0.425 0.17 0.6805 0.28 0.174 0.195 10 
F 0.385 0.315 0.11 0.286 0.1225 0.0635 0.0835 10 
I 0.485 0.37 0.13 0.458 0.181 0.113 0.136 10 
M 0.345 0.255 0.08 0.169 0.06 0.0425 0.054 10 
F 0.425 0.335 0.095 0.322 0.1205 0.061 0.125 10 
M 0.34 0.265 0.085 0.1835 0.077 0.046 0.065 10 
M 0.46 0.365 0.125 0.467 0.1895 0.0945 0.158 10 
F 0.37 0.28 0.11 0.2305 0.0945 0.0465 0.075 10 
F 0.415 0.34 0.13 0.3675 0.146 0.0885 0.12 10 
F 0.395 0.295 0.095 0.2245 0.078 0.054 0.08 10 
M 0.485 0.37 0.14 0.5725 0.204 0.1415 0.175 10 
M 0.51 0.4 0.14 0.6515 0.2455 0.1665 0.185 10 
M 0.5 0.375 0.15 0.636 0.2535 0.145 0.19 10 
M 0.415 0.325 0.14 0.417 0.1535 0.1015 0.144 10 
F 0.345 0.26 0.09 0.207 0.0775 0.0435 0.0765 10 
M 0.4 0.305 0.085 0.297 0.108 0.0705 0.1 10 
M 0.51 0.39 0.125 0.6565 0.262 0.1835 0.175 10 
M 0.445 0.345 0.09 0.3795 0.143 0.074 0.125 10 
M 0.485 0.355 0.12 0.547 0.215 0.1615 0.14 10 
M 0.49 0.38 0.14 0.7605 0.245 0.167 0.185 10 
M 0.515 0.435 0.145 0.8815 0.292 0.206 0.255 10 
F 0.57 0.465 0.16 0.8935 0.3145 0.2575 0.263 10 
M 0.45 0.335 0.125 0.349 0.119 0.1055 0.115 10 
M 0.515 0.38 0.135 0.6615 0.2875 0.2095 0.155 10 
F 0.44 0.34 0.13 0.4195 0.153 0.1155 0.13 10 
F 0.545 0.44 0.135 0.9185 0.429 0.2015 0.2375 10 
M 0.55 0.45 0.15 1.0145 0.407 0.2015 0.2875 10 
M 0.565 0.45 0.155 1.0595 0.4735 0.24 0.265 10 
M 0.57 0.435 0.13 0.7535 0.349 0.1755 0.194 10 
F 0.595 0.48 0.15 1.11 0.498 0.228 0.33 10 
F 0.6 0.475 0.155 1.21 0.653 0.1695 0.3205 10 
F 0.605 0.475 0.175 1.382 0.609 0.2325 0.3985 10 
F 0.615 0.52 0.15 1.3435 0.629 0.2605 0.345 10 
F 0.635 0.5 0.15 1.376 0.6495 0.361 0.31 10 
M 0.66 0.52 0.19 1.558 0.755 0.298 0.4 10 
M 0.57 0.45 0.155 1.195 0.5625 0.2565 0.295 10 
M 0.58 0.455 0.15 1.012 0.4985 0.2115 0.2835 10 
M 0.61 0.475 0.155 1.168 0.554 0.239 0.3295 10 
F 0.625 0.48 0.17 1.3525 0.6235 0.278 0.365 10 
F 0.625 0.475 0.175 1.1435 0.4755 0.2475 0.349 10 
M 0.635 0.525 0.185 1.4065 0.684 0.3 0.3745 10 
F 0.64 0.5 0.175 1.394 0.4935 0.291 0.4 10 
F 0.645 0.5 0.16 1.2465 0.5475 0.327 0.3 10 
M 0.65 0.525 0.185 1.622 0.6645 0.3225 0.477 10 
F 0.655 0.51 0.175 1.6525 0.8515 0.3365 0.403 10 
M 0.66 0.495 0.195 1.6275 0.594 0.3595 0.485 10 
F 0.675 0.57 0.225 1.587 0.739 0.2995 0.435 10 
M 0.69 0.505 0.2 1.872 0.893 0.4015 0.48 10 
M 0.715 0.565 0.175 1.9525 0.7645 0.4185 0.4135 10 
I 0.54 0.42 0.14 0.6665 0.3125 0.138 0.1895 10 
M 0.55 0.425 0.15 0.8315 0.411 0.1765 0.2165 10 
F 0.575 0.45 0.16 1.068 0.556 0.214 0.2575 10 
I 0.575 0.435 0.13 0.805 0.3155 0.2155 0.245 10 
M 0.6 0.465 0.155 1.0165 0.512 0.2465 0.225 10 
M 0.605 0.48 0.17 1.1835 0.582 0.2365 0.317 10 
M 0.615 0.46 0.17 1.0565 0.4815 0.272 0.27 10 
M 0.63 0.5 0.175 1.2645 0.5635 0.3065 0.3425 10 
M 0.64 0.515 0.165 1.369 0.632 0.3415 0.358 10 
F 0.645 0.48 0.17 1.1345 0.528 0.254 0.305 10 
F 0.655 0.51 0.175 1.415 0.5885 0.3725 0.364 10 
M 0.49 0.38 0.135 0.5415 0.2175 0.095 0.19 11 
M 0.355 0.28 0.095 0.2455 0.0955 0.062 0.075 11 
F 0.56 0.44 0.14 0.9285 0.3825 0.188 0.3 11 
M 0.575 0.425 0.14 0.8635 0.393 0.227 0.2 11 
F 0.575 0.445 0.135 0.883 0.381 0.2035 0.26 11 
M 0.57 0.48 0.175 1.185 0.474 0.261 0.38 11 
F 0.555 0.425 0.14 0.788 0.282 0.1595 0.285 11 
F 0.545 0.43 0.165 0.802 0.2935 0.183 0.28 11 
F 0.53 0.415 0.115 0.5915 0.233 0.1585 0.18 11 
M 0.56 0.455 0.155 0.797 0.34 0.19 0.2425 11 
M 0.58 0.475 0.15 0.97 0.385 0.2165 0.35 11 
F 0.63 0.48 0.16 1.199 0.5265 0.335 0.315 11 
F 0.505 0.41 0.15 0.644 0.285 0.145 0.21 11 
F 0.47 0.35 0.145 0.5175 0.187 0.1235 0.18 11 
F 0.445 0.355 0.15 0.485 0.181 0.125 0.155 11 
F 0.58 0.465 0.165 1.1015 0.404 0.2095 0.35 11 
M 0.53 0.42 0.165 0.8945 0.319 0.239 0.245 11 
F 0.46 0.38 0.13 0.639 0.3 0.1525 0.16 11 
F 0.515 0.425 0.135 0.712 0.2665 0.1605 0.25 11 
M 0.49 0.395 0.14 0.549 0.2215 0.1275 0.15 11 
M 0.385 0.31 0.1 0.2845 0.1065 0.075 0.1 11 
M 0.62 0.465 0.19 1.3415 0.5705 0.3175 0.355 11 
M 0.58 0.465 0.145 0.887 0.4405 0.1655 0.265 11 
M 0.63 0.49 0.19 1.1775 0.4935 0.3365 0.285 11 
M 0.585 0.455 0.15 0.987 0.4355 0.2075 0.31 11 
M 0.555 0.45 0.145 0.915 0.4 0.246 0.285 11 
F 0.58 0.46 0.12 0.9935 0.4625 0.2385 0.28 11 
I 0.49 0.38 0.12 0.529 0.2165 0.139 0.155 11 
M 0.5 0.41 0.15 0.662 0.2815 0.137 0.22 11 
F 0.565 0.49 0.155 0.9245 0.405 0.2195 0.255 11 
M 0.575 0.47 0.14 0.8375 0.3485 0.1735 0.24 11 
F 0.525 0.41 0.135 0.7085 0.293 0.1525 0.235 11 
M 0.55 0.45 0.13 0.92 0.378 0.2385 0.29 11 
M 0.54 0.42 0.135 0.8075 0.3485 0.1795 0.235 11 
F 0.615 0.525 0.155 1.0385 0.427 0.2315 0.345 11 
M 0.56 0.435 0.18 0.889 0.36 0.204 0.25 11 
I 0.465 0.38 0.13 0.454 0.1895 0.08 0.155 11 
F 0.44 0.355 0.115 0.415 0.1585 0.0925 0.131 11 
I 0.555 0.425 0.18 0.875 0.3695 0.2005 0.255 11 
F 0.475 0.35 0.115 0.452 0.1715 0.092 0.155 11 
F 0.41 0.32 0.115 0.387 0.165 0.1005 0.0985 11 
F 0.61 0.475 0.14 1.133 0.5275 0.2355 0.35 11 
I 0.58 0.445 0.15 0.8865 0.383 0.209 0.255 11 
F 0.625 0.49 0.175 1.233 0.5565 0.247 0.365 11 
F 0.41 0.305 0.1 0.363 0.1735 0.065 0.11 11 
I 0.47 0.345 0.115 0.4885 0.2005 0.108 0.166 11 
I 0.445 0.33 0.12 0.347 0.12 0.084 0.105 11 
I 0.46 0.35 0.12 0.4885 0.193 0.105 0.155 11 
I 0.47 0.35 0.13 0.466 0.1845 0.099 0.145 11 
F 0.585 0.475 0.185 0.9585 0.4145 0.1615 0.33 11 
I 0.535 0.45 0.17 0.781 0.3055 0.1555 0.295 11 
M 0.455 0.35 0.12 0.4835 0.1815 0.144 0.16 11 
F 0.5 0.375 0.115 0.5945 0.185 0.148 0.19 11 
M 0.525 0.4 0.17 0.7305 0.279 0.2055 0.195 11 
F 0.43 0.325 0.115 0.3865 0.1475 0.1065 0.11 11 
M 0.315 0.25 0.09 0.203 0.0615 0.037 0.0795 11 
M 0.375 0.3 0.1 0.2465 0.104 0.0475 0.083 11 
M 0.465 0.36 0.08 0.488 0.191 0.125 0.155 11 
M 0.525 0.4 0.13 0.8295 0.2405 0.1825 0.275 11 
M 0.545 0.45 0.15 0.978 0.3365 0.1905 0.3 11 
F 0.55 0.43 0.155 0.785 0.289 0.227 0.233 11 
F 0.53 0.455 0.165 0.9805 0.3155 0.2815 0.2965 11 
M 0.53 0.41 0.165 0.732 0.189 0.17 0.31 11 
M 0.53 0.41 0.155 0.7155 0.2805 0.1685 0.214 11 
M 0.52 0.42 0.16 0.745 0.255 0.157 0.2885 11 
F 0.54 0.42 0.14 0.805 0.369 0.1725 0.21 11 
M 0.6 0.475 0.175 1.3445 0.549 0.2875 0.36 11 
F 0.62 0.505 0.16 1.3725 0.6285 0.275 0.3685 11 
F 0.625 0.49 0.155 1.2085 0.465 0.162 0.411 11 
M 0.65 0.525 0.175 1.4715 0.675 0.315 0.399 11 
F 0.68 0.56 0.195 1.7775 0.861 0.322 0.415 11 
M 0.59 0.465 0.155 1.136 0.5245 0.2615 0.275 11 
F 0.595 0.47 0.155 1.121 0.4515 0.178 0.155 11 
M 0.605 0.47 0.165 1.2315 0.6025 0.262 0.2925 11 
F 0.62 0.51 0.18 1.3315 0.594 0.276 0.388 11 
F 0.63 0.495 0.165 1.3075 0.599 0.284 0.315 11 
M 0.635 0.49 0.175 1.375 0.623 0.2705 0.395 11 
F 0.64 0.5 0.17 1.5175 0.693 0.326 0.409 11 
M 0.645 0.52 0.175 1.636 0.779 0.342 0.432 11 
M 0.645 0.5 0.175 1.3385 0.633 0.299 0.349 11 
M 0.65 0.52 0.21 1.6785 0.6665 0.308 0.46 11 
M 0.67 0.525 0.165 1.6085 0.682 0.3145 0.4005 11 
F 0.715 0.525 0.185 1.56 0.6655 0.383 0.405 11 
M 0.65 0.5 0.155 1.202 0.565 0.3135 0.294 11 
F 0.66 0.53 0.185 1.346 0.546 0.2705 0.476 11 
F 0.71 0.56 0.18 1.652 0.735 0.381 0.4525 11 
M 0.735 0.585 0.185 2.124 0.952 0.55 0.5 11 
F 0.755 0.625 0.21 2.505 1.1965 0.513 0.6785 11 
F 0.78 0.63 0.215 2.657 1.488 0.4985 0.586 11 
I 0.55 0.43 0.145 0.7895 0.3745 0.171 0.223 11 
M 0.5 0.4 0.13 0.6645 0.258 0.133 0.24 12 
F 0.565 0.44 0.155 0.9395 0.4275 0.214 0.27 12 
M 0.59 0.445 0.14 0.931 0.356 0.234 0.28 12 
F 0.565 0.44 0.16 0.915 0.354 0.1935 0.32 12 
M 0.62 0.51 0.175 1.615 0.5105 0.192 0.675 12 
F 0.57 0.465 0.18 1.295 0.339 0.2225 0.44 12 
F 0.575 0.45 0.16 0.9775 0.3135 0.231 0.33 12 
M 0.555 0.44 0.15 0.755 0.307 0.1525 0.26 12 
F 0.52 0.41 0.155 0.727 0.291 0.1835 0.235 12 
F 0.565 0.45 0.135 0.9885 0.387 0.1495 0.31 12 
M 0.61 0.485 0.175 1.2445 0.544 0.297 0.345 12 
F 0.645 0.51 0.2 1.5675 0.621 0.367 0.46 12 
F 0.63 0.48 0.15 1.0525 0.392 0.336 0.285 12 
M 0.61 0.485 0.17 1.0225 0.419 0.2405 0.36 12 
M 0.5 0.405 0.155 0.772 0.346 0.1535 0.245 12 
F 0.5 0.4 0.145 0.63 0.234 0.1465 0.23 12 
F 0.415 0.325 0.105 0.38 0.1595 0.0785 0.12 12 
I 0.44 0.35 0.135 0.435 0.1815 0.083 0.125 12 
F 0.595 0.455 0.155 1.0605 0.5135 0.2165 0.3 12 
F 0.57 0.44 0.125 0.865 0.3675 0.1725 0.27 12 
F 0.66 0.53 0.185 1.3485 0.493 0.245 0.49 12 
F 0.565 0.505 0.21 1.2765 0.501 0.279 0.355 12 
M 0.5 0.38 0.155 0.5955 0.2135 0.161 0.2 12 
M 0.62 0.465 0.185 1.274 0.579 0.3065 0.32 12 
M 0.57 0.46 0.14 0.9535 0.4465 0.2065 0.245 12 
F 0.59 0.465 0.15 0.997 0.392 0.246 0.34 12 
F 0.62 0.5 0.175 1.186 0.4985 0.3015 0.35 12 
M 0.63 0.49 0.18 1.13 0.458 0.2765 0.315 12 
M 0.47 0.375 0.12 0.5565 0.226 0.122 0.195 12 
M 0.54 0.42 0.155 0.7385 0.3515 0.152 0.215 12 
M 0.535 0.44 0.15 0.6765 0.256 0.139 0.26 12 
F 0.525 0.44 0.15 0.8425 0.3685 0.1985 0.24 12 
M 0.545 0.44 0.12 0.8565 0.3475 0.1715 0.24 12 
M 0.605 0.5 0.175 1.098 0.4765 0.232 0.375 12 
F 0.585 0.465 0.17 0.9915 0.3865 0.224 0.265 12 
M 0.63 0.48 0.145 1.0115 0.4235 0.237 0.305 12 
F 0.64 0.52 0.175 1.248 0.4245 0.2595 0.48 12 
F 0.58 0.44 0.18 0.854 0.3665 0.1635 0.245 12 
M 0.56 0.46 0.235 0.8395 0.3325 0.157 0.305 12 
F 0.57 0.45 0.16 0.9715 0.3965 0.255 0.26 12 
I 0.47 0.37 0.12 0.4705 0.1845 0.1055 0.155 12 
F 0.565 0.45 0.16 0.795 0.3605 0.1555 0.23 12 
I 0.56 0.44 0.165 0.8 0.335 0.1735 0.25 12 
I 0.485 0.355 0.13 0.581 0.245 0.132 0.168 12 
M 0.535 0.42 0.15 0.6995 0.2575 0.153 0.24 12 
I 0.605 0.495 0.145 1.054 0.369 0.2255 0.36 12 
I 0.515 0.39 0.14 0.5555 0.2 0.1135 0.2235 12 
M 0.35 0.265 0.09 0.1775 0.0575 0.042 0.068 12 
F 0.525 0.405 0.16 0.658 0.2655 0.1125 0.225 12 
F 0.705 0.55 0.2 1.7095 0.633 0.4115 0.49 13 
M 0.555 0.425 0.13 0.7665 0.264 0.168 0.275 13 
M 0.625 0.465 0.14 1.195 0.4825 0.205 0.4 13 
M 0.595 0.465 0.175 1.115 0.4015 0.254 0.39 13 
F 0.58 0.455 0.17 0.9075 0.374 0.2135 0.285 13 
M 0.605 0.465 0.165 1.056 0.4215 0.2475 0.34 13 
M 0.62 0.49 0.19 1.218 0.5455 0.2965 0.355 13 
M 0.615 0.48 0.18 1.1595 0.4845 0.2165 0.325 13 
M 0.5 0.4 0.165 0.825 0.254 0.205 0.285 13 
F 0.525 0.415 0.17 0.8325 0.2755 0.1685 0.31 13 
M 0.555 0.445 0.135 0.836 0.336 0.1625 0.275 13 
I 0.32 0.245 0.08 0.1585 0.0635 0.0325 0.05 13 
M 0.59 0.47 0.18 1.1235 0.4205 0.2805 0.36 13 
F 0.45 0.36 0.125 0.4995 0.2035 0.1 0.17 13 
M 0.63 0.515 0.155 1.259 0.4105 0.197 0.41 13 
F 0.54 0.435 0.175 0.892 0.322 0.174 0.335 13 
M 0.645 0.515 0.24 1.5415 0.471 0.369 0.535 13 
M 0.62 0.475 0.185 1.325 0.6045 0.325 0.33 13 
M 0.675 0.525 0.185 1.587 0.6935 0.336 0.395 13 
M 0.685 0.52 0.15 1.343 0.4635 0.292 0.4 13 
M 0.545 0.41 0.14 0.625 0.223 0.16 0.235 13 
F 0.49 0.39 0.135 0.5785 0.2465 0.123 0.2 13 
M 0.58 0.45 0.175 1.068 0.425 0.203 0.32 13 
M 0.5 0.415 0.165 0.6885 0.249 0.138 0.25 13 
M 0.565 0.435 0.185 0.9815 0.329 0.136 0.39 13 
M 0.655 0.53 0.195 1.388 0.567 0.2735 0.41 13 
M 0.58 0.46 0.13 0.921 0.357 0.181 0.29 13 
F 0.6 0.505 0.19 1.129 0.4385 0.256 0.36 13 
I 0.615 0.49 0.155 0.9885 0.4145 0.195 0.345 13 
F 0.66 0.53 0.17 1.326 0.519 0.2625 0.44 13 
I 0.515 0.4 0.12 0.659 0.2705 0.179 0.17 13 
I 0.46 0.355 0.14 0.4935 0.216 0.133 0.115 13 
F 0.55 0.41 0.145 0.8285 0.3095 0.1905 0.25 13 
I 0.51 0.4 0.15 0.745 0.2865 0.1675 0.235 13 
I 0.575 0.455 0.18 0.8525 0.3015 0.1825 0.3 13 
I 0.605 0.47 0.14 0.939 0.3385 0.201 0.32 13 
F 0.525 0.38 0.14 0.6065 0.194 0.1475 0.21 14 
F 0.55 0.425 0.135 0.8515 0.362 0.196 0.27 14 
F 0.615 0.475 0.17 1.1025 0.4695 0.2355 0.345 14 
M 0.58 0.45 0.14 1.013 0.38 0.216 0.36 14 
M 0.665 0.535 0.195 1.606 0.5755 0.388 0.48 14 
F 0.515 0.425 0.14 0.766 0.304 0.1725 0.255 14 
M 0.725 0.57 0.19 2.55 1.0705 0.483 0.725 14 
M 0.705 0.56 0.22 1.981 0.8175 0.3085 0.76 14 
M 0.57 0.48 0.18 0.9395 0.399 0.2 0.295 14 
M 0.58 0.45 0.15 0.927 0.276 0.1815 0.36 14 
F 0.485 0.395 0.16 0.66 0.2475 0.128 0.235 14 
M 0.565 0.44 0.175 0.9025 0.31 0.193 0.325 14 
M 0.52 0.45 0.15 0.895 0.3615 0.186 0.235 14 
M 0.62 0.485 0.205 1.219 0.3875 0.2505 0.385 14 
M 0.485 0.395 0.14 0.6295 0.2285 0.127 0.225 14 
M 0.55 0.41 0.125 0.7605 0.2505 0.1635 0.195 14 
F 0.635 0.535 0.19 1.242 0.576 0.2475 0.39 14 
M 0.6 0.475 0.19 1.0875 0.403 0.2655 0.325 14 
M 0.575 0.455 0.145 1.165 0.581 0.2275 0.3 14 
M 0.61 0.48 0.15 1.2 0.56 0.2455 0.28 14 
F 0.7 0.575 0.17 1.31 0.5095 0.314 0.42 14 
M 0.49 0.42 0.125 0.609 0.239 0.1435 0.22 14 
M 0.585 0.475 0.12 0.945 0.41 0.2115 0.28 14 
M 0.455 0.365 0.095 0.514 0.2245 0.101 0.15 15 
M 0.605 0.475 0.18 0.9365 0.394 0.219 0.295 15 
F 0.6 0.475 0.15 1.0075 0.4425 0.221 0.28 15 
M 0.565 0.425 0.135 0.8115 0.341 0.1675 0.255 15 
M 0.55 0.435 0.145 0.843 0.328 0.1915 0.255 15 
M 0.59 0.475 0.145 1.053 0.4415 0.262 0.325 15 
M 0.56 0.45 0.16 0.922 0.432 0.178 0.26 15 
F 0.53 0.415 0.16 0.783 0.2935 0.158 0.245 15 
F 0.575 0.46 0.185 1.094 0.4485 0.217 0.345 15 
M 0.56 0.45 0.175 1.011 0.3835 0.2065 0.37 15 
M 0.63 0.505 0.225 1.525 0.56 0.3335 0.45 15 
F 0.535 0.415 0.185 0.8415 0.314 0.1585 0.3 15 
M 0.61 0.475 0.165 1.116 0.428 0.2205 0.315 15 
F 0.565 0.45 0.195 1.0035 0.406 0.2505 0.285 15 
M 0.565 0.465 0.175 0.995 0.3895 0.183 0.37 15 
F 0.62 0.47 0.14 1.0325 0.3605 0.224 0.36 15 
M 0.57 0.465 0.125 0.849 0.3785 0.1765 0.24 15 
M 0.655 0.53 0.175 1.2635 0.486 0.2635 0.415 15 
F 0.545 0.425 0.125 0.768 0.294 0.1495 0.26 16 
F 0.54 0.475 0.155 1.217 0.5305 0.3075 0.34 16 
F 0.52 0.425 0.165 0.9885 0.396 0.225 0.32 16 
M 0.65 0.52 0.19 1.3445 0.519 0.306 0.4465 16 
M 0.645 0.485 0.215 1.514 0.546 0.2615 0.635 16 
F 0.65 0.545 0.23 1.752 0.5605 0.2895 0.815 16 
M 0.64 0.5 0.185 1.3035 0.4445 0.2635 0.465 16 
M 0.59 0.5 0.2 1.187 0.412 0.2705 0.37 16 
F 0.74 0.6 0.195 1.974 0.598 0.4085 0.71 16 
M 0.635 0.515 0.17 1.275 0.509 0.286 0.34 16 
F 0.685 0.545 0.18 1.768 0.7495 0.392 0.485 16 
M 0.595 0.48 0.165 1.262 0.4835 0.283 0.41 17 
M 0.565 0.425 0.16 0.9425 0.3495 0.2185 0.275 17 
F 0.495 0.4 0.155 0.6445 0.242 0.1325 0.205 17 
M 0.745 0.585 0.215 2.499 0.9265 0.472 0.7 17 
F 0.69 0.56 0.215 1.719 0.68 0.299 0.47 17 
F 0.665 0.555 0.195 1.4385 0.581 0.354 0.36 17 
F 0.68 0.55 0.21 1.7445 0.5975 0.305 0.625 17 
M 0.665 0.54 0.175 1.347 0.4955 0.254 0.415 17 
M 0.575 0.4 0.155 0.9325 0.3605 0.2445 0.3 17 
M 0.625 0.5 0.195 1.369 0.5875 0.2185 0.37 17 
M 0.665 0.525 0.165 1.338 0.5515 0.3575 0.35 18 
M 0.71 0.54 0.165 1.959 0.7665 0.261 0.78 18 
F 0.725 0.56 0.21 2.141 0.65 0.398 1.005 18 
M 0.61 0.5 0.24 1.642 0.532 0.3345 0.69 18 
F 0.58 0.455 0.155 0.8365 0.315 0.1385 0.32 18 
F 0.645 0.525 0.19 1.8085 0.7035 0.3885 0.395 18 
F 0.61 0.485 0.165 1.0915 0.3935 0.2435 0.33 18 
F 0.55 0.44 0.15 0.8945 0.3145 0.151 0.32 19 
F 0.68 0.55 0.175 1.798 0.815 0.3925 0.455 19 
M 0.7 0.535 0.16 1.7255 0.63 0.2635 0.54 19 
M 0.56 0.45 0.185 1.07 0.3805 0.175 0.41 19 
M 0.595 0.455 0.195 1.3305 0.4595 0.3235 0.345 19 
I 0.075 0.055 0.01 0.002 0.001 0.0005 0.0015 1 
I 0.15 0.1 0.025 0.015 0.0045 0.004 0.005 2 
I 0.13 0.1 0.03 0.013 0.0045 0.003 0.004 3 
M 0.21 0.15 0.05 0.0385 0.0155 0.0085 0.01 3 
I 0.21 0.15 0.05 0.042 0.0175 0.0125 0.015 4 
I 0.245 0.19 0.06 0.086 0.042 0.014 0.025 4 
I 0.17 0.13 0.095 0.03 0.013 0.008 0.01 4 
I 0.225 0.16 0.045 0.0465 0.025 0.015 0.015 4 
I 0.245 0.195 0.06 0.095 0.0445 0.0245 0.026 4 
I 0.2 0.145 0.06 0.037 0.0125 0.0095 0.011 4 
I 0.19 0.145 0.04 0.038 0.0165 0.0065 0.015 4 
M 0.325 0.23 0.09 0.147 0.06 0.034 0.045 4 
M 0.235 0.16 0.06 0.0545 0.0265 0.0095 0.015 4 
M 0.195 0.145 0.05 0.032 0.01 0.008 0.012 4 
I 0.24 0.175 0.045 0.07 0.0315 0.0235 0.02 5 
I 0.27 0.195 0.06 0.073 0.0285 0.0235 0.03 5 
I 0.175 0.13 0.055 0.0315 0.0105 0.0065 0.0125 5 
I 0.235 0.16 0.04 0.048 0.0185 0.018 0.015 5 
I 0.315 0.21 0.06 0.125 0.06 0.0375 0.035 5 
I 0.27 0.2 0.07 0.1 0.034 0.0245 0.035 5 
I 0.265 0.21 0.06 0.0965 0.0425 0.022 0.03 5 
I 0.3 0.22 0.08 0.121 0.0475 0.042 0.035 5 
I 0.22 0.165 0.055 0.0545 0.0215 0.012 0.02 5 
F 0.275 0.195 0.07 0.08 0.031 0.0215 0.025 5 
M 0.28 0.2 0.08 0.0915 0.033 0.0215 0.03 5 
M 0.2 0.14 0.055 0.035 0.0145 0.008 0.01 5 
M 0.275 0.205 0.07 0.094 0.0335 0.02 0.0325 5 
M 0.255 0.18 0.065 0.079 0.034 0.014 0.025 5 
I 0.255 0.19 0.075 0.0865 0.0345 0.0205 0.025 5 
M 0.28 0.205 0.1 0.1165 0.0545 0.0285 0.03 5 
I 0.215 0.155 0.06 0.0525 0.021 0.0165 0.015 5 
I 0.24 0.175 0.055 0.0705 0.025 0.014 0.021 5 
I 0.295 0.23 0.08 0.1625 0.065 0.05 0.0385 5 
I 0.305 0.22 0.07 0.141 0.062 0.031 0.037 5 
I 0.325 0.245 0.07 0.161 0.0755 0.0255 0.045 6 
I 0.31 0.235 0.07 0.151 0.063 0.0405 0.045 6 
M 0.37 0.265 0.075 0.214 0.09 0.051 0.07 6 
I 0.375 0.275 0.09 0.238 0.1075 0.0545 0.07 6 
M 0.27 0.2 0.08 0.1205 0.0465 0.028 0.04 6 
I 0.295 0.215 0.085 0.128 0.049 0.034 0.04 6 
M 0.36 0.27 0.1 0.217 0.0885 0.0495 0.0715 6 
I 0.34 0.26 0.08 0.2 0.08 0.0555 0.055 6 
I 0.345 0.275 0.095 0.1995 0.0755 0.0535 0.07 6 
I 0.26 0.2 0.07 0.092 0.037 0.02 0.03 6 
I 0.24 0.185 0.07 0.0715 0.026 0.018 0.025 6 
M 0.31 0.22 0.085 0.146 0.061 0.0365 0.045 6 
F 0.345 0.25 0.09 0.203 0.078 0.059 0.055 6 
M 0.355 0.26 0.085 0.1905 0.081 0.0485 0.055 6 
M 0.33 0.215 0.075 0.1145 0.045 0.0265 0.035 6 
I 0.335 0.245 0.09 0.1665 0.0595 0.04 0.06 6 
I 0.25 0.19 0.06 0.0765 0.036 0.0115 0.0245 6 
I 0.385 0.28 0.125 0.244 0.102 0.038 0.085 6 
I 0.28 0.205 0.07 0.1015 0.041 0.03 0.03 6 
I 0.335 0.25 0.08 0.183 0.0735 0.04 0.0575 6 
I 0.35 0.25 0.07 0.18 0.0655 0.048 0.054 6 
I 0.37 0.275 0.14 0.2215 0.097 0.0455 0.0615 6 
I 0.385 0.29 0.095 0.312 0.143 0.0635 0.086 6 
I 0.395 0.29 0.095 0.304 0.127 0.084 0.077 6 
I 0.41 0.325 0.1 0.394 0.208 0.0655 0.106 6 
M 0.415 0.305 0.1 0.325 0.156 0.0505 0.091 6 
I 0.255 0.19 0.05 0.083 0.0295 0.0215 0.027 6 
I 0.3 0.23 0.095 0.1385 0.056 0.0365 0.037 6 
I 0.325 0.24 0.075 0.187 0.0825 0.0445 0.05 6 
I 0.37 0.29 0.095 0.249 0.1045 0.058 0.067 6 
I 0.385 0.265 0.08 0.251 0.124 0.037 0.07 6 
I 0.41 0.31 0.09 0.3335 0.1635 0.061 0.091 6 
I 0.42 0.315 0.1 0.3435 0.157 0.0795 0.09 6 
I 0.425 0.315 0.1 0.377 0.1645 0.072 0.105 6 
I 0.435 0.34 0.115 0.3925 0.1825 0.078 0.1145 6 
F 0.445 0.335 0.11 0.4355 0.2025 0.1095 0.1195 6 
I 0.455 0.375 0.12 0.497 0.2355 0.1055 0.1295 6 
F 0.465 0.35 0.125 0.482 0.23 0.106 0.1095 6 
F 0.475 0.36 0.12 0.5915 0.3245 0.11 0.127 6 
M 0.48 0.385 0.145 0.64 0.2925 0.1405 0.1575 6 
M 0.5 0.39 0.135 0.6595 0.3145 0.1535 0.1565 6 
F 0.66 0.475 0.18 1.3695 0.641 0.294 0.335 6 
I 0.275 0.195 0.065 0.106 0.054 0.02 0.028 6 
I 0.3 0.22 0.08 0.1255 0.055 0.0265 0.039 6 
I 0.32 0.225 0.085 0.1415 0.0675 0.0295 0.0405 6 
I 0.37 0.28 0.1 0.221 0.1165 0.0265 0.0635 6 
I 0.375 0.275 0.1 0.2325 0.1165 0.042 0.065 6 
M 0.35 0.265 0.09 0.2255 0.0995 0.0485 0.07 7 
I 0.33 0.255 0.08 0.205 0.0895 0.0395 0.055 7 
I 0.355 0.28 0.085 0.2905 0.095 0.0395 0.115 7 
M 0.4 0.32 0.095 0.303 0.1335 0.06 0.1 7 
M 0.405 0.31 0.1 0.385 0.173 0.0915 0.11 7 
F 0.505 0.4 0.125 0.583 0.246 0.13 0.175 7 
M 0.425 0.325 0.095 0.3785 0.1705 0.08 0.1 7 
M 0.47 0.37 0.13 0.5225 0.201 0.133 0.165 7 
I 0.385 0.295 0.085 0.2535 0.103 0.0575 0.085 7 
F 0.325 0.26 0.09 0.1915 0.085 0.036 0.062 7 
I 0.265 0.2 0.065 0.0975 0.04 0.0205 0.028 7 
F 0.305 0.23 0.08 0.156 0.0675 0.0345 0.048 7 
F 0.53 0.395 0.145 0.775 0.308 0.169 0.255 7 
I 0.36 0.26 0.09 0.1785 0.0645 0.037 0.075 7 
I 0.37 0.28 0.095 0.2655 0.122 0.052 0.08 7 
I 0.405 0.3 0.12 0.324 0.1265 0.07 0.11 7 
F 0.39 0.29 0.125 0.3055 0.121 0.082 0.09 7 
I 0.305 0.245 0.075 0.156 0.0675 0.038 0.045 7 
I 0.33 0.25 0.105 0.1715 0.0655 0.035 0.06 7 
I 0.36 0.285 0.105 0.2415 0.0915 0.057 0.075 7 
M 0.335 0.265 0.105 0.222 0.0935 0.056 0.075 7 
F 0.435 0.325 0.11 0.4335 0.178 0.0985 0.155 7 
I 0.36 0.275 0.095 0.217 0.084 0.0435 0.09 7 
M 0.29 0.23 0.075 0.1165 0.043 0.0255 0.04 7 
M 0.205 0.155 0.045 0.0425 0.017 0.0055 0.0155 7 
M 0.28 0.21 0.08 0.1085 0.041 0.0265 0.0345 7 
M 0.32 0.24 0.085 0.17 0.0655 0.047 0.049 7 
M 0.235 0.17 0.055 0.0515 0.018 0.0105 0.0195 7 
M 0.38 0.235 0.1 0.258 0.1055 0.054 0.08 7 
M 0.33 0.255 0.095 0.1875 0.0735 0.045 0.06 7 
M 0.31 0.225 0.08 0.1345 0.054 0.024 0.05 7 
I 0.37 0.275 0.1 0.2295 0.0885 0.0465 0.07 7 
I 0.315 0.23 0.09 0.1285 0.043 0.04 0.04 7 
I 0.295 0.225 0.09 0.1105 0.0405 0.0245 0.032 7 
I 0.28 0.205 0.055 0.1135 0.045 0.0275 0.0335 7 
I 0.275 0.2 0.065 0.1035 0.0475 0.0205 0.03 7 
I 0.37 0.275 0.1 0.22 0.094 0.045 0.065 7 
I 0.315 0.24 0.085 0.1715 0.071 0.0345 0.0535 7 
I 0.36 0.3 0.085 0.27 0.1185 0.064 0.0745 7 
I 0.38 0.275 0.095 0.1375 0.086 0.0585 0.0605 7 
I 0.395 0.29 0.095 0.319 0.138 0.08 0.082 7 
I 0.415 0.32 0.11 0.3735 0.175 0.0755 0.109 7 
I 0.445 0.335 0.1 0.4895 0.2745 0.086 0.1105 7 
I 0.335 0.25 0.075 0.1825 0.0705 0.044 0.055 7 
I 0.34 0.25 0.07 0.2225 0.104 0.0425 0.055 7 
I 0.41 0.31 0.09 0.339 0.155 0.0695 0.09 7 
I 0.43 0.325 0.1 0.3645 0.1575 0.0825 0.105 7 
I 0.44 0.325 0.09 0.35 0.148 0.067 0.105 7 
I 0.45 0.335 0.105 0.447 0.2335 0.153 0.119 7 
I 0.46 0.36 0.1 0.4635 0.2325 0.093 0.115 7 
I 0.465 0.365 0.115 0.467 0.2315 0.0925 0.113 7 
I 0.465 0.345 0.11 0.4415 0.1755 0.0905 0.12 7 
M 0.48 0.365 0.12 0.6015 0.312 0.117 0.14 7 
M 0.495 0.4 0.135 0.61 0.272 0.1435 0.144 7 
M 0.5 0.385 0.135 0.6425 0.3195 0.129 0.1535 7 
I 0.51 0.375 0.1 0.5785 0.238 0.1225 0.175 7 
M 0.515 0.39 0.155 0.7125 0.3695 0.137 0.155 7 
M 0.53 0.405 0.125 0.6515 0.2715 0.1605 0.186 7 
M 0.57 0.46 0.17 0.9035 0.4075 0.1935 0.214 7 
F 0.58 0.46 0.15 1.1155 0.5575 0.2255 0.29 7 
I 0.265 0.195 0.055 0.084 0.0365 0.0175 0.025 7 
I 0.385 0.29 0.08 0.2485 0.122 0.0495 0.065 7 
I 0.405 0.3 0.11 0.32 0.172 0.044 0.093 7 
I 0.42 0.32 0.11 0.3625 0.174 0.0635 0.105 7 
I 0.425 0.325 0.115 0.3685 0.162 0.0865 0.1045 7 
I 0.435 0.345 0.115 0.418 0.222 0.0735 0.106 7 
I 0.445 0.345 0.105 0.409 0.1675 0.1015 0.117 7 
I 0.45 0.33 0.105 0.3715 0.1865 0.0785 0.0975 7 
I 0.46 0.35 0.115 0.4155 0.18 0.098 0.1175 7 
I 0.475 0.35 0.1 0.4545 0.2165 0.111 0.115 7 
I 0.5 0.375 0.14 0.5495 0.248 0.112 0.1585 7 
I 0.425 0.3 0.095 0.3515 0.141 0.0775 0.12 8 
M 0.465 0.355 0.105 0.4795 0.227 0.124 0.125 8 
I 0.52 0.41 0.12 0.595 0.2385 0.111 0.19 8 
F 0.5 0.4 0.14 0.6615 0.2565 0.1755 0.22 8 
M 0.47 0.385 0.135 0.5895 0.2765 0.12 0.17 8 
M 0.52 0.4 0.12 0.58 0.234 0.1315 0.185 8 
F 0.4 0.32 0.11 0.353 0.1405 0.0985 0.1 8 
M 0.47 0.375 0.13 0.523 0.214 0.132 0.145 8 
M 0.405 0.305 0.085 0.2605 0.1145 0.0595 0.085 8 
F 0.425 0.33 0.115 0.406 0.1635 0.081 0.1355 8 
M 0.525 0.435 0.155 1.065 0.486 0.233 0.285 8 
I 0.315 0.245 0.085 0.1435 0.053 0.0475 0.05 8 
M 0.42 0.335 0.115 0.369 0.171 0.071 0.12 8 
I 0.435 0.34 0.11 0.3795 0.1495 0.085 0.12 8 
M 0.45 0.35 0.13 0.46 0.174 0.111 0.135 8 
I 0.3 0.23 0.08 0.1275 0.0435 0.0265 0.04 8 
M 0.35 0.275 0.11 0.2925 0.1225 0.0635 0.0905 8 
M 0.36 0.295 0.105 0.241 0.0865 0.053 0.095 8 
F 0.4 0.325 0.12 0.3185 0.134 0.0565 0.095 8 
F 0.46 0.425 0.155 0.746 0.3005 0.152 0.24 8 
F 0.61 0.495 0.185 1.153 0.536 0.2905 0.245 8 
M 0.47 0.38 0.145 0.5865 0.2385 0.144 0.185 8 
M 0.45 0.355 0.115 0.479 0.2125 0.1045 0.15 8 
M 0.57 0.44 0.095 0.827 0.3395 0.2215 0.235 8 
I 0.29 0.225 0.07 0.101 0.036 0.0235 0.035 8 
I 0.335 0.26 0.1 0.192 0.0785 0.0585 0.07 8 
M 0.445 0.35 0.115 0.3615 0.1565 0.0695 0.117 8 
F 0.44 0.34 0.105 0.364 0.148 0.0805 0.1175 8 
F 0.38 0.305 0.095 0.2815 0.1255 0.0525 0.09 8 
M 0.355 0.265 0.09 0.168 0.05 0.041 0.063 8 
F 0.37 0.275 0.1 0.2225 0.093 0.026 0.08 8 
M 0.355 0.265 0.085 0.201 0.069 0.053 0.0695 8 
F 0.36 0.265 0.09 0.2065 0.078 0.057 0.06 8 
I 0.45 0.35 0.13 0.547 0.245 0.1405 0.1405 8 
F 0.48 0.365 0.135 0.6395 0.2945 0.113 0.175 8 
M 0.49 0.385 0.125 0.609 0.3065 0.096 0.1775 8 
M 0.505 0.44 0.14 0.8275 0.3415 0.1855 0.239 8 
F 0.55 0.43 0.125 0.923 0.4035 0.175 0.283 8 
F 0.595 0.48 0.16 1.2095 0.5225 0.296 0.32 8 
F 0.64 0.51 0.165 1.486 0.7595 0.332 0.321 8 
I 0.315 0.23 0.07 0.144 0.053 0.0305 0.04 8 
I 0.45 0.355 0.105 0.4445 0.197 0.093 0.1335 8 
M 0.47 0.365 0.12 0.612 0.327 0.15 0.14 8 
M 0.48 0.36 0.1 0.439 0.194 0.099 0.115 8 
M 0.495 0.395 0.135 0.6335 0.3035 0.1295 0.1495 8 
I 0.505 0.39 0.15 0.685 0.362 0.131 0.156 8 
M 0.51 0.39 0.135 0.769 0.3935 0.1455 0.19 8 
M 0.51 0.405 0.15 0.7035 0.347 0.134 0.1885 8 
F 0.515 0.43 0.14 0.834 0.367 0.2 0.23 8 
F 0.53 0.425 0.13 0.7585 0.325 0.197 0.205 8 
F 0.535 0.4 0.135 0.8215 0.3935 0.196 0.205 8 
M 0.535 0.435 0.14 0.874 0.3735 0.229 0.2195 8 
F 0.565 0.4 0.13 0.6975 0.3075 0.1665 0.18 8 
F 0.57 0.455 0.15 1.107 0.54 0.255 0.27 8 
F 0.58 0.45 0.145 1.137 0.5585 0.22 0.29 8 
M 0.59 0.47 0.16 1.206 0.479 0.2425 0.309 8 
F 0.615 0.48 0.16 1.2525 0.585 0.2595 0.33 8 
M 0.63 0.485 0.155 1.278 0.637 0.275 0.31 8 
M 0.645 0.52 0.175 1.561 0.709 0.3555 0.4 8 
I 0.445 0.335 0.11 0.411 0.1985 0.0935 0.109 8 
I 0.5 0.38 0.125 0.519 0.2485 0.1135 0.134 8 
I 0.51 0.405 0.125 0.6795 0.3465 0.1395 0.182 8 
I 0.51 0.38 0.115 0.5155 0.215 0.1135 0.166 8 
I 0.52 0.38 0.135 0.5395 0.2295 0.133 0.157 8 
I 0.525 0.4 0.13 0.6455 0.325 0.1245 0.17 8 
I 0.525 0.395 0.12 0.608 0.297 0.1395 0.1405 8 
F 0.55 0.415 0.135 0.8145 0.427 0.1855 0.175 8 
M 0.56 0.445 0.16 0.8965 0.42 0.2175 0.2215 8 
M 0.56 0.415 0.145 0.852 0.43 0.1885 0.205 8 
M 0.565 0.435 0.15 0.99 0.5795 0.1825 0.206 8 
F 0.57 0.445 0.145 0.8775 0.412 0.217 0.22 8 
M 0.58 0.455 0.15 1.114 0.4765 0.2155 0.265 8 
M 0.58 0.45 0.145 1.0025 0.547 0.1975 0.2295 8 
M 0.59 0.47 0.15 0.9955 0.481 0.232 0.24 8 
M 0.6 0.455 0.17 1.1915 0.696 0.2395 0.24 8 
M 0.61 0.485 0.16 1.0145 0.5315 0.212 0.2415 8 
M 0.62 0.47 0.135 1.0195 0.5315 0.2005 0.2475 8 
F 0.62 0.48 0.16 1.1125 0.5635 0.2445 0.281 8 
M 0.625 0.48 0.185 1.2065 0.587 0.29 0.286 8 
M 0.72 0.565 0.145 1.187 0.691 0.1945 0.2685 8 
I 0.35 0.255 0.09 0.1785 0.0855 0.0305 0.0525 8 
I 0.375 0.28 0.08 0.2025 0.0825 0.048 0.065 8 
I 0.38 0.27 0.08 0.2105 0.0865 0.042 0.07 8 
I 0.385 0.28 0.085 0.2175 0.097 0.038 0.067 8 
I 0.395 0.305 0.105 0.284 0.1135 0.0595 0.0945 8 
I 0.43 0.34 0 0.428 0.2065 0.086 0.115 8 
I 0.455 0.345 0.105 0.4005 0.164 0.0755 0.126 8 
I 0.455 0.33 0.1 0.372 0.358 0.0775 0.11 8 
F 0.46 0.365 0.125 0.4785 0.206 0.1045 0.141 8 
I 0.47 0.355 0.18 0.48 0.2055 0.105 0.1505 8 
I 0.475 0.355 0.1 0.5035 0.2535 0.091 0.14 8 
I 0.475 0.36 0.11 0.492 0.211 0.11 0.15 8 
I 0.48 0.355 0.115 0.4725 0.2065 0.112 0.132 8 
I 0.495 0.355 0.12 0.4965 0.214 0.1045 0.1495 8 
M 0.495 0.395 0.12 0.553 0.224 0.1375 0.167 8 
I 0.505 0.405 0.13 0.6015 0.3015 0.11 0.18 8 
I 0.505 0.395 0.105 0.551 0.248 0.103 0.171 8 
I 0.535 0.415 0.15 0.5765 0.3595 0.135 0.225 8 
I 0.545 0.435 0.135 0.7715 0.372 0.148 0.227 8 
I 0.545 0.405 0.135 0.5945 0.27 0.1185 0.185 8 
F 0.565 0.45 0.145 0.8495 0.4215 0.1685 0.225 8 
F 0.53 0.42 0.135 0.677 0.2565 0.1415 0.21 9 
M 0.475 0.37 0.125 0.5095 0.2165 0.1125 0.165 9 
M 0.45 0.32 0.1 0.381 0.1705 0.075 0.115 9 
M 0.355 0.29 0.09 0.3275 0.134 0.086 0.09 9 
M 0.47 0.37 0.12 0.5795 0.293 0.227 0.14 9 
M 0.505 0.405 0.11 0.625 0.305 0.16 0.175 9 
M 0.595 0.475 0.14 0.944 0.3625 0.189 0.315 9 
M 0.535 0.435 0.15 0.725 0.269 0.1385 0.25 9 
F 0.51 0.39 0.135 0.6335 0.231 0.179 0.2 9 
M 0.495 0.395 0.125 0.5415 0.2375 0.1345 0.155 9 
I 0.435 0.32 0.08 0.3325 0.1485 0.0635 0.105 9 
F 0.56 0.43 0.15 0.8825 0.3465 0.172 0.31 9 
M 0.345 0.255 0.09 0.2005 0.094 0.0295 0.063 9 
M 0.375 0.285 0.095 0.253 0.096 0.0575 0.0925 9 
I 0.28 0.205 0.08 0.127 0.052 0.039 0.042 9 
F 0.585 0.46 0.17 0.9325 0.365 0.271 0.29 9 
F 0.44 0.34 0.14 0.482 0.186 0.1085 0.16 9 
M 0.5 0.405 0.14 0.6155 0.241 0.1355 0.205 9 
F 0.445 0.325 0.125 0.455 0.1785 0.1125 0.14 9 
F 0.5 0.37 0.135 0.45 0.1715 0.1055 0.155 9 
I 0.295 0.225 0.08 0.124 0.0485 0.032 0.04 9 
I 0.36 0.275 0.085 0.1975 0.0745 0.0415 0.07 9 
M 0.47 0.39 0.15 0.6355 0.2185 0.0885 0.255 9 
F 0.455 0.355 0.12 0.4495 0.177 0.104 0.15 9 
M 0.37 0.28 0.105 0.234 0.0905 0.0585 0.075 9 
F 0.525 0.42 0.16 0.756 0.2745 0.173 0.275 9 
F 0.455 0.37 0.105 0.4925 0.216 0.1245 0.135 9 
I 0.365 0.295 0.095 0.25 0.1075 0.0545 0.08 9 
M 0.515 0.455 0.135 0.7225 0.295 0.1625 0.235 9 
M 0.39 0.3 0.09 0.3055 0.143 0.0645 0.085 9 
F 0.56 0.455 0.19 0.714 0.283 0.129 0.275 9 
I 0.36 0.28 0.105 0.199 0.0695 0.045 0.08 9 
F 0.53 0.44 0.135 0.7835 0.313 0.1715 0.2185 9 
F 0.465 0.35 0.115 0.421 0.1565 0.091 0.1345 9 
M 0.4 0.29 0.115 0.2795 0.1115 0.0575 0.075 9 
M 0.385 0.3 0.095 0.24 0.0885 0.059 0.085 9 
F 0.435 0.335 0.11 0.38 0.1695 0.086 0.11 9 
I 0.485 0.39 0.125 0.591 0.287 0.141 0.12 9 
F 0.37 0.29 0.115 0.25 0.111 0.057 0.075 9 
F 0.55 0.43 0.14 0.7135 0.2565 0.186 0.225 9 
M 0.345 0.27 0.09 0.195 0.078 0.0455 0.059 9 
M 0.325 0.24 0.075 0.155 0.0475 0.0355 0.06 9 
M 0.31 0.225 0.075 0.1295 0.0455 0.0335 0.044 9 
I 0.475 0.365 0.115 0.49 0.223 0.1235 0.1335 9 
M 0.36 0.295 0.1 0.2105 0.066 0.0525 0.075 9 
M 0.45 0.34 0.13 0.3715 0.1605 0.0795 0.105 9 
F 0.475 0.36 0.125 0.447 0.1695 0.081 0.14 9 
M 0.38 0.29 0.12 0.283 0.1175 0.0655 0.085 9 
F 0.445 0.33 0.105 0.4525 0.18 0.103 0.123 9 
M 0.4 0.3 0.125 0.417 0.191 0.09 0.1175 9 
M 0.52 0.385 0.14 0.6595 0.2485 0.2035 0.16 9 
M 0.455 0.34 0.135 0.462 0.1675 0.158 0.12 9 
F 0.515 0.39 0.13 0.5755 0.1975 0.13 0.1845 9 
F 0.505 0.39 0.16 0.644 0.2475 0.2025 0.1635 9 
M 0.47 0.37 0.18 0.51 0.1915 0.1285 0.1625 9 
M 0.44 0.335 0.11 0.394 0.157 0.096 0.122 9 
I 0.44 0.365 0.115 0.501 0.2435 0.084 0.1465 9 
I 0.475 0.365 0.125 0.5465 0.229 0.1185 0.172 9 
M 0.5 0.4 0.125 0.5975 0.27 0.1275 0.166 9 
M 0.54 0.405 0.125 0.891 0.4815 0.1915 0.202 9 
M 0.555 0.435 0.145 0.9685 0.4985 0.168 0.2385 9 
F 0.575 0.465 0.14 0.958 0.442 0.1815 0.2705 9 
M 0.605 0.455 0.16 1.1035 0.421 0.3015 0.325 9 
M 0.615 0.51 0.15 1.296 0.545 0.3315 0.32 9 
M 0.62 0.5 0.165 1.307 0.6355 0.2545 0.315 9 
F 0.635 0.485 0.165 1.2945 0.668 0.2605 0.2715 9 
M 0.475 0.37 0.125 0.537 0.222 0.1215 0.15 9 
F 0.505 0.39 0.13 0.674 0.3165 0.141 0.1785 9 
F 0.55 0.445 0.155 0.9905 0.544 0.178 0.218 9 
F 0.56 0.455 0.16 0.967 0.4525 0.207 0.274 9 
M 0.575 0.475 0.16 1.114 0.4955 0.2745 0.29 9 
M 0.58 0.49 0.13 1.1335 0.586 0.2565 0.237 9 
M 0.595 0.475 0.165 1.213 0.621 0.2435 0.274 9 
M 0.595 0.455 0.15 1.044 0.518 0.2205 0.27 9 
M 0.605 0.475 0.155 1.161 0.572 0.2455 0.275 9 
F 0.625 0.5 0.165 1.288 0.573 0.3035 0.315 9 
M 0.65 0.495 0.16 1.304 0.57 0.312 0.3725 9 
M 0.66 0.535 0.19 1.5905 0.6425 0.297 0.5175 9 
I 0.51 0.4 0.125 0.5575 0.2615 0.1195 0.1525 9 
M 0.52 0.4 0.145 0.7765 0.3525 0.1845 0.185 9 
I 0.525 0.4 0.14 0.601 0.2625 0.1285 0.1835 9 
I 0.535 0.39 0.125 0.599 0.2595 0.149 0.169 9 
M 0.545 0.41 0.12 0.793 0.434 0.1405 0.19 9 
M 0.56 0.43 0.145 0.8995 0.464 0.1775 0.234 9 
M 0.565 0.455 0.15 0.9595 0.4565 0.2395 0.23 9 
M 0.57 0.46 0.15 1.0375 0.5415 0.2035 0.25 9 
M 0.575 0.435 0.14 0.8455 0.401 0.191 0.222 9 
M 0.575 0.455 0.135 0.907 0.4245 0.197 0.26 9 
M 0.575 0.445 0.145 0.847 0.415 0.1945 0.22 9 
M 0.58 0.445 0.135 0.814 0.3775 0.1915 0.22 9 
F 0.58 0.45 0.155 0.93 0.385 0.246 0.265 9 
F 0.6 0.475 0.16 1.0265 0.485 0.2495 0.2565 9 
F 0.605 0.47 0.165 1.1775 0.611 0.2275 0.292 9 
F 0.605 0.475 0.165 1.056 0.433 0.2195 0.357 9 
F 0.615 0.465 0.15 0.923 0.4615 0.1825 0.2415 9 
F 0.625 0.485 0.175 1.3745 0.7335 0.2715 0.332 9 
F 0.635 0.495 0.015 1.1565 0.5115 0.308 0.2885 9 
F 0.65 0.5 0.19 1.464 0.6415 0.339 0.4245 9 
I 0.665 0.5 0.17 1.2975 0.6035 0.291 0.3595 9 
F 0.69 0.54 0.155 1.454 0.624 0.3105 0.39 9 
F 0.69 0.53 0.17 1.5535 0.7945 0.3485 0.3695 9 
M 0.7 0.565 0.18 1.751 0.895 0.3355 0.446 9 
F 0.7 0.525 0.19 1.6465 0.8545 0.307 0.3995 9 
I 0.385 0.29 0.09 0.2615 0.111 0.0595 0.0745 9 
I 0.44 0.34 0.12 0.438 0.2115 0.083 0.12 9 
I 0.46 0.35 0.105 0.3705 0.1575 0.077 0.114 9 
I 0.48 0.37 0.125 0.5435 0.244 0.101 0.165 9 
I 0.5 0.38 0.135 0.594 0.2945 0.104 0.1565 9 
I 0.5 0.375 0.145 0.5795 0.239 0.1375 0.185 9 
I 0.5 0.395 0.14 0.6215 0.2925 0.1205 0.195 9 
I 0.52 0.395 0.125 0.663 0.3005 0.131 0.1905 9 
I 0.53 0.415 0.13 0.694 0.3905 0.111 0.167 9 
I 0.53 0.415 0.11 0.5745 0.2525 0.1235 0.189 9 
I 0.535 0.4 0.135 0.6025 0.2895 0.121 0.154 9 
M 0.535 0.435 0.15 0.717 0.3475 0.1445 0.194 9 
I 0.54 0.42 0.14 0.7265 0.3205 0.1445 0.229 9 
F 0.55 0.405 0.125 0.651 0.2965 0.137 0.2 9 
I 0.55 0.425 0.135 0.7305 0.3325 0.1545 0.215 9 
I 0.555 0.43 0.14 0.7665 0.341 0.165 0.23 9 
I 0.56 0.425 0.145 0.688 0.3095 0.1305 0.2165 9 
I 0.56 0.455 0.145 0.974 0.547 0.1615 0.235 9 
F 0.57 0.46 0.135 0.9795 0.397 0.2525 0.2655 9 
M 0.57 0.435 0.125 0.8965 0.383 0.1835 0.275 9 
M 0.585 0.465 0.155 0.9145 0.4555 0.1965 0.235 9 
I 0.59 0.445 0.135 0.7715 0.328 0.1745 0.23 9 
F 0.53 0.415 0.15 0.7775 0.237 0.1415 0.33 20 
F 0.595 0.475 0.17 1.247 0.48 0.225 0.425 20 
F 0.725 0.575 0.175 2.124 0.765 0.4515 0.85 20 
M 0.635 0.525 0.205 1.484 0.55 0.3115 0.43 20 
M 0.7 0.58 0.205 2.13 0.7415 0.49 0.58 20 
M 0.595 0.475 0.16 1.3175 0.408 0.234 0.58 21 
M 0.64 0.51 0.175 1.368 0.515 0.266 0.57 21 
