F 0.64 0.525 0.215 1.779 0.4535 0.2855 0.55 22 
F 0.62 0.52 0.225 1.1835 0.378 0.27 0.395 23 
M 0.69 0.54 0.185 1.6195 0.533 0.353 0.555 24 
F 0.55 0.465 0.18 1.2125 0.3245 0.205 0.525 27 
F 0.47 0.355 0.1 0.4755 0.1675 0.0805 0.185 10 
F 0.47 0.36 0.12 0.4775 0.2105 0.1055 0.15 10 
F 0.55 0.45 0.145 0.741 0.295 0.1435 0.2665 10 
F 0.605 0.485 0.16 1.0565 0.37 0.2355 0.355 10 
M 0.53 0.435 0.155 0.699 0.288 0.1595 0.205 10 
M 0.485 0.4 0.135 0.663 0.313 0.137 0.2 10 
F 0.47 0.375 0.125 0.5615 0.252 0.137 0.18 10 
F 0.41 0.325 0.105 0.3635 0.159 0.077 0.12 10 
F 0.455 0.35 0.14 0.5185 0.221 0.1265 0.135 10 
F 0.585 0.435 0.175 0.982 0.4055 0.2495 0.27 10 
M 0.37 0.285 0.1 0.228 0.0675 0.0675 0.081 10 
M 0.36 0.295 0.13 0.2765 0.0895 0.057 0.1005 10 
F 0.485 0.375 0.135 0.556 0.1925 0.1315 0.1685 10 
F 0.55 0.45 0.15 0.875 0.362 0.1755 0.2765 10 
F 0.67 0.585 0.16 1.309 0.5445 0.2945 0.413 10 
M 0.57 0.45 0.155 1.1935 0.513 0.21 0.343 10 
M 0.625 0.49 0.175 1.3325 0.5705 0.271 0.405 10 
M 0.64 0.505 0.155 1.4025 0.705 0.2655 0.335 10 
F 0.645 0.515 0.15 1.212 0.515 0.2055 0.385 10 
F 0.695 0.535 0.175 1.8385 0.8035 0.396 0.503 10 
M 0.645 0.53 0.195 1.39 0.6465 0.2945 0.3735 10 
M 0.685 0.52 0.165 1.519 0.699 0.3685 0.4 10 
M 0.695 0.56 0.185 1.74 0.885 0.3715 0.4375 10 
M 0.715 0.535 0.19 1.6755 0.889 0.313 0.42 10 
F 0.72 0.55 0.2 1.9965 0.9035 0.469 0.5215 10 
M 0.755 0.58 0.205 2.0065 0.8295 0.4015 0.595 10 
I 0.52 0.4 0.13 0.5825 0.233 0.1365 0.18 10 
I 0.53 0.42 0.155 0.81 0.4725 0.111 0.192 10 
F 0.54 0.42 0.145 0.8655 0.4315 0.163 0.2175 10 
I 0.545 0.43 0.15 0.7285 0.302 0.1315 0.2545 10 
I 0.55 0.435 0.14 0.7535 0.3285 0.1555 0.2325 10 
I 0.555 0.43 0.155 0.7395 0.3135 0.1435 0.28 10 
F 0.56 0.445 0.155 1.224 0.5565 0.3225 0.2695 10 
I 0.57 0.45 0.145 0.751 0.2825 0.2195 0.2215 10 
M 0.57 0.435 0.17 0.873 0.382 0.183 0.2705 10 
M 0.575 0.46 0.155 0.892 0.4415 0.176 0.22 10 
M 0.585 0.49 0.185 1.171 0.522 0.2535 0.335 10 
M 0.585 0.46 0.165 1.1135 0.5825 0.2345 0.274 10 
M 0.585 0.475 0.15 1.065 0.5315 0.199 0.2885 10 
M 0.59 0.455 0.155 0.8855 0.388 0.188 0.275 10 
M 0.6 0.475 0.17 1.1315 0.508 0.272 0.309 10 
I 0.6 0.475 0.15 1.12 0.565 0.2465 0.27 10 
M 0.605 0.49 0.14 0.9755 0.419 0.206 0.315 10 
M 0.61 0.45 0.15 0.871 0.407 0.1835 0.25 10 
M 0.61 0.475 0.17 1.0265 0.435 0.2335 0.3035 10 
M 0.61 0.48 0.17 1.137 0.4565 0.29 0.347 10 
M 0.615 0.47 0.165 1.128 0.4465 0.2195 0.34 10 
M 0.615 0.475 0.17 1.129 0.4795 0.302 0.3 10 
F 0.615 0.475 0.155 1.115 0.484 0.2115 0.355 10 
F 0.62 0.5 0.15 1.293 0.596 0.3135 0.354 10 
M 0.635 0.475 0.17 1.1935 0.5205 0.2695 0.3665 10 
M 0.64 0.525 0.18 1.3135 0.4865 0.2995 0.4075 10 
M 0.645 0.5 0.195 1.401 0.6165 0.3515 0.3725 10 
F 0.65 0.51 0.17 1.567 0.7245 0.349 0.391 10 
F 0.655 0.52 0.19 1.4545 0.6 0.3865 0.383 10 
F 0.66 0.495 0.21 1.548 0.724 0.3525 0.3925 10 
F 0.665 0.53 0.18 1.491 0.6345 0.342 0.435 10 
F 0.67 0.505 0.175 1.0145 0.4375 0.271 0.3745 10 
M 0.705 0.565 0.515 2.21 1.1075 0.4865 0.512 10 
M 0.62 0.485 0.155 1.049 0.462 0.231 0.25 10 
M 0.625 0.52 0.175 1.4105 0.691 0.322 0.3465 10 
F 0.63 0.5 0.175 1.1105 0.467 0.268 0.329 10 
F 0.63 0.49 0.225 1.336 0.6805 0.259 0.3245 10 
F 0.645 0.515 0.175 1.546 0.7035 0.365 0.415 10 
F 0.65 0.545 0.175 1.5245 0.59 0.326 0.495 10 
M 0.66 0.505 0.165 1.374 0.589 0.351 0.345 10 
M 0.67 0.51 0.175 1.5265 0.651 0.4475 0.345 10 
M 0.705 0.56 0.165 1.675 0.797 0.4095 0.388 10 
M 0.74 0.57 0.18 1.8725 0.9115 0.427 0.446 10 
I 0.455 0.36 0.115 0.457 0.2085 0.0855 0.147 10 
I 0.515 0.35 0.105 0.4745 0.213 0.123 0.1275 10 
I 0.53 0.43 0.135 0.6255 0.245 0.1455 0.2135 10 
M 0.54 0.455 0.14 0.972 0.419 0.255 0.269 10 
I 0.54 0.425 0.13 0.7205 0.2955 0.169 0.225 10 
M 0.55 0.435 0.14 0.7625 0.327 0.1685 0.259 10 
I 0.56 0.445 0.15 0.8225 0.3685 0.187 0.236 10 
M 0.565 0.43 0.15 0.831 0.4245 0.1735 0.219 10 
I 0.57 0.43 0.145 0.833 0.354 0.144 0.2815 10 
I 0.575 0.425 0.135 0.7965 0.364 0.196 0.239 10 
M 0.575 0.47 0.185 0.985 0.3745 0.2175 0.355 10 
I 0.575 0.45 0.135 0.807 0.3615 0.176 0.254 10 
M 0.58 0.46 0.155 1.0335 0.469 0.2225 0.295 10 
F 0.585 0.445 0.14 0.913 0.4305 0.2205 0.253 10 
M 0.595 0.45 0.14 0.838 0.3965 0.194 0.217 10 
F 0.6 0.48 0.18 1.0645 0.4495 0.2455 0.325 10 
M 0.6 0.47 0.16 1.194 0.5625 0.3045 0.2635 10 
M 0.61 0.475 0.155 0.983 0.4565 0.228 0.266 10 
F 0.61 0.475 0.16 1.1155 0.3835 0.223 0.379 10 
M 0.615 0.47 0.16 1.0175 0.473 0.2395 0.28 10 
I 0.62 0.45 0.135 0.924 0.358 0.2265 0.2965 10 
M 0.625 0.475 0.16 1.0845 0.5005 0.2355 0.3105 10 
F 0.625 0.485 0.175 1.362 0.6765 0.2615 0.3705 10 
M 0.63 0.485 0.165 1.233 0.6565 0.2315 0.3035 10 
F 0.635 0.49 0.175 1.2435 0.5805 0.313 0.305 10 
F 0.64 0.505 0.165 1.2235 0.5215 0.2695 0.36 10 
M 0.645 0.51 0.195 1.226 0.5885 0.2215 0.3745 10 
F 0.645 0.51 0.19 1.363 0.573 0.362 0.36 10 
M 0.655 0.55 0.18 1.274 0.586 0.281 0.365 10 
M 0.66 0.53 0.195 1.5505 0.6505 0.3295 0.495 10 
F 0.67 0.55 0.155 1.566 0.858 0.339 0.354 10 
F 0.675 0.51 0.195 1.382 0.6045 0.3175 0.3965 10 
M 0.7 0.565 0.175 1.8565 0.8445 0.3935 0.54 10 
F 0.71 0.54 0.205 1.5805 0.802 0.287 0.435 10 
M 0.72 0.57 0.2 1.8275 0.919 0.366 0.485 10 
I 0.465 0.325 0.14 0.7615 0.362 0.1535 0.209 10 
M 0.525 0.365 0.17 0.9605 0.438 0.2225 0.276 10 
F 0.545 0.415 0.2 1.358 0.567 0.318 0.403 10 
F 0.55 0.38 0.165 1.205 0.543 0.294 0.3345 10 
M 0.575 0.44 0.185 1.025 0.5075 0.2245 0.2485 10 
F 0.58 0.43 0.17 1.48 0.6535 0.324 0.4155 10 
M 0.605 0.475 0.15 1.15 0.575 0.232 0.297 10 
F 0.615 0.455 0.145 1.1155 0.5045 0.238 0.315 10 
F 0.635 0.475 0.15 1.1845 0.533 0.307 0.291 10 
M 0.65 0.485 0.16 1.7395 0.5715 0.2785 0.3075 10 
M 0.655 0.545 0.19 1.4245 0.6325 0.333 0.378 10 
F 0.58 0.45 0.185 0.9955 0.3945 0.272 0.285 11 
F 0.49 0.375 0.135 0.6125 0.2555 0.102 0.22 11 
M 0.38 0.285 0.1 0.2665 0.115 0.061 0.075 11 
F 0.545 0.415 0.15 0.7335 0.2795 0.163 0.2185 11 
I 0.495 0.39 0.125 0.6655 0.284 0.162 0.2 11 
M 0.59 0.44 0.15 0.9555 0.366 0.2425 0.295 11 
M 0.6 0.495 0.175 1.29 0.606 0.276 0.3445 11 
F 0.695 0.56 0.22 1.834 0.8455 0.422 0.455 11 
F 0.595 0.45 0.15 1.114 0.5865 0.2205 0.25 11 
M 0.61 0.47 0.15 1.1625 0.565 0.258 0.3085 11 
F 0.735 0.6 0.22 2.555 1.1335 0.44 0.6 11 
M 0.655 0.515 0.16 1.31 0.553 0.369 0.345 11 
F 0.75 0.57 0.21 2.236 1.109 0.5195 0.545 11 
I 0.565 0.44 0.175 0.8735 0.414 0.21 0.21 11 
M 0.565 0.39 0.125 0.744 0.352 0.13 0.1685 11 
M 0.6 0.48 0.155 1.014 0.451 0.1885 0.325 11 
M 0.6 0.46 0.155 0.9595 0.4455 0.189 0.295 11 
I 0.605 0.435 0.13 0.9025 0.432 0.174 0.26 11 
F 0.625 0.505 0.175 1.15 0.5475 0.256 0.3045 11 
I 0.63 0.505 0.18 1.272 0.6025 0.295 0.315 11 
M 0.645 0.51 0.16 1.1835 0.556 0.2385 0.345 11 
F 0.65 0.505 0.165 1.16 0.4785 0.274 0.349 11 
F 0.67 0.53 0.225 1.5615 0.63 0.487 0.3725 11 
F 0.695 0.565 0.19 1.7635 0.7465 0.399 0.4975 11 
M 0.705 0.555 0.215 2.141 1.0465 0.383 0.528 11 
F 0.71 0.55 0.17 1.614 0.743 0.345 0.45 11 
F 0.725 0.6 0.2 1.737 0.697 0.3585 0.595 11 
F 0.605 0.485 0.165 0.9515 0.4535 0.193 0.2765 11 
F 0.61 0.485 0.17 1.1005 0.5125 0.229 0.305 11 
M 0.625 0.47 0.18 1.136 0.451 0.3245 0.305 11 
M 0.63 0.48 0.15 1.271 0.6605 0.2425 0.31 11 
M 0.645 0.51 0.155 1.539 0.6405 0.3585 0.43 11 
F 0.655 0.54 0.215 1.5555 0.695 0.296 0.444 11 
M 0.68 0.515 0.17 1.6115 0.8415 0.306 0.395 11 
F 0.7 0.55 0.17 1.684 0.7535 0.3265 0.32 11 
M 0.75 0.55 0.18 1.893 0.942 0.397 0.445 11 
I 0.53 0.42 0.13 0.8365 0.3745 0.167 0.249 11 
I 0.555 0.46 0.145 0.9005 0.3845 0.158 0.2765 11 
I 0.59 0.46 0.145 0.9015 0.419 0.1785 0.26 11 
F 0.605 0.505 0.18 1.434 0.7285 0.264 0.431 11 
F 0.62 0.54 0.165 1.139 0.4995 0.2435 0.357 11 
M 0.625 0.49 0.165 1.1165 0.4895 0.2615 0.3325 11 
M 0.63 0.49 0.17 1.1745 0.5255 0.273 0.339 11 
M 0.64 0.525 0.185 1.707 0.763 0.4205 0.4435 11 
M 0.65 0.525 0.185 1.488 0.665 0.337 0.378 11 
F 0.655 0.505 0.195 1.4405 0.688 0.3805 0.363 11 
M 0.665 0.525 0.175 1.443 0.6635 0.3845 0.353 11 
M 0.67 0.52 0.165 1.39 0.711 0.2865 0.3 11 
F 0.68 0.51 0.2 1.6075 0.714 0.339 0.4705 11 
F 0.705 0.545 0.17 1.58 0.6435 0.4565 0.265 11 
M 0.71 0.56 0.22 2.015 0.9215 0.454 0.566 11 
M 0.735 0.59 0.215 1.747 0.7275 0.403 0.557 11 
F 0.75 0.565 0.215 1.938 0.7735 0.4825 0.575 11 
M 0.6 0.495 0.175 1.3005 0.6195 0.284 0.3285 11 
F 0.61 0.475 0.15 1.1135 0.5195 0.2575 0.3005 11 
M 0.625 0.49 0.185 1.169 0.5275 0.2535 0.344 11 
M 0.65 0.525 0.19 1.6125 0.777 0.3685 0.3965 11 
F 0.665 0.515 0.185 1.3405 0.5595 0.293 0.4375 11 
M 0.695 0.53 0.19 1.726 0.7625 0.436 0.455 11 
M 0.72 0.56 0.18 1.5865 0.691 0.375 0.4425 11 
I 0.42 0.325 0.1 0.368 0.1675 0.0625 0.1135 11 
I 0.505 0.405 0.13 0.599 0.2245 0.1175 0.225 11 
F 0.565 0.445 0.125 0.8305 0.3135 0.1785 0.23 11 
M 0.565 0.455 0.155 0.9355 0.421 0.183 0.26 11 
M 0.57 0.46 0.155 1.0005 0.454 0.205 0.265 11 
M 0.575 0.455 0.155 1.013 0.4685 0.2085 0.295 11 
F 0.6 0.47 0.135 0.97 0.4655 0.1955 0.264 11 
F 0.6 0.465 0.16 1.133 0.466 0.2885 0.298 11 
F 0.61 0.47 0.165 1.1785 0.566 0.2785 0.294 11 
M 0.62 0.49 0.16 1.035 0.44 0.2525 0.285 11 
F 0.62 0.495 0.17 1.062 0.372 0.213 0.34 11 
M 0.625 0.495 0.155 1.0485 0.487 0.212 0.3215 11 
F 0.625 0.445 0.16 1.09 0.46 0.2965 0.304 11 
F 0.635 0.485 0.165 1.2695 0.5635 0.3065 0.3395 11 
F 0.635 0.505 0.155 1.2895 0.594 0.314 0.345 11 
M 0.64 0.53 0.165 1.1895 0.4765 0.3 0.35 11 
F 0.64 0.485 0.185 1.4195 0.6735 0.3465 0.3255 11 
M 0.645 0.49 0.175 1.32 0.6525 0.2375 0.3385 11 
F 0.655 0.515 0.18 1.412 0.6195 0.2485 0.497 11 
M 0.66 0.51 0.175 1.218 0.5055 0.303 0.37 11 
M 0.675 0.515 0.15 1.312 0.556 0.2845 0.4115 11 
M 0.69 0.55 0.18 1.6915 0.6655 0.402 0.5 11 
M 0.72 0.565 0.19 2.081 1.0815 0.4305 0.503 11 
F 0.75 0.55 0.195 1.8325 0.83 0.366 0.44 11 
M 0.545 0.44 0.14 0.8395 0.356 0.1905 0.2385 11 
I 0.55 0.42 0.115 0.668 0.2925 0.137 0.209 11 
F 0.585 0.485 0.15 1.079 0.4145 0.2115 0.356 11 
M 0.685 0.55 0.2 1.7725 0.813 0.387 0.49 11 
M 0.72 0.585 0.22 1.914 0.9155 0.448 0.479 11 
F 0.505 0.385 0.115 0.616 0.243 0.1075 0.21 11 
F 0.505 0.375 0.18 0.568 0.2325 0.1495 0.17 12 
I 0.435 0.33 0.125 0.406 0.1685 0.1055 0.096 12 
F 0.44 0.345 0.17 0.4085 0.15 0.0825 0.1515 12 
F 0.38 0.305 0.105 0.281 0.1045 0.0615 0.09 12 
M 0.54 0.415 0.145 0.74 0.2635 0.168 0.245 12 
M 0.395 0.295 0.115 0.316 0.1205 0.0595 0.1105 12 
F 0.48 0.375 0.105 0.525 0.2185 0.1195 0.155 12 
M 0.52 0.385 0.115 0.669 0.2385 0.172 0.205 12 
M 0.505 0.385 0.15 0.6415 0.246 0.152 0.215 12 
M 0.495 0.385 0.135 0.709 0.211 0.1375 0.262 12 
M 0.575 0.45 0.165 0.9215 0.3275 0.225 0.256 12 
F 0.52 0.41 0.115 0.807 0.2855 0.179 0.235 12 
M 0.59 0.46 0.13 1.102 0.455 0.2055 0.33 12 
M 0.615 0.505 0.165 1.34 0.5315 0.2815 0.41 12 
F 0.675 0.525 0.17 1.8095 0.784 0.391 0.455 12 
M 0.68 0.535 0.185 1.607 0.7245 0.3215 0.498 12 
M 0.69 0.53 0.21 1.583 0.7355 0.405 0.3865 12 
M 0.715 0.55 0.19 2.0045 1.0465 0.407 0.5075 12 
M 0.725 0.505 0.185 1.978 1.026 0.4255 0.4505 12 
F 0.595 0.465 0.155 1.026 0.4645 0.112 0.305 12 
F 0.605 0.47 0.16 1.0835 0.5405 0.2215 0.275 12 
M 0.62 0.495 0.18 1.2555 0.5765 0.254 0.355 12 
F 0.625 0.48 0.155 1.2035 0.5865 0.239 0.3185 12 
M 0.63 0.485 0.145 1.062 0.5065 0.1785 0.3365 12 
F 0.7 0.545 0.13 1.556 0.6725 0.374 0.195 12 
F 0.735 0.565 0.205 2.1275 0.949 0.46 0.565 12 
F 0.68 0.5 0.185 1.741 0.7665 0.3255 0.4685 12 
M 0.72 0.565 0.2 2.1055 1.017 0.363 0.494 12 
I 0.55 0.42 0.135 0.816 0.3995 0.1485 0.23 12 
I 0.57 0.445 0.145 0.7405 0.306 0.172 0.1825 12 
F 0.61 0.485 0.15 1.2405 0.6025 0.2915 0.3085 12 
I 0.62 0.485 0.18 1.154 0.4935 0.256 0.315 12 
M 0.62 0.48 0.15 1.266 0.6285 0.2575 0.309 12 
I 0.625 0.47 0.155 1.1955 0.643 0.2055 0.3145 12 
M 0.635 0.5 0.17 1.4345 0.611 0.309 0.418 12 
M 0.645 0.5 0.175 1.286 0.5645 0.288 0.386 12 
F 0.645 0.48 0.19 1.371 0.6925 0.2905 0.35 12 
F 0.66 0.535 0.175 1.5175 0.711 0.3125 0.415 12 
M 0.665 0.52 0.175 1.3725 0.606 0.32 0.395 12 
F 0.69 0.55 0.2 1.569 0.687 0.3675 0.46 12 
F 0.71 0.57 0.195 1.9805 0.9925 0.4925 0.48 12 
F 0.74 0.565 0.205 2.119 0.9655 0.5185 0.482 12 
M 0.775 0.63 0.25 2.7795 1.3485 0.76 0.578 12 
F 0.615 0.495 0.16 1.255 0.5815 0.3195 0.3225 12 
M 0.62 0.485 0.155 1.0295 0.425 0.2315 0.335 12 
M 0.635 0.525 0.16 1.195 0.5435 0.246 0.335 12 
F 0.645 0.51 0.18 1.6195 0.7815 0.322 0.4675 12 
M 0.665 0.515 0.2 1.2695 0.5115 0.2675 0.436 12 
F 0.67 0.53 0.205 1.4015 0.643 0.2465 0.416 12 
F 0.575 0.46 0.165 1.124 0.2985 0.1785 0.44 13 
F 0.53 0.435 0.17 0.8155 0.2985 0.155 0.275 13 
I 0.48 0.37 0.12 0.514 0.2075 0.131 0.155 13 
I 0.52 0.4 0.145 0.66 0.267 0.1055 0.22 13 
F 0.39 0.3 0.1 0.265 0.1075 0.06 0.0865 13 
M 0.415 0.345 0.135 0.3865 0.128 0.07 0.148 13 
F 0.51 0.4 0.13 0.5735 0.219 0.1365 0.195 13 
F 0.535 0.4 0.15 0.8045 0.3345 0.2125 0.21 13 
F 0.43 0.335 0.12 0.444 0.155 0.1145 0.14 13 
M 0.555 0.455 0.16 1.0575 0.3925 0.228 0.293 13 
M 0.505 0.4 0.125 0.77 0.2735 0.159 0.255 13 
M 0.545 0.42 0.13 0.879 0.374 0.1695 0.23 13 
F 0.51 0.39 0.105 0.612 0.187 0.15 0.195 13 
F 0.58 0.455 0.165 1.1365 0.369 0.3005 0.275 13 
M 0.62 0.505 0.185 1.5275 0.69 0.368 0.35 13 
M 0.57 0.44 0.155 1.116 0.4775 0.2315 0.27 13 
F 0.59 0.445 0.13 1.1325 0.3825 0.234 0.32 13 
M 0.49 0.38 0.14 0.6385 0.2305 0.142 0.195 13 
M 0.56 0.41 0.165 0.93 0.3505 0.237 0.3 13 
I 0.515 0.42 0.135 0.711 0.337 0.144 0.205 13 
M 0.655 0.535 0.205 1.6445 0.7305 0.3595 0.46 13 
M 0.675 0.545 0.185 1.7375 0.876 0.3135 0.469 13 
F 0.72 0.575 0.17 1.9335 0.913 0.389 0.51 13 
M 0.725 0.575 0.24 2.21 1.351 0.413 0.5015 13 
M 0.575 0.44 0.16 0.9615 0.483 0.166 0.275 13 
M 0.62 0.515 0.175 1.221 0.535 0.241 0.395 13 
F 0.67 0.52 0.19 1.32 0.5235 0.3095 0.4275 13 
M 0.72 0.55 0.205 2.125 1.1455 0.4425 0.511 13 
F 0.705 0.545 0.18 1.5395 0.6075 0.3675 0.4645 13 
M 0.57 0.415 0.13 0.88 0.4275 0.1955 0.238 13 
F 0.65 0.51 0.155 1.189 0.483 0.278 0.3645 13 
M 0.695 0.545 0.185 1.5715 0.6645 0.3835 0.4505 13 
M 0.7 0.55 0.195 1.6245 0.675 0.347 0.535 13 
M 0.76 0.605 0.215 2.173 0.801 0.4915 0.646 13 
F 0.645 0.5 0.17 1.1845 0.4805 0.274 0.355 13 
I 0.43 0.325 0.11 0.3675 0.1355 0.0935 0.12 13 
M 0.695 0.55 0.215 1.9565 0.7125 0.541 0.59 14 
M 0.515 0.38 0.175 0.9565 0.325 0.158 0.31 14 
M 0.56 0.44 0.14 0.971 0.443 0.2045 0.265 14 
F 0.62 0.51 0.205 1.3475 0.4775 0.2565 0.48 14 
F 0.67 0.54 0.165 1.5015 0.518 0.358 0.505 14 
I 0.385 0.305 0.095 0.252 0.0915 0.055 0.09 14 
F 0.645 0.55 0.175 1.2915 0.57 0.3045 0.33 14 
F 0.57 0.455 0.165 1.0595 0.44 0.2195 0.285 14 
I 0.525 0.405 0.15 0.795 0.3075 0.205 0.255 14 
I 0.45 0.345 0.135 0.443 0.1975 0.0875 0.1175 14 
I 0.55 0.425 0.15 0.806 0.376 0.171 0.245 14 
M 0.45 0.335 0.14 0.4625 0.164 0.076 0.15 14 
I 0.44 0.345 0.12 0.487 0.1965 0.108 0.16 14 
M 0.475 0.385 0.145 0.6175 0.235 0.108 0.215 14 
F 0.48 0.385 0.135 0.536 0.1895 0.142 0.173 14 
M 0.535 0.41 0.135 0.862 0.2855 0.1525 0.32 14 
F 0.535 0.42 0.15 0.7365 0.2785 0.186 0.215 14 
M 0.535 0.42 0.13 0.8055 0.301 0.181 0.28 14 
M 0.64 0.51 0.19 1.613 0.6215 0.361 0.47 14 
M 0.63 0.505 0.165 1.26 0.4525 0.2755 0.406 14 
F 0.75 0.61 0.235 2.5085 1.232 0.519 0.612 14 
M 0.645 0.5 0.19 1.5595 0.741 0.3715 0.3845 14 
F 0.725 0.565 0.21 2.1425 1.03 0.487 0.503 14 
F 0.68 0.56 0.165 1.639 0.6055 0.2805 0.46 15 
M 0.695 0.56 0.19 1.494 0.588 0.3425 0.485 15 
M 0.53 0.435 0.16 0.883 0.316 0.164 0.335 15 
M 0.6 0.495 0.165 1.2415 0.485 0.2775 0.34 15 
M 0.605 0.47 0.18 1.1405 0.3755 0.2805 0.385 15 
F 0.625 0.515 0.15 1.2415 0.5235 0.3065 0.36 15 
F 0.625 0.5 0.15 0.953 0.3445 0.2235 0.305 15 
M 0.6 0.47 0.175 1.105 0.4865 0.247 0.315 15 
F 0.5 0.375 0.14 0.604 0.242 0.1415 0.179 15 
I 0.45 0.35 0.145 0.525 0.2085 0.1 0.1655 15 
I 0.465 0.36 0.105 0.498 0.214 0.116 0.14 15 
F 0.485 0.38 0.15 0.605 0.2155 0.14 0.18 15 
M 0.565 0.44 0.185 0.909 0.344 0.2325 0.255 15 
M 0.555 0.44 0.15 1.092 0.416 0.212 0.4405 15 
F 0.52 0.4 0.12 0.6515 0.261 0.2015 0.165 15 
M 0.695 0.515 0.175 1.5165 0.578 0.4105 0.39 15 
F 0.605 0.495 0.19 1.437 0.469 0.2655 0.41 15 
M 0.585 0.405 0.15 1.2565 0.435 0.202 0.325 15 
M 0.59 0.45 0.185 1.283 0.473 0.276 0.425 16 
F 0.6 0.48 0.15 1.029 0.4085 0.2705 0.295 16 
F 0.65 0.545 0.165 1.566 0.6645 0.3455 0.415 16 
M 0.59 0.485 0.12 0.911 0.39 0.182 0.29 16 
F 0.63 0.5 0.155 1.005 0.367 0.199 0.36 16 
M 0.565 0.455 0.185 0.9265 0.354 0.1575 0.375 16 
F 0.675 0.535 0.16 1.41 0.592 0.3175 0.42 16 
M 0.66 0.545 0.185 1.32 0.5305 0.2635 0.455 16 
I 0.56 0.445 0.155 0.8735 0.3005 0.209 0.275 16 
I 0.45 0.35 0.14 0.474 0.21 0.109 0.1275 16 
F 0.56 0.445 0.195 0.981 0.305 0.2245 0.335 16 
M 0.54 0.435 0.18 0.996 0.3835 0.226 0.325 17 
F 0.625 0.485 0.19 1.1745 0.4385 0.2305 0.42 17 
I 0.65 0.515 0.16 1.1625 0.495 0.203 0.33 17 
F 0.57 0.44 0.14 0.9535 0.3785 0.201 0.305 17 
I 0.535 0.42 0.145 0.926 0.398 0.1965 0.25 17 
F 0.5 0.385 0.105 0.498 0.1795 0.1095 0.17 17 
F 0.555 0.435 0.165 0.97 0.336 0.2315 0.295 17 
F 0.5 0.38 0.155 0.655 0.2405 0.143 0.205 17 
F 0.49 0.36 0.11 0.5005 0.161 0.107 0.195 17 
F 0.52 0.405 0.14 0.8175 0.2795 0.183 0.26 17 
M 0.605 0.49 0.18 1.227 0.48 0.287 0.35 18 
F 0.575 0.45 0.17 1.0475 0.3775 0.1705 0.385 18 
M 0.565 0.455 0.17 0.9065 0.342 0.156 0.32 18 
I 0.525 0.41 0.175 0.874 0.3585 0.207 0.205 18 
I 0.495 0.37 0.125 0.4775 0.185 0.0705 0.169 18 
I 0.58 0.49 0.195 1.3165 0.5305 0.254 0.41 18 
M 0.525 0.425 0.12 0.8665 0.2825 0.176 0.29 18 
M 0.63 0.515 0.16 1.016 0.4215 0.244 0.355 19 
F 0.68 0.58 0.2 1.787 0.585 0.453 0.6 19 
M 0.6 0.5 0.16 1.015 0.3995 0.1735 0.33 19 
F 0.605 0.485 0.165 1.0105 0.435 0.209 0.3 19 
F 0.645 0.525 0.19 1.4635 0.6615 0.3435 0.435 19 
I 0.11 0.09 0.03 0.008 0.0025 0.002 0.003 3 
M 0.155 0.11 0.04 0.0155 0.0065 0.003 0.005 3 
M 0.175 0.125 0.04 0.024 0.0095 0.006 0.005 4 
I 0.165 0.11 0.02 0.019 0.0065 0.0025 0.005 4 
I 0.18 0.125 0.035 0.0265 0.0095 0.0055 0.0085 4 
I 0.255 0.18 0.055 0.083 0.031 0.0215 0.02 4 
I 0.3 0.235 0.08 0.131 0.05 0.0265 0.043 4 
I 0.185 0.13 0.045 0.029 0.012 0.0075 0.0095 4 
I 0.195 0.135 0.04 0.0325 0.0135 0.005 0.0095 4 
I 0.225 0.165 0.055 0.059 0.027 0.0125 0.015 4 
I 0.245 0.205 0.06 0.0765 0.034 0.014 0.0215 4 
I 0.36 0.27 0.085 0.196 0.0875 0.035 0.064 4 
I 0.205 0.15 0.055 0.042 0.0255 0.015 0.012 5 
I 0.23 0.175 0.065 0.0645 0.026 0.0105 0.02 5 
I 0.265 0.205 0.07 0.1055 0.039 0.041 0.035 5 
I 0.235 0.175 0.04 0.0705 0.0335 0.015 0.02 5 
I 0.175 0.125 0.05 0.0235 0.008 0.0035 0.008 5 
I 0.32 0.24 0.09 0.1575 0.07 0.0265 0.0425 5 
I 0.34 0.25 0.075 0.1785 0.0665 0.0455 0.045 5 
I 0.42 0.32 0.115 0.376 0.169 0.092 0.1 5 
I 0.25 0.18 0.065 0.0685 0.0245 0.0155 0.0225 5 
I 0.285 0.22 0.065 0.096 0.0405 0.0205 0.03 5 
I 0.34 0.265 0.08 0.2015 0.09 0.0475 0.055 5 
I 0.25 0.185 0.065 0.0685 0.0295 0.014 0.0225 5 
I 0.305 0.215 0.065 0.1075 0.044 0.0205 0.038 5 
I 0.33 0.205 0.095 0.1595 0.077 0.032 0.0435 5 
I 0.345 0.255 0.085 0.2005 0.105 0.037 0.05 5 
I 0.375 0.29 0.095 0.213 0.096 0.041 0.061 5 
I 0.395 0.27 0.1 0.2985 0.1445 0.061 0.082 5 
I 0.365 0.255 0.08 0.1985 0.0785 0.0345 0.053 5 
I 0.385 0.3 0.09 0.247 0.1225 0.044 0.0675 5 
I 0.41 0.32 0.095 0.2905 0.141 0.063 0.073 5 
I 0.36 0.28 0.08 0.1755 0.081 0.0505 0.07 6 
M 0.27 0.195 0.08 0.1 0.0385 0.0195 0.03 6 
I 0.35 0.27 0.09 0.2055 0.075 0.0575 0.062 6 
I 0.4 0.31 0.1 0.306 0.13 0.06 0.094 6 
I 0.315 0.235 0.075 0.1485 0.0585 0.0375 0.0425 6 
I 0.375 0.28 0.09 0.215 0.084 0.06 0.055 6 
I 0.415 0.33 0.09 0.3595 0.17 0.081 0.09 6 
I 0.44 0.345 0.13 0.4495 0.209 0.0835 0.134 6 
M 0.48 0.375 0.115 0.6765 0.3205 0.1065 0.17 6 
I 0.315 0.235 0.055 0.151 0.065 0.027 0.039 6 
I 0.4 0.32 0.095 0.348 0.194 0.053 0.087 6 
I 0.42 0.31 0.095 0.279 0.1255 0.051 0.088 6 
I 0.435 0.33 0.11 0.413 0.2055 0.096 0.096 6 
I 0.45 0.34 0.12 0.4925 0.241 0.1075 0.12 6 
I 0.47 0.38 0.125 0.4845 0.211 0.1075 0.142 6 
M 0.5 0.39 0.125 0.5215 0.2485 0.117 0.131 6 
F 0.51 0.4 0.125 0.545 0.261 0.115 0.1385 6 
I 0.185 0.375 0.12 0.4645 0.196 0.1045 0.15 6 
I 0.275 0.195 0.09 0.1125 0.0545 0.0295 0.0355 6 
I 0.325 0.225 0.075 0.139 0.0565 0.032 0.09 6 
I 0.34 0.25 0.09 0.179 0.0775 0.033 0.055 6 
I 0.35 0.27 0.075 0.215 0.1 0.036 0.065 6 
I 0.37 0.28 0.085 0.217 0.1095 0.035 0.062 6 
I 0.375 0.275 0.09 0.218 0.093 0.0405 0.0755 6 
I 0.38 0.275 0.11 0.256 0.11 0.0535 0.0755 6 
I 0.405 0.285 0.09 0.2645 0.1265 0.0505 0.075 6 
I 0.42 0.305 0.09 0.328 0.168 0.0615 0.082 6 
I 0.37 0.27 0.095 0.232 0.1325 0.041 0.0615 6 
I 0.4 0.29 0.11 0.329 0.188 0.0455 0.0825 6 
I 0.405 0.3 0.105 0.304 0.1455 0.061 0.0805 6 
I 0.43 0.34 0.105 0.4405 0.2385 0.0745 0.1075 6 
M 0.45 0.335 0.125 0.4475 0.2165 0.126 0.11 6 
I 0.47 0.35 0.125 0.4315 0.19 0.1165 0.1175 6 
I 0.485 0.38 0.12 0.4725 0.2075 0.1075 0.147 6 
M 0.485 0.37 0.13 0.526 0.2485 0.105 0.1555 6 
I 0.295 0.215 0.07 0.121 0.047 0.0155 0.0405 6 
I 0.305 0.225 0.09 0.1465 0.063 0.034 0.0415 6 
I 0.355 0.27 0.075 0.1775 0.079 0.0315 0.054 6 
I 0.37 0.27 0.095 0.2175 0.097 0.046 0.065 6 
I 0.38 0.29 0.1 0.237 0.108 0.0395 0.082 6 
I 0.435 0.325 0.11 0.367 0.1595 0.08 0.105 6 
F 0.515 0.375 0.11 0.6065 0.3005 0.131 0.15 6 
I 0.455 0.335 0.105 0.422 0.229 0.0865 0.1 6 
I 0.34 0.26 0.085 0.1885 0.0815 0.0335 0.06 6 
I 0.365 0.27 0.085 0.197 0.0815 0.0325 0.065 6 
I 0.365 0.27 0.075 0.2215 0.095 0.0445 0.07 6 
I 0.405 0.3 0.09 0.269 0.103 0.067 0.11 6 
M 0.365 0.295 0.08 0.2555 0.097 0.043 0.1 7 
M 0.45 0.345 0.105 0.4115 0.18 0.1125 0.135 7 
I 0.36 0.265 0.095 0.2315 0.105 0.046 0.075 7 
I 0.35 0.26 0.095 0.211 0.086 0.056 0.068 7 
M 0.335 0.25 0.09 0.181 0.0755 0.0415 0.06 7 
I 0.275 0.215 0.075 0.1155 0.0485 0.029 0.035 7 
I 0.345 0.27 0.11 0.2135 0.082 0.0545 0.07 7 
I 0.355 0.275 0.09 0.251 0.097 0.053 0.08 7 
I 0.44 0.345 0.12 0.365 0.1655 0.083 0.11 7 
M 0.295 0.215 0.075 0.129 0.05 0.0295 0.04 7 
F 0.435 0.325 0.115 0.3915 0.154 0.094 0.12 7 
I 0.325 0.25 0.08 0.176 0.0595 0.0355 0.063 7 
M 0.405 0.305 0.12 0.3185 0.1235 0.0905 0.095 7 
I 0.325 0.25 0.08 0.1735 0.0765 0.0345 0.049 7 
I 0.385 0.3 0.1 0.2895 0.1215 0.063 0.09 7 
I 0.345 0.265 0.1 0.2455 0.111 0.0535 0.065 7 
I 0.43 0.325 0.09 0.425 0.217 0.087 0.095 7 
I 0.455 0.355 0.125 0.5325 0.225 0.126 0.1465 7 
I 0.465 0.37 0.115 0.534 0.261 0.098 0.143 7 
M 0.5 0.4 0.125 0.6725 0.336 0.12 0.1825 7 
I 0.51 0.405 0.135 0.769 0.3655 0.1585 0.18 7 
I 0.42 0.3 0.105 0.316 0.1255 0.07 0.1035 7 
I 0.44 0.33 0.11 0.3705 0.1545 0.084 0.12 7 
M 0.49 0.465 0.125 0.5225 0.235 0.13 0.141 7 
F 0.52 0.46 0.15 1.019 0.523 0.1985 0.254 7 
M 0.545 0.39 0.135 0.7835 0.4225 0.1815 0.156 7 
F 0.575 0.46 0.145 0.9945 0.466 0.229 0.265 7 
M 0.585 0.465 0.16 0.9555 0.4595 0.236 0.265 7 
I 0.33 0.25 0.095 0.2085 0.102 0.0395 0.052 7 
I 0.365 0.27 0.085 0.196 0.0825 0.0375 0.06 7 
I 0.37 0.29 0.09 0.2445 0.089 0.0655 0.075 7 
I 0.375 0.27 0.085 0.218 0.0945 0.039 0.07 7 
I 0.39 0.3 0.095 0.3265 0.1665 0.0575 0.089 7 
I 0.41 0.335 0.11 0.33 0.157 0.0705 0.17 7 
I 0.425 0.32 0.1 0.3055 0.126 0.06 0.106 7 
I 0.435 0.315 0.11 0.3685 0.1615 0.0715 0.12 7 
I 0.46 0.36 0.105 0.466 0.2225 0.099 0.11 7 
I 0.495 0.38 0.13 0.5125 0.2185 0.116 0.16 7 
I 0.5 0.375 0.125 0.5695 0.259 0.124 0.157 7 
I 0.515 0.38 0.12 0.625 0.3265 0.1295 0.16 7 
I 0.365 0.265 0.135 0.2215 0.105 0.047 0.0605 7 
I 0.405 0.29 0.09 0.2825 0.112 0.075 0.0815 7 
I 0.455 0.335 0.135 0.501 0.274 0.0995 0.1065 7 
I 0.475 0.365 0.115 0.459 0.2175 0.093 0.1165 7 
I 0.48 0.36 0.125 0.542 0.2795 0.1025 0.147 7 
F 0.495 0.38 0.12 0.573 0.2655 0.1285 0.144 7 
I 0.515 0.4 0.125 0.5625 0.25 0.1245 0.17 7 
I 0.355 0.26 0.09 0.1985 0.0715 0.0495 0.058 7 
I 0.36 0.265 0.075 0.1845 0.083 0.0365 0.055 7 
I 0.375 0.28 0.08 0.2165 0.0935 0.0925 0.07 7 
I 0.385 0.28 0.095 0.257 0.119 0.059 0.07 7 
I 0.39 0.3 0.09 0.252 0.1065 0.053 0.08 7 
I 0.415 0.325 0.1 0.313 0.139 0.0625 0.0965 7 
I 0.425 0.315 0.08 0.303 0.131 0.0585 0.095 7 
I 0.45 0.335 0.11 0.4195 0.181 0.085 0.1345 7 
I 0.46 0.355 0.11 0.4255 0.2015 0.081 0.13 7 
M 0.475 0.36 0.1 0.4285 0.1965 0.099 0.112 7 
I 0.51 0.395 0.13 0.6025 0.281 0.143 0.162 7 
I 0.52 0.39 0.13 0.5545 0.2355 0.1095 0.1895 7 
I 0.525 0.4 0.14 0.654 0.305 0.16 0.169 7 
I 0.53 0.42 0.12 0.5965 0.2555 0.141 0.177 7 
I 0.535 0.4 0.13 0.657 0.2835 0.162 0.175 7 
F 0.61 0.485 0.18 1.2795 0.5735 0.2855 0.355 7 
F 0.72 0.525 0.18 1.445 0.631 0.3215 0.435 7 
F 0.375 0.27 0.135 0.597 0.272 0.131 0.1675 7 
M 0.445 0.32 0.12 0.414 0.199 0.09 0.117 7 
M 0.465 0.36 0.115 0.5795 0.295 0.1395 0.12 7 
M 0.525 0.38 0.125 0.65 0.303 0.155 0.159 7 
I 0.31 0.215 0.075 0.1275 0.0565 0.0275 0.036 7 
I 0.365 0.275 0.085 0.223 0.098 0.0375 0.075 7 
I 0.41 0.315 0.095 0.2805 0.114 0.0345 0.11 7 
F 0.45 0.355 0.105 0.5225 0.237 0.1165 0.145 8 
M 0.445 0.35 0.12 0.4425 0.192 0.0955 0.135 8 
F 0.52 0.405 0.115 0.776 0.32 0.1845 0.22 8 
F 0.415 0.305 0.13 0.32 0.1305 0.0755 0.105 8 
I 0.33 0.255 0.085 0.1655 0.063 0.039 0.06 8 
I 0.36 0.28 0.09 0.2255 0.0885 0.04 0.09 8 
M 0.255 0.195 0.065 0.08 0.0315 0.018 0.027 8 
I 0.29 0.205 0.07 0.0975 0.036 0.019 0.035 8 
M 0.525 0.395 0.13 0.7635 0.3375 0.1425 0.225 8 
F 0.47 0.365 0.12 0.582 0.29 0.092 0.146 8 
I 0.5 0.385 0.12 0.56 0.2835 0.103 0.135 8 
M 0.51 0.41 0.145 0.796 0.3865 0.1815 0.1955 8 
F 0.53 0.425 0.15 0.8495 0.328 0.232 0.202 8 
M 0.57 0.445 0.14 1.0635 0.5265 0.2195 0.24 8 
F 0.59 0.455 0.145 1.063 0.5155 0.2445 0.25 8 
M 0.63 0.48 0.15 1.1785 0.5185 0.248 0.3235 8 
F 0.645 0.505 0.165 1.4325 0.684 0.308 0.336 8 
I 0.45 0.365 0.125 0.462 0.2135 0.0985 0.1315 8 
I 0.515 0.385 0.125 0.6115 0.3175 0.1265 0.15 8 
I 0.53 0.4 0.125 0.617 0.279 0.127 0.19 8 
F 0.55 0.43 0.15 0.84 0.395 0.195 0.223 8 
I 0.57 0.44 0.15 0.755 0.3425 0.16 0.224 8 
F 0.6 0.465 0.15 1.1025 0.5455 0.262 0.25 8 
M 0.62 0.45 0.2 0.858 0.4285 0.1525 0.2405 8 
I 0.395 0.295 0.095 0.2725 0.115 0.0625 0.085 8 
I 0.43 0.315 0.095 0.378 0.175 0.08 0.1045 8 
F 0.455 0.365 0.115 0.4305 0.184 0.108 0.1245 8 
I 0.47 0.355 0.12 0.393 0.167 0.0885 0.115 8 
I 0.48 0.365 0.1 0.461 0.2205 0.0835 0.135 8 
M 0.565 0.445 0.15 0.796 0.3635 0.184 0.219 8 
F 0.58 0.445 0.15 0.858 0.4 0.156 0.253 8 
I 0.405 0.31 0.095 0.3425 0.1785 0.064 0.0855 8 
M 0.44 0.32 0.12 0.4565 0.2435 0.092 0.1025 8 
M 0.475 0.37 0.125 0.649 0.347 0.136 0.142 8 
M 0.485 0.39 0.085 0.6435 0.2945 0.103 0.198 8 
I 0.515 0.395 0.125 0.556 0.2695 0.096 0.17 8 
M 0.52 0.4 0.125 0.559 0.254 0.139 0.149 8 
M 0.53 0.4 0.125 0.7575 0.398 0.151 0.175 8 
F 0.55 0.43 0.14 0.84 0.375 0.218 0.1945 8 
F 0.56 0.43 0.15 0.8745 0.453 0.161 0.22 8 
M 0.57 0.445 0.15 0.9875 0.504 0.207 0.249 8 
M 0.575 0.46 0.165 0.9155 0.4005 0.2465 0.2385 8 
M 0.585 0.455 0.15 0.906 0.4095 0.23 0.2335 8 
F 0.59 0.46 0.145 0.9905 0.453 0.2205 0.275 8 
I 0.615 0.475 0.13 0.8425 0.353 0.1915 0.251 8 
M 0.635 0.51 0.185 1.308 0.544 0.318 0.377 8 
I 0.385 0.29 0.09 0.2365 0.1 0.0505 0.076 8 
I 0.41 0.3 0.09 0.28 0.141 0.0575 0.075 8 
I 0.45 0.34 0.095 0.3245 0.1385 0.064 0.105 8 
I 0.475 0.36 0.145 0.6325 0.2825 0.137 0.19 8 
I 0.48 0.37 0.12 0.536 0.251 0.114 0.15 8 
I 0.49 0.375 0.115 0.4615 0.204 0.0945 0.143 8 
I 0.495 0.37 0.125 0.4715 0.2075 0.091 0.15 8 
I 0.5 0.39 0.12 0.5955 0.2455 0.147 0.173 8 
I 0.515 0.395 0.125 0.6635 0.32 0.14 0.17 8 
M 0.525 0.415 0.145 0.845 0.3525 0.1635 0.2875 8 
I 0.525 0.38 0.135 0.615 0.261 0.159 0.175 8 
I 0.54 0.425 0.135 0.686 0.3475 0.1545 0.213 8 
I 0.545 0.375 0.12 0.543 0.2375 0.1155 0.1725 8 
I 0.55 0.415 0.145 0.7815 0.373 0.16 0.2215 8 
I 0.555 0.435 0.14 0.765 0.3945 0.15 0.206 8 
F 0.57 0.45 0.135 0.7805 0.3345 0.185 0.21 8 
M 0.575 0.455 0.165 0.867 0.3765 0.1805 0.268 8 
F 0.575 0.465 0.195 0.9965 0.417 0.247 0.47 8 
F 0.575 0.435 0.15 1.0305 0.4605 0.218 0.36 8 
F 0.58 0.435 0.15 0.834 0.428 0.1515 0.23 8 
F 0.595 0.435 0.15 0.9 0.4175 0.17 0.265 8 
I 0.595 0.46 0.15 0.8335 0.377 0.1925 0.235 8 
M 0.605 0.475 0.145 0.884 0.3835 0.1905 0.27 8 
F 0.63 0.5 0.18 1.1965 0.514 0.2325 0.3995 8 
I 0.455 0.325 0.135 0.82 0.4005 0.1715 0.211 8 
F 0.49 0.355 0.16 0.8795 0.3485 0.215 0.2825 8 
M 0.515 0.395 0.135 1.007 0.472 0.2495 0.252 8 
F 0.535 0.425 0.135 0.771 0.3765 0.1815 0.1795 8 
I 0.585 0.45 0.15 0.8915 0.3975 0.2035 0.253 8 
F 0.64 0.475 0.14 1.0725 0.4895 0.2295 0.31 8 
I 0.39 0.31 0.105 0.2665 0.1185 0.0525 0.081 8 
I 0.415 0.31 0.095 0.311 0.1125 0.0625 0.115 8 
I 0.435 0.33 0.105 0.335 0.156 0.0555 0.105 8 
I 0.445 0.33 0.11 0.358 0.1525 0.067 0.1185 8 
I 0.47 0.375 0.12 0.487 0.196 0.099 0.135 8 
I 0.485 0.36 0.12 0.5155 0.2465 0.1025 0.147 8 
I 0.495 0.38 0.145 0.5 0.205 0.148 0.1505 8 
I 0.505 0.4 0.145 0.7045 0.334 0.1425 0.207 8 
M 0.515 0.385 0.11 0.5785 0.253 0.16 0.14 8 
I 0.525 0.405 0.145 0.6965 0.3045 0.1535 0.21 8 
I 0.53 0.43 0.14 0.677 0.298 0.0965 0.23 8 
I 0.54 0.39 0.125 0.6255 0.2525 0.158 0.19 8 
M 0.555 0.41 0.125 0.599 0.2345 0.1465 0.194 8 
M 0.61 0.48 0.14 1.031 0.4375 0.2615 0.27 8 
F 0.61 0.46 0.155 0.957 0.4255 0.1975 0.265 8 
I 0.415 0.325 0.11 0.316 0.1385 0.0795 0.0925 8 
I 0.43 0.32 0.11 0.3675 0.1675 0.102 0.105 8 
M 0.45 0.33 0.105 0.4955 0.2575 0.082 0.129 8 
I 0.475 0.365 0.12 0.5185 0.268 0.1095 0.1365 8 
I 0.32 0.255 0.085 0.1745 0.072 0.033 0.057 8 
I 0.385 0.28 0.1 0.2755 0.1305 0.061 0.0725 8 
I 0.405 0.31 0.09 0.312 0.138 0.06 0.087 8 
I 0.445 0.32 0.12 0.378 0.152 0.0825 0.12 8 
M 0.46 0.345 0.12 0.4935 0.2435 0.1175 0.132 8 
I 0.48 0.35 0.135 0.5465 0.2735 0.0995 0.158 8 
F 0.55 0.415 0.135 0.7635 0.318 0.21 0.2 9 
F 0.525 0.425 0.16 0.8355 0.3545 0.2135 0.245 9 
F 0.575 0.445 0.14 0.941 0.3845 0.252 0.285 9 
M 0.465 0.36 0.105 0.431 0.172 0.107 0.175 9 
F 0.47 0.365 0.105 0.4205 0.163 0.1035 0.14 9 
F 0.605 0.5 0.185 1.1185 0.469 0.2585 0.335 9 
F 0.45 0.345 0.12 0.4165 0.1655 0.095 0.135 9 
F 0.405 0.305 0.095 0.3485 0.1455 0.0895 0.1 9 
I 0.465 0.375 0.12 0.471 0.222 0.119 0.14 9 
I 0.43 0.34 0.12 0.3575 0.151 0.0645 0.1045 9 
I 0.365 0.26 0.115 0.218 0.0935 0.0445 0.07 9 
I 0.47 0.36 0.13 0.5225 0.198 0.1065 0.165 9 
M 0.48 0.375 0.145 0.777 0.216 0.13 0.17 9 
I 0.485 0.355 0.105 0.498 0.2175 0.096 0.1525 9 
M 0.655 0.52 0.165 1.4095 0.586 0.291 0.405 9 
F 0.55 0.43 0.14 0.8105 0.368 0.161 0.275 9 
F 0.595 0.46 0.14 1.0045 0.4655 0.2095 0.2515 9 
F 0.625 0.485 0.2 1.38 0.5845 0.302 0.401 9 
F 0.655 0.46 0.16 1.494 0.6895 0.331 0.1825 9 
M 0.525 0.405 0.12 0.7555 0.3755 0.1555 0.201 9 
F 0.565 0.45 0.175 1.0095 0.447 0.2375 0.2645 9 
M 0.575 0.445 0.17 1.0225 0.549 0.2175 0.228 9 
M 0.58 0.45 0.14 0.9615 0.486 0.1815 0.253 9 
M 0.605 0.475 0.14 1.1175 0.555 0.257 0.274 9 
F 0.615 0.475 0.155 1.027 0.447 0.25 0.285 9 
F 0.67 0.505 0.205 1.3645 0.6075 0.3025 0.353 9 
F 0.705 0.55 0.17 1.219 0.6395 0.236 0.301 9 
I 0.45 0.33 0.105 0.448 0.208 0.089 0.12 9 
M 0.5 0.42 0.135 0.6765 0.302 0.1415 0.2065 9 
M 0.525 0.42 0.155 0.842 0.428 0.1415 0.2045 9 
F 0.535 0.41 0.13 0.7145 0.335 0.144 0.2075 9 
M 0.55 0.43 0.15 0.8745 0.413 0.1905 0.248 9 
I 0.56 0.425 0.135 0.8205 0.3715 0.185 0.236 9 
F 0.575 0.48 0.165 1.078 0.511 0.2095 0.306 9 
M 0.59 0.47 0.18 1.187 0.5985 0.227 0.31 9 
F 0.605 0.475 0.175 1.076 0.463 0.2195 0.335 9 
I 0.61 0.465 0.15 0.9605 0.4495 0.1725 0.286 9 
M 0.615 0.48 0.175 1.118 0.446 0.3195 0.3 9 
M 0.625 0.455 0.17 1.082 0.4955 0.2345 0.315 9 
F 0.63 0.485 0.17 1.3205 0.5945 0.345 0.345 9 
F 0.635 0.5 0.165 1.4595 0.705 0.2645 0.39 9 
M 0.65 0.51 0.19 1.542 0.7155 0.3735 0.375 9 
M 0.685 0.545 0.205 1.7925 0.8145 0.416 0.461 9 
F 0.745 0.57 0.215 2.25 1.1565 0.446 0.558 9 
I 0.44 0.365 0.11 0.4465 0.213 0.089 0.1135 9 
M 0.505 0.385 0.105 0.5525 0.239 0.1245 0.1555 9 
I 0.53 0.43 0.13 0.7045 0.346 0.1415 0.189 9 
M 0.55 0.425 0.16 0.793 0.343 0.2035 0.215 9 
M 0.575 0.465 0.15 1.08 0.595 0.2065 0.238 9 
F 0.58 0.435 0.14 0.953 0.475 0.2165 0.2095 9 
F 0.595 0.455 0.16 1.04 0.452 0.2655 0.288 9 
F 0.605 0.515 0.17 1.289 0.6 0.2945 0.3315 9 
M 0.63 0.47 0.145 1.1005 0.52 0.26 0.276 9 
F 0.64 0.515 0.205 1.5335 0.6635 0.3345 0.4025 9 
F 0.65 0.5 0.16 1.3825 0.702 0.304 0.3195 9 
I 0.465 0.37 0.12 0.4365 0.188 0.0815 0.147 9 
I 0.48 0.37 0.125 0.474 0.179 0.1035 0.175 9 
I 0.5 0.375 0.14 0.559 0.2375 0.135 0.169 9 
I 0.52 0.41 0.145 0.646 0.2965 0.1595 0.165 9 
M 0.525 0.4 0.155 0.707 0.282 0.1605 0.225 9 
I 0.54 0.43 0.17 0.836 0.3725 0.1815 0.24 9 
I 0.54 0.43 0.14 0.8195 0.3935 0.1725 0.2295 9 
I 0.545 0.4 0.13 0.686 0.3285 0.1455 0.18 9 
I 0.55 0.425 0.15 0.639 0.269 0.1345 0.217 9 
I 0.555 0.395 0.13 0.5585 0.222 0.1245 0.17 9 
I 0.565 0.42 0.155 0.743 0.31 0.186 0.231 9 
M 0.565 0.44 0.125 0.802 0.3595 0.1825 0.215 9 
I 0.57 0.445 0.155 0.867 0.3705 0.1705 0.28 9 
I 0.575 0.45 0.125 0.78 0.3275 0.188 0.235 9 
M 0.575 0.445 0.16 0.839 0.4005 0.198 0.239 9 
I 0.58 0.445 0.125 0.7095 0.303 0.1405 0.235 9 
F 0.6 0.475 0.15 1.13 0.575 0.196 0.305 9 
M 0.6 0.47 0.165 1.059 0.504 0.241 0.275 9 
F 0.605 0.47 0.155 0.974 0.393 0.224 0.3345 9 
M 0.61 0.47 0.16 1.022 0.449 0.2345 0.2945 9 
M 0.61 0.47 0.17 1.1185 0.5225 0.2405 0.31 9 
I 0.62 0.47 0.14 0.8565 0.3595 0.16 0.295 9 
I 0.625 0.485 0.15 1.044 0.438 0.2865 0.278 9 
F 0.635 0.49 0.17 1.2615 0.5385 0.2665 0.38 9 
M 0.645 0.51 0.19 1.4745 0.605 0.345 0.48 9 
F 0.645 0.51 0.16 1.2415 0.5815 0.276 0.315 9 
F 0.65 0.495 0.155 1.337 0.615 0.3195 0.335 9 
M 0.66 0.5 0.165 1.3195 0.667 0.269 0.341 9 
M 0.665 0.5 0.175 1.2975 0.6075 0.314 0.315 9 
M 0.485 0.37 0.155 0.968 0.419 0.2455 0.2365 9 
M 0.5 0.37 0.15 1.0615 0.494 0.223 0.296 9 
F 0.545 0.385 0.15 1.1185 0.5425 0.2445 0.2845 9 
M 0.57 0.455 0.175 1.02 0.4805 0.2145 0.29 9 
M 0.605 0.475 0.175 1.2525 0.5575 0.3055 0.343 9 
M 0.625 0.495 0.175 1.254 0.5815 0.286 0.3185 9 
M 0.645 0.5 0.16 1.3815 0.672 0.326 0.315 9 
F 0.72 0.55 0.195 2.073 1.0715 0.4265 0.5015 9 
I 0.475 0.34 0.105 0.4535 0.203 0.08 0.1465 9 
I 0.5 0.38 0.11 0.5605 0.28 0.106 0.15 9 
I 0.52 0.415 0.14 0.6375 0.308 0.1335 0.168 9 
I 0.525 0.415 0.12 0.596 0.2805 0.12 0.1695 9 
I 0.53 0.43 0.16 0.7245 0.321 0.1275 0.24 9 
I 0.53 0.405 0.12 0.632 0.2715 0.148 0.1875 9 
F 0.54 0.425 0.16 0.9455 0.3675 0.2005 0.295 9 
I 0.545 0.43 0.14 0.687 0.2615 0.1405 0.25 9 
I 0.555 0.45 0.175 0.738 0.304 0.1755 0.22 9 
I 0.565 0.435 0.145 0.8445 0.3975 0.158 0.255 9 
M 0.57 0.44 0.175 0.9415 0.3805 0.2285 0.283 9 
M 0.575 0.45 0.13 0.785 0.318 0.193 0.2265 9 
F 0.575 0.465 0.175 1.099 0.4735 0.202 0.35 9 
F 0.575 0.43 0.155 0.7955 0.3485 0.1925 0.22 9 
F 0.58 0.45 0.195 0.8265 0.4035 0.173 0.225 9 
M 0.58 0.44 0.16 0.8295 0.3365 0.2005 0.2485 9 
F 0.605 0.455 0.145 0.862 0.334 0.1985 0.3 9 
M 0.615 0.47 0.15 1.0875 0.4975 0.283 0.2685 9 
M 0.62 0.49 0.15 1.195 0.4605 0.302 0.355 9 
M 0.62 0.47 0.15 1.309 0.587 0.4405 0.325 9 
M 0.63 0.49 0.155 1.2525 0.63 0.246 0.289 9 
M 0.64 0.49 0.155 1.1285 0.477 0.269 0.34 9 
M 0.655 0.52 0.17 1.1445 0.53 0.223 0.348 9 
M 0.505 0.39 0.12 0.653 0.3315 0.1385 0.167 9 
I 0.51 0.455 0.135 0.6855 0.2875 0.154 0.2035 9 
M 0.525 0.41 0.13 0.6875 0.3435 0.1495 0.1765 9 
F 0.53 0.405 0.13 0.6355 0.2635 0.1565 0.185 9 
F 0.56 0.41 0.16 0.8215 0.342 0.184 0.253 9 
M 0.58 0.46 0.16 1.063 0.513 0.2705 0.2625 9 
M 0.66 0.515 0.195 1.5655 0.7345 0.353 0.386 9 
I 0.44 0.305 0.115 0.379 0.162 0.091 0.11 9 
I 0.465 0.355 0.09 0.4325 0.2005 0.074 0.1275 9 
M 0.5 0.39 0.135 0.7815 0.361 0.1575 0.2385 9 
F 0.68 0.57 0.205 1.842 0.625 0.408 0.65 20 
F 0.65 0.525 0.175 1.4225 0.61 0.2995 0.445 20 
F 0.675 0.545 0.195 1.7345 0.6845 0.3695 0.605 20 
F 0.63 0.5 0.17 1.3135 0.5595 0.267 0.4 20 
M 0.6 0.47 0.155 1.036 0.4375 0.196 0.325 20 
F 0.56 0.455 0.125 0.943 0.344 0.129 0.375 21 
M 0.675 0.555 0.2 1.4385 0.545 0.2665 0.465 21 
