M 0.655 0.54 0.215 1.844 0.7425 0.327 0.585 22 
F 0.49 0.385 0.15 0.7865 0.241 0.14 0.24 23 
F 0.49 0.38 0.125 0.549 0.245 0.1075 0.174 10 
F 0.645 0.5 0.155 1.2205 0.6145 0.236 0.3185 10 
F 0.72 0.58 0.195 2.103 1.0265 0.48 0.5375 10 
I 0.57 0.44 0.13 0.7665 0.347 0.1785 0.202 10 
I 0.585 0.475 0.16 1.0505 0.48 0.234 0.285 10 
F 0.595 0.465 0.15 0.98 0.4115 0.196 0.2255 10 
F 0.615 0.475 0.155 1.004 0.4475 0.193 0.2895 10 
M 0.62 0.51 0.175 1.2815 0.5715 0.2385 0.39 10 
M 0.635 0.51 0.155 0.986 0.405 0.2255 0.31 10 
F 0.655 0.525 0.19 1.3595 0.564 0.3215 0.3985 10 
F 0.66 0.515 0.17 1.337 0.615 0.3125 0.3575 10 
F 0.635 0.505 0.145 1.1345 0.505 0.2655 0.315 10 
M 0.65 0.515 0.175 1.466 0.677 0.3045 0.4 10 
F 0.665 0.515 0.18 1.389 0.5945 0.324 0.395 10 
M 0.56 0.425 0.135 0.849 0.3265 0.221 0.2645 10 
F 0.575 0.47 0.155 1.116 0.509 0.238 0.34 10 
M 0.58 0.43 0.13 0.798 0.365 0.173 0.2285 10 
F 0.61 0.465 0.16 1.0725 0.4835 0.2515 0.28 10 
M 0.64 0.515 0.18 1.247 0.5475 0.2925 0.3685 10 
M 0.68 0.52 0.195 1.4535 0.592 0.391 0.4125 10 
M 0.55 0.42 0.16 1.3405 0.6325 0.311 0.344 10 
M 0.585 0.455 0.145 0.953 0.3945 0.2685 0.258 10 
F 0.675 0.53 0.175 1.4465 0.6775 0.33 0.389 10 
F 0.51 0.4 0.12 0.7005 0.347 0.1105 0.195 10 
I 0.515 0.42 0.15 0.6725 0.2555 0.1335 0.235 10 
I 0.52 0.385 0.115 0.581 0.2555 0.156 0.143 10 
I 0.545 0.425 0.14 0.8145 0.305 0.231 0.244 10 
I 0.565 0.46 0.155 0.8715 0.3755 0.215 0.25 10 
M 0.575 0.435 0.135 0.992 0.432 0.2225 0.239 10 
I 0.575 0.45 0.135 0.8715 0.45 0.162 0.225 10 
F 0.58 0.5 0.165 0.925 0.37 0.185 0.3005 10 
I 0.58 0.44 0.145 0.7905 0.3525 0.1645 0.242 10 
M 0.6 0.475 0.15 0.99 0.386 0.2195 0.3105 10 
M 0.605 0.47 0.18 1.1155 0.479 0.2565 0.321 10 
M 0.615 0.495 0.2 1.219 0.564 0.227 0.3885 10 
M 0.625 0.505 0.185 1.1565 0.52 0.2405 0.3535 10 
M 0.635 0.515 0.165 1.229 0.5055 0.2975 0.3535 10 
F 0.64 0.515 0.165 1.3115 0.4945 0.2555 0.41 10 
I 0.65 0.52 0.15 1.238 0.5495 0.296 0.3305 10 
F 0.655 0.525 0.175 1.348 0.5855 0.2605 0.394 10 
F 0.665 0.5 0.15 1.2475 0.4625 0.2955 0.3595 10 
M 0.68 0.54 0.155 1.534 0.671 0.379 0.384 10 
F 0.705 0.535 0.22 1.866 0.929 0.3835 0.4395 10 
M 0.47 0.365 0.135 0.522 0.2395 0.1525 0.145 10 
M 0.505 0.385 0.115 0.4825 0.21 0.1035 0.1535 10 
F 0.55 0.47 0.15 0.9205 0.381 0.2435 0.2675 10 
F 0.57 0.435 0.15 0.8295 0.3875 0.156 0.245 10 
F 0.6 0.45 0.14 0.837 0.37 0.177 0.2425 10 
M 0.61 0.49 0.16 1.112 0.465 0.228 0.341 10 
F 0.54 0.385 0.14 0.7655 0.3265 0.116 0.2365 10 
F 0.6 0.47 0.19 1.1345 0.492 0.2595 0.3375 10 
F 0.665 0.525 0.21 1.644 0.818 0.3395 0.4275 10 
F 0.705 0.57 0.185 1.761 0.747 0.3725 0.488 10 
F 0.73 0.555 0.18 1.6895 0.6555 0.1965 0.4935 10 
M 0.53 0.425 0.13 0.7455 0.2995 0.1355 0.245 10 
F 0.4 0.31 0.115 0.3465 0.1475 0.0695 0.115 10 
M 0.585 0.48 0.185 1.04 0.434 0.265 0.285 10 
F 0.5 0.4 0.125 0.5765 0.2395 0.126 0.185 10 
F 0.52 0.41 0.125 0.6985 0.2945 0.1625 0.215 10 
F 0.59 0.455 0.175 0.966 0.391 0.2455 0.31 10 
F 0.45 0.36 0.125 0.5065 0.222 0.105 0.16 10 
M 0.47 0.37 0.105 0.4665 0.2025 0.1015 0.155 10 
M 0.445 0.355 0.11 0.4415 0.1805 0.1035 0.1505 10 
M 0.55 0.44 0.135 0.879 0.368 0.2095 0.265 10 
F 0.49 0.37 0.14 0.585 0.243 0.115 0.195 10 
I 0.405 0.305 0.105 0.3625 0.1565 0.0705 0.125 10 
F 0.455 0.35 0.14 0.5725 0.1965 0.1325 0.175 10 
M 0.465 0.36 0.13 0.5265 0.2105 0.1185 0.165 10 
F 0.38 0.325 0.11 0.3105 0.12 0.074 0.105 10 
M 0.55 0.46 0.175 0.869 0.3155 0.1825 0.32 10 
M 0.525 0.405 0.135 0.7575 0.3305 0.216 0.195 10 
F 0.495 0.385 0.13 0.6905 0.3125 0.179 0.175 10 
F 0.58 0.475 0.155 0.974 0.4305 0.23 0.285 10 
F 0.52 0.415 0.145 0.8045 0.3325 0.1725 0.285 10 
F 0.48 0.405 0.13 0.6375 0.277 0.1445 0.21 10 
I 0.4 0.31 0.1 0.2875 0.1145 0.0635 0.095 10 
F 0.415 0.305 0.105 0.3605 0.12 0.082 0.1 10 
M 0.34 0.275 0.09 0.2065 0.0725 0.043 0.07 10 
F 0.36 0.265 0.09 0.2165 0.096 0.037 0.0735 10 
I 0.515 0.375 0.14 0.6505 0.2495 0.141 0.2215 10 
M 0.37 0.29 0.09 0.241 0.11 0.045 0.069 10 
M 0.29 0.225 0.08 0.1295 0.0535 0.026 0.045 10 
F 0.58 0.46 0.185 1.017 0.3515 0.2 0.32 10 
F 0.505 0.375 0.115 0.5895 0.2635 0.12 0.167 10 
M 0.4 0.315 0.105 0.287 0.1135 0.037 0.113 10 
F 0.465 0.36 0.12 0.4765 0.192 0.1125 0.16 10 
F 0.41 0.315 0.11 0.321 0.1255 0.0655 0.095 10 
F 0.53 0.385 0.125 0.6695 0.289 0.151 0.18 10 
M 0.54 0.415 0.17 0.879 0.339 0.208 0.255 10 
F 0.42 0.33 0.125 0.463 0.186 0.11 0.145 10 
I 0.475 0.365 0.12 0.53 0.2505 0.0975 0.1625 10 
M 0.605 0.475 0.175 1.201 0.5395 0.275 0.309 10 
F 0.7 0.525 0.19 1.6015 0.707 0.365 0.43 10 
F 0.615 0.485 0.16 1.1575 0.5005 0.2495 0.315 10 
F 0.62 0.485 0.175 1.2155 0.545 0.253 0.345 10 
M 0.625 0.48 0.17 1.3555 0.671 0.268 0.3385 10 
F 0.695 0.55 0.155 1.8495 0.767 0.442 0.4175 10 
F 0.705 0.56 0.205 2.381 0.9915 0.5005 0.624 10 
M 0.77 0.6 0.215 2.1945 1.0515 0.482 0.584 10 
M 0.6 0.49 0.21 1.9875 1.005 0.419 0.491 10 
M 0.615 0.475 0.175 1.103 0.4635 0.3095 0.2725 10 
M 0.62 0.48 0.15 1.1015 0.4965 0.243 0.305 10 
M 0.625 0.48 0.145 1.085 0.4645 0.2445 0.327 10 
M 0.63 0.51 0.175 1.3415 0.6575 0.262 0.375 10 
F 0.65 0.535 0.175 1.2895 0.6095 0.2765 0.344 10 
M 0.66 0.515 0.165 1.4465 0.694 0.298 0.3755 10 
I 0.49 0.365 0.125 0.5585 0.252 0.126 0.1615 10 
M 0.535 0.43 0.155 0.7845 0.3285 0.169 0.245 10 
I 0.55 0.43 0.145 0.712 0.3025 0.152 0.225 10 
I 0.56 0.44 0.14 0.825 0.402 0.139 0.245 10 
F 0.57 0.445 0.155 1.017 0.5265 0.2025 0.265 10 
I 0.585 0.46 0.145 0.8465 0.339 0.167 0.295 10 
M 0.59 0.475 0.14 0.977 0.4625 0.2025 0.275 10 
M 0.61 0.48 0.185 1.3065 0.6895 0.2915 0.29 10 
F 0.615 0.46 0.15 1.0265 0.4935 0.201 0.2745 10 
F 0.6 0.465 0.155 1.04 0.4755 0.25 0.28 11 
M 0.645 0.525 0.16 1.5075 0.7455 0.245 0.4325 11 
F 0.73 0.58 0.19 1.7375 0.6785 0.4345 0.52 11 
F 0.645 0.505 0.165 1.318 0.55 0.3015 0.335 11 
M 0.7 0.555 0.2 1.858 0.73 0.3665 0.595 11 
I 0.62 0.49 0.16 1.066 0.446 0.246 0.305 11 
M 0.63 0.495 0.175 1.2695 0.605 0.271 0.328 11 
F 0.665 0.505 0.16 1.2915 0.631 0.2925 0.32 11 
F 0.685 0.565 0.175 1.638 0.7775 0.375 0.438 11 
M 0.71 0.575 0.215 2.009 0.9895 0.4475 0.502 11 
M 0.635 0.495 0.195 1.172 0.445 0.3115 0.3475 11 
M 0.73 0.575 0.21 2.069 0.9285 0.409 0.643 11 
M 0.57 0.455 0.155 0.832 0.3585 0.174 0.277 11 
M 0.6 0.46 0.17 1.1805 0.456 0.337 0.329 11 
M 0.615 0.47 0.145 1.0285 0.4435 0.2825 0.285 11 
F 0.625 0.52 0.18 1.354 0.4845 0.351 0.375 11 
F 0.675 0.51 0.185 1.473 0.6295 0.3025 0.4245 11 
F 0.725 0.57 0.205 1.6195 0.744 0.315 0.488 11 
M 0.5 0.39 0.145 0.651 0.273 0.132 0.22 11 
F 0.49 0.385 0.125 0.5395 0.2175 0.128 0.165 11 
F 0.435 0.35 0.12 0.4585 0.192 0.1 0.13 11 
F 0.71 0.565 0.195 1.817 0.785 0.492 0.49 11 
M 0.58 0.47 0.165 0.927 0.3215 0.1985 0.315 11 
I 0.37 0.28 0.09 0.233 0.0905 0.0545 0.07 11 
F 0.435 0.32 0.12 0.3785 0.152 0.0915 0.125 11 
I 0.355 0.28 0.1 0.2275 0.0935 0.0455 0.085 11 
M 0.655 0.59 0.2 1.5455 0.654 0.3765 0.415 11 
M 0.585 0.43 0.16 0.955 0.3625 0.176 0.27 11 
F 0.58 0.455 0.12 0.94 0.399 0.257 0.265 11 
M 0.455 0.355 0.13 0.515 0.2 0.1275 0.175 11 
M 0.43 0.345 0.115 0.3045 0.0925 0.055 0.12 11 
M 0.56 0.455 0.165 0.86 0.4015 0.1695 0.245 11 
F 0.59 0.47 0.17 0.9 0.355 0.1905 0.25 11 
M 0.505 0.4 0.13 0.764 0.3035 0.189 0.2175 11 
M 0.635 0.495 0.15 1.081 0.4825 0.242 0.31 11 
F 0.545 0.44 0.175 0.7745 0.2985 0.1875 0.265 11 
I 0.525 0.43 0.15 0.7365 0.3225 0.161 0.215 11 
I 0.47 0.35 0.135 0.567 0.2315 0.1465 0.1525 11 
M 0.31 0.235 0.06 0.12 0.0415 0.033 0.04 11 
I 0.52 0.38 0.14 0.525 0.1775 0.115 0.185 11 
F 0.61 0.485 0.165 1.087 0.4255 0.232 0.38 11 
F 0.445 0.335 0.14 0.4565 0.1785 0.114 0.14 11 
F 0.52 0.405 0.14 0.6915 0.276 0.137 0.215 11 
M 0.615 0.475 0.17 1.1825 0.474 0.2895 0.24 11 
F 0.63 0.51 0.185 1.235 0.5115 0.349 0.3065 11 
F 0.475 0.38 0.145 0.57 0.167 0.118 0.187 11 
M 0.545 0.45 0.15 0.8795 0.387 0.15 0.2625 11 
M 0.58 0.46 0.18 1.145 0.48 0.277 0.325 11 
F 0.64 0.5 0.18 1.4995 0.593 0.314 0.431 11 
F 0.595 0.465 0.15 1.0255 0.412 0.2745 0.289 11 
F 0.63 0.495 0.2 1.4255 0.659 0.336 0.38 11 
F 0.635 0.495 0.18 1.596 0.617 0.317 0.37 11 
M 0.625 0.495 0.185 1.3835 0.7105 0.3005 0.345 11 
M 0.63 0.505 0.15 1.3165 0.6325 0.2465 0.37 11 
M 0.67 0.5 0.2 1.269 0.576 0.2985 0.351 11 
M 0.68 0.52 0.165 1.4775 0.724 0.279 0.406 11 
F 0.725 0.53 0.19 1.7315 0.83 0.398 0.405 11 
M 0.735 0.57 0.175 1.88 0.9095 0.387 0.488 11 
M 0.75 0.555 0.215 2.201 1.0615 0.5235 0.5285 11 
M 0.48 0.375 0.12 0.5895 0.2535 0.128 0.172 11 
I 0.555 0.435 0.145 0.6975 0.262 0.1575 0.24 11 
I 0.56 0.435 0.135 0.72 0.329 0.103 0.251 11 
M 0.6 0.495 0.185 1.1145 0.5055 0.2635 0.367 11 
F 0.61 0.45 0.13 0.8725 0.389 0.1715 0.272 11 
M 0.64 0.505 0.155 1.1955 0.5565 0.211 0.346 11 
F 0.64 0.495 0.17 1.2265 0.49 0.377 0.2875 11 
F 0.66 0.525 0.2 1.463 0.6525 0.2995 0.422 11 
M 0.71 0.565 0.2 1.601 0.706 0.321 0.45 11 
F 0.65 0.525 0.19 1.385 0.8875 0.3095 0.405 11 
F 0.655 0.515 0.17 1.527 0.8485 0.2635 0.331 11 
M 0.695 0.54 0.195 1.691 0.768 0.363 0.4755 11 
M 0.74 0.595 0.19 2.3235 1.1495 0.5115 0.505 11 
I 0.54 0.425 0.13 0.8155 0.3675 0.1365 0.246 11 
M 0.58 0.445 0.15 0.9525 0.4315 0.1945 0.287 11 
M 0.6 0.465 0.165 1.0475 0.465 0.2345 0.315 11 
I 0.61 0.425 0.155 1.0485 0.507 0.1955 0.274 11 
M 0.61 0.48 0.14 1.0625 0.516 0.225 0.2915 11 
F 0.615 0.475 0.175 1.194 0.559 0.259 0.3165 11 
F 0.625 0.5 0.16 1.217 0.5725 0.207 0.355 11 
F 0.635 0.485 0.19 1.3765 0.634 0.2885 0.406 11 
M 0.635 0.515 0.16 1.2075 0.5385 0.282 0.345 11 
M 0.64 0.575 0.175 1.4585 0.625 0.266 0.4395 11 
F 0.645 0.52 0.17 1.197 0.526 0.2925 0.317 11 
F 0.655 0.5 0.205 1.528 0.6215 0.3725 0.4535 11 
M 0.68 0.515 0.16 1.2345 0.618 0.2625 0.325 11 
M 0.715 0.55 0.175 1.825 0.938 0.3805 0.44 11 
F 0.595 0.43 0.21 1.5245 0.653 0.396 0.41 11 
F 0.635 0.525 0.18 1.3695 0.634 0.318 0.363 11 
M 0.64 0.495 0.165 1.307 0.678 0.292 0.266 11 
F 0.67 0.515 0.17 1.4265 0.6605 0.3395 0.37 11 
F 0.52 0.405 0.125 0.6435 0.2415 0.1735 0.21 12 
F 0.6 0.465 0.165 0.8875 0.309 0.246 0.262 12 
M 0.505 0.405 0.14 0.875 0.2665 0.174 0.285 12 
F 0.615 0.5 0.175 1.377 0.5585 0.33 0.292 12 
M 0.765 0.6 0.22 2.302 1.007 0.509 0.6205 12 
M 0.7 0.575 0.19 2.273 1.095 0.418 0.638 12 
M 0.61 0.48 0.165 1.244 0.6345 0.257 0.305 12 
M 0.63 0.495 0.16 1.093 0.497 0.221 0.315 12 
F 0.705 0.57 0.18 1.5345 0.96 0.4195 0.43 12 
M 0.69 0.525 0.2 1.7825 0.9165 0.3325 0.461 12 
F 0.62 0.515 0.155 1.3255 0.6685 0.2605 0.335 12 
M 0.77 0.62 0.195 2.5155 1.1155 0.6415 0.642 12 
M 0.635 0.5 0.165 1.273 0.6535 0.213 0.365 12 
M 0.665 0.525 0.18 1.429 0.6715 0.29 0.4 12 
M 0.7 0.55 0.175 1.4405 0.6565 0.2985 0.375 12 
M 0.505 0.395 0.135 0.5915 0.288 0.1315 0.185 12 
M 0.605 0.445 0.14 0.982 0.4295 0.2085 0.295 12 
F 0.69 0.54 0.195 1.2525 0.73 0.3975 0.462 12 
F 0.72 0.575 0.215 2.1 0.8565 0.4825 0.602 12 
M 0.595 0.47 0.15 0.8915 0.359 0.2105 0.245 12 
M 0.565 0.425 0.1 0.7145 0.3055 0.166 0.18 12 
M 0.46 0.375 0.135 0.4935 0.186 0.0845 0.17 12 
M 0.61 0.5 0.165 1.2715 0.4915 0.185 0.49 12 
F 0.64 0.51 0.2 1.3905 0.61 0.3315 0.41 12 
M 0.575 0.45 0.185 0.925 0.342 0.197 0.35 12 
M 0.47 0.37 0.135 0.547 0.222 0.1325 0.17 12 
F 0.505 0.39 0.175 0.692 0.267 0.15 0.215 12 
M 0.415 0.315 0.125 0.388 0.068 0.09 0.125 12 
F 0.585 0.455 0.165 0.998 0.345 0.2495 0.315 12 
M 0.51 0.395 0.145 0.6185 0.216 0.1385 0.24 12 
M 0.57 0.45 0.16 0.8615 0.3725 0.2175 0.255 12 
M 0.525 0.425 0.12 0.702 0.3335 0.1465 0.22 12 
F 0.65 0.5 0.165 1.1445 0.485 0.218 0.365 12 
F 0.505 0.385 0.135 0.6185 0.251 0.1175 0.2 12 
M 0.53 0.435 0.135 0.7365 0.3275 0.1315 0.22 12 
M 0.55 0.45 0.155 0.7895 0.343 0.159 0.25 12 
F 0.63 0.505 0.165 1.065 0.4595 0.216 0.315 12 
I 0.56 0.44 0.17 0.9445 0.3545 0.2175 0.3 12 
F 0.405 0.325 0.11 0.3575 0.145 0.0725 0.11 12 
I 0.435 0.335 0.11 0.383 0.1555 0.0675 0.135 12 
I 0.535 0.41 0.155 0.6315 0.2745 0.1415 0.1815 12 
F 0.45 0.345 0.115 0.496 0.1905 0.117 0.14 12 
F 0.585 0.415 0.155 0.6985 0.3 0.146 0.195 12 
I 0.625 0.43 0.175 1.411 0.572 0.297 0.395 12 
F 0.505 0.38 0.145 0.651 0.2935 0.19 0.17 12 
F 0.475 0.365 0.13 0.4805 0.1905 0.114 0.1475 12 
M 0.5 0.38 0.135 0.5835 0.2295 0.1265 0.18 12 
F 0.59 0.455 0.165 1.161 0.38 0.2455 0.28 12 
M 0.52 0.4 0.165 0.8565 0.2745 0.201 0.21 12 
F 0.605 0.485 0.16 1.222 0.53 0.2575 0.28 13 
I 0.425 0.345 0.125 0.425 0.16 0.0795 0.154 13 
I 0.62 0.485 0.18 1.1785 0.4675 0.2655 0.39 13 
F 0.605 0.46 0.17 1.122 0.347 0.3045 0.315 13 
M 0.675 0.525 0.16 1.2835 0.572 0.2755 0.3545 13 
F 0.7 0.575 0.205 1.773 0.605 0.447 0.538 13 
F 0.595 0.495 0.235 1.366 0.5065 0.219 0.52 13 
F 0.515 0.415 0.13 0.764 0.276 0.196 0.25 13 
F 0.485 0.375 0.145 0.5885 0.2385 0.1155 0.19 13 
F 0.625 0.525 0.195 1.352 0.4505 0.2445 0.53 13 
M 0.59 0.475 0.155 0.857 0.356 0.174 0.28 13 
M 0.555 0.43 0.165 0.7575 0.2735 0.1635 0.275 13 
M 0.6 0.48 0.175 1.229 0.4125 0.2735 0.415 13 
M 0.6 0.485 0.175 1.2675 0.4995 0.2815 0.38 13 
M 0.495 0.415 0.165 0.7485 0.264 0.134 0.285 13 
F 0.59 0.465 0.16 1.1005 0.506 0.2525 0.295 13 
F 0.62 0.51 0.15 1.456 0.581 0.2875 0.32 13 
F 0.72 0.575 0.215 2.226 0.8955 0.405 0.62 13 
F 0.545 0.445 0.175 0.8525 0.3465 0.189 0.295 13 
F 0.67 0.52 0.15 1.406 0.519 0.348 0.37 13 
F 0.535 0.45 0.135 0.8075 0.322 0.181 0.25 13 
M 0.47 0.375 0.13 0.5795 0.2145 0.164 0.195 13 
M 0.535 0.435 0.155 0.8915 0.3415 0.177 0.25 13 
M 0.475 0.395 0.135 0.592 0.2465 0.1645 0.2 13 
M 0.695 0.55 0.22 1.5515 0.566 0.3835 0.445 13 
F 0.56 0.43 0.125 0.8025 0.313 0.1715 0.263 13 
M 0.555 0.44 0.135 0.9025 0.3805 0.2105 0.28 13 
F 0.645 0.525 0.2 1.449 0.601 0.2565 0.505 13 
I 0.445 0.33 0.1 0.437 0.163 0.0755 0.17 13 
M 0.35 0.255 0.085 0.2145 0.1 0.0465 0.06 13 
I 0.575 0.45 0.17 0.9315 0.358 0.2145 0.26 13 
M 0.465 0.355 0.125 0.5255 0.2025 0.135 0.145 13 
F 0.5 0.385 0.13 0.768 0.2625 0.095 0.27 13 
M 0.54 0.415 0.13 0.8245 0.272 0.226 0.24 13 
M 0.57 0.42 0.155 1.008 0.377 0.193 0.34 13 
F 0.52 0.425 0.145 0.7 0.207 0.1905 0.24 13 
M 0.59 0.455 0.145 1.073 0.475 0.19 0.285 14 
F 0.47 0.355 0.13 0.5465 0.2005 0.126 0.185 14 
M 0.53 0.44 0.205 0.835 0.32 0.2175 0.245 14 
F 0.815 0.65 0.25 2.255 0.8905 0.42 0.7975 14 
F 0.625 0.515 0.18 1.3485 0.5255 0.252 0.3925 14 
M 0.68 0.53 0.205 1.496 0.5825 0.337 0.465 14 
F 0.58 0.45 0.235 1.071 0.3 0.206 0.395 14 
F 0.595 0.47 0.25 1.283 0.462 0.2475 0.445 14 
M 0.495 0.385 0.135 0.6335 0.2 0.1225 0.26 14 
F 0.575 0.485 0.165 1.0405 0.419 0.264 0.3 14 
M 0.495 0.39 0.15 0.853 0.3285 0.189 0.27 14 
F 0.555 0.455 0.18 0.958 0.296 0.195 0.39 14 
F 0.57 0.45 0.165 0.903 0.3305 0.1845 0.295 14 
F 0.57 0.46 0.17 1.1 0.4125 0.2205 0.38 14 
I 0.59 0.45 0.16 0.893 0.2745 0.2185 0.345 14 
F 0.52 0.41 0.17 0.8705 0.3735 0.219 0.25 14 
F 0.62 0.48 0.23 1.0935 0.403 0.245 0.355 14 
F 0.58 0.475 0.135 0.925 0.391 0.165 0.275 14 
M 0.49 0.395 0.135 0.5545 0.213 0.0925 0.215 14 
F 0.485 0.365 0.14 0.6195 0.2595 0.1445 0.177 14 
I 0.625 0.46 0.16 1.2395 0.55 0.273 0.38 14 
I 0.625 0.465 0.155 0.972 0.404 0.1845 0.35 14 
I 0.5 0.385 0.155 0.762 0.3795 0.161 0.19 14 
M 0.585 0.455 0.225 1.055 0.3815 0.221 0.365 15 
M 0.42 0.325 0.115 0.2885 0.1 0.057 0.1135 15 
M 0.525 0.41 0.13 0.99 0.3865 0.243 0.295 15 
M 0.57 0.43 0.12 1.0615 0.348 0.167 0.31 15 
M 0.465 0.35 0.14 0.5755 0.2015 0.1505 0.19 15 
M 0.55 0.415 0.175 1.042 0.3295 0.2325 0.2905 15 
M 0.515 0.405 0.145 0.695 0.215 0.1635 0.234 15 
M 0.66 0.53 0.17 1.3905 0.5905 0.212 0.453 15 
M 0.64 0.565 0.23 1.521 0.644 0.372 0.406 15 
F 0.7 0.535 0.175 1.773 0.6805 0.48 0.512 15 
M 0.62 0.495 0.195 1.5145 0.579 0.346 0.5195 15 
F 0.675 0.55 0.18 1.6885 0.562 0.3705 0.6 15 
F 0.595 0.48 0.2 0.975 0.358 0.2035 0.34 15 
M 0.645 0.495 0.185 1.4935 0.5265 0.2785 0.455 15 
F 0.56 0.435 0.185 1.106 0.422 0.2435 0.33 15 
F 0.61 0.48 0.175 1.0675 0.391 0.216 0.42 15 
M 0.635 0.51 0.21 1.598 0.6535 0.2835 0.58 15 
F 0.525 0.425 0.145 0.7995 0.3345 0.209 0.24 15 
F 0.66 0.565 0.195 1.7605 0.692 0.3265 0.5 16 
M 0.725 0.565 0.215 1.891 0.6975 0.4725 0.58 16 
F 0.615 0.515 0.17 1.14 0.4305 0.2245 0.42 16 
M 0.535 0.405 0.185 0.8345 0.3175 0.1725 0.29 16 
F 0.395 0.315 0.105 0.3515 0.1185 0.091 0.1195 16 
F 0.55 0.44 0.155 0.946 0.313 0.1825 0.335 16 
F 0.645 0.52 0.21 1.5535 0.616 0.3655 0.474 16 
F 0.625 0.525 0.215 1.5765 0.5115 0.2595 0.665 16 
F 0.465 0.375 0.135 0.6 0.2225 0.129 0.23 16 
M 0.595 0.47 0.145 0.991 0.4035 0.1505 0.34 16 
M 0.525 0.43 0.165 0.8645 0.376 0.1945 0.2515 16 
F 0.63 0.48 0.175 1.3675 0.5015 0.3035 0.515 17 
F 0.53 0.42 0.13 1.001 0.34 0.226 0.265 17 
F 0.54 0.44 0.135 0.959 0.2385 0.221 0.3 17 
M 0.655 0.58 0.205 2.0805 0.959 0.3415 0.601 17 
M 0.775 0.57 0.22 2.032 0.735 0.4755 0.6585 17 
M 0.62 0.495 0.175 1.806 0.643 0.3285 0.725 17 
M 0.565 0.47 0.195 1.142 0.387 0.258 0.35 17 
M 0.58 0.465 0.175 1.035 0.401 0.1865 0.385 17 
M 0.595 0.475 0.17 1.0965 0.419 0.229 0.35 17 
F 0.58 0.455 0.16 0.9215 0.312 0.196 0.3 17 
I 0.485 0.38 0.14 0.673 0.2175 0.13 0.195 18 
I 0.65 0.525 0.18 1.626 0.597 0.3445 0.53 18 
F 0.745 0.585 0.19 1.966 0.8435 0.437 0.5855 18 
M 0.615 0.48 0.19 1.36 0.5305 0.2375 0.47 18 
M 0.66 0.505 0.2 1.6305 0.4865 0.297 0.61 18 
F 0.6 0.475 0.18 1.162 0.511 0.2675 0.32 18 
F 0.565 0.48 0.175 0.957 0.3885 0.215 0.275 18 
F 0.59 0.45 0.16 0.9 0.358 0.156 0.315 19 
F 0.53 0.41 0.165 0.8115 0.24 0.169 0.24 19 
M 0.5 0.38 0.155 0.66 0.2655 0.1365 0.215 19 
M 0.57 0.405 0.16 0.9245 0.3445 0.2185 0.295 19 
F 0.6 0.475 0.18 1.1805 0.4345 0.2475 0.425 19 
I 0.16 0.11 0.025 0.018 0.0065 0.0055 0.005 3 
I 0.24 0.175 0.065 0.0665 0.031 0.0135 0.017 3 
I 0.155 0.105 0.05 0.0175 0.005 0.0035 0.005 4 
I 0.28 0.12 0.075 0.117 0.0455 0.029 0.0345 4 
I 0.2 0.155 0.04 0.0435 0.0155 0.009 0.007 4 
I 0.23 0.165 0.06 0.0515 0.019 0.0145 0.036 4 
I 0.24 0.18 0.055 0.0555 0.0235 0.013 0.018 4 
I 0.135 0.13 0.04 0.029 0.0125 0.0065 0.008 4 
I 0.13 0.095 0.035 0.0105 0.005 0.0065 0.0035 4 
I 0.165 0.115 0.015 0.0145 0.0055 0.003 0.005 4 
I 0.2 0.145 0.05 0.036 0.0125 0.008 0.011 4 
I 0.205 0.15 0.065 0.04 0.02 0.011 0.013 4 
I 0.28 0.21 0.085 0.1075 0.0415 0.024 0.034 5 
I 0.25 0.19 0.065 0.0835 0.039 0.015 0.025 5 
I 0.4 0.29 0.1 0.2675 0.1205 0.0605 0.0765 5 
I 0.395 0.295 0.09 0.3025 0.143 0.0665 0.0765 5 
I 0.44 0.34 0.105 0.369 0.164 0.08 0.1015 5 
I 0.21 0.17 0.045 0.0475 0.019 0.011 0.013 5 
I 0.335 0.255 0.08 0.168 0.079 0.0355 0.05 5 
I 0.275 0.175 0.09 0.2315 0.096 0.057 0.0705 5 
I 0.185 0.135 0.04 0.027 0.0105 0.0055 0.009 5 
I 0.29 0.21 0.07 0.1115 0.048 0.0205 0.03 5 
I 0.255 0.19 0.06 0.086 0.04 0.0185 0.025 5 
I 0.28 0.215 0.08 0.132 0.072 0.022 0.033 5 
I 0.325 0.25 0.055 0.166 0.076 0.051 0.045 5 
I 0.28 0.2 0.075 0.1225 0.0545 0.0115 0.035 5 
M 0.375 0.305 0.09 0.3245 0.1395 0.0565 0.095 5 
F 0.37 0.275 0.085 0.2405 0.104 0.0535 0.07 5 
I 0.215 0.15 0.03 0.0385 0.0115 0.005 0.01 5 
I 0.26 0.215 0.08 0.099 0.037 0.0255 0.045 5 
F 0.29 0.225 0.075 0.14 0.0515 0.0235 0.04 5 
M 0.175 0.135 0.04 0.0305 0.011 0.0075 0.01 5 
I 0.33 0.265 0.085 0.196 0.0775 0.0305 0.0445 6 
I 0.425 0.34 0.1 0.382 0.164 0.096 0.1 6 
I 0.375 0.28 0.08 0.2345 0.1125 0.0455 0.067 6 
I 0.45 0.33 0.11 0.3685 0.16 0.0885 0.102 6 
I 0.345 0.255 0.095 0.1945 0.0925 0.037 0.055 6 
I 0.375 0.275 0.095 0.2465 0.11 0.0415 0.0775 6 
I 0.425 0.34 0.105 0.389 0.2015 0.0905 0.088 6 
I 0.3 0.23 0.085 0.117 0.05 0.0175 0.0415 6 
I 0.415 0.31 0.09 0.2815 0.1245 0.0615 0.085 6 
I 0.28 0.21 0.075 0.1195 0.053 0.0265 0.03 6 
I 0.285 0.215 0.06 0.0935 0.031 0.023 0.03 6 
I 0.29 0.21 0.065 0.097 0.0375 0.022 0.03 6 
I 0.335 0.25 0.08 0.1695 0.0695 0.044 0.0495 6 
I 0.35 0.25 0.07 0.1605 0.0715 0.0335 0.046 6 
I 0.375 0.28 0.08 0.226 0.105 0.047 0.065 6 
I 0.285 0.215 0.07 0.1075 0.051 0.0225 0.027 6 
I 0.42 0.315 0.115 0.355 0.1895 0.065 0.087 6 
F 0.29 0.21 0.075 0.275 0.113 0.0675 0.035 6 
M 0.32 0.24 0.08 0.18 0.08 0.0385 0.055 6 
I 0.38 0.28 0.085 0.2735 0.115 0.061 0.085 6 
I 0.19 0.13 0.03 0.0295 0.0155 0.015 0.01 6 
I 0.32 0.235 0.08 0.1485 0.064 0.031 0.045 6 
I 0.215 0.17 0.055 0.0605 0.0205 0.014 0.02 6 
M 0.36 0.27 0.09 0.2225 0.083 0.053 0.075 6 
I 0.33 0.265 0.09 0.18 0.068 0.036 0.06 6 
I 0.34 0.26 0.09 0.179 0.076 0.0525 0.055 6 
I 0.255 0.185 0.07 0.075 0.028 0.018 0.025 6 
M 0.26 0.2 0.065 0.096 0.044 0.027 0.03 6 
M 0.26 0.19 0.075 0.0945 0.0445 0.02 0.03 6 
I 0.275 0.205 0.08 0.096 0.036 0.0185 0.03 6 
I 0.235 0.17 0.065 0.0625 0.023 0.014 0.022 6 
I 0.3 0.23 0.075 0.127 0.052 0.03 0.0345 6 
I 0.34 0.255 0.075 0.18 0.0745 0.04 0.0525 6 
I 0.415 0.315 0.105 0.33 0.1405 0.0705 0.095 6 
I 0.425 0.31 0.105 0.365 0.159 0.0825 0.105 6 
I 0.295 0.22 0.07 0.126 0.0515 0.0275 0.035 6 
I 0.37 0.29 0.08 0.2545 0.108 0.0565 0.07 6 
I 0.405 0.31 0.065 0.3205 0.1575 0.066 0.088 6 
I 0.44 0.345 0.115 0.545 0.269 0.111 0.1305 6 
I 0.45 0.35 0.125 0.4775 0.2235 0.089 0.118 6 
F 0.46 0.35 0.115 0.46 0.2025 0.1115 0.1165 6 
I 0.46 0.345 0.115 0.4215 0.1895 0.102 0.111 6 
F 0.53 0.42 0.17 0.828 0.41 0.208 0.1505 6 
I 0.33 0.24 0.075 0.163 0.0745 0.033 0.048 6 
I 0.425 0.33 0.115 0.3265 0.1315 0.077 0.103 6 
I 0.46 0.37 0.12 0.5335 0.2645 0.108 0.1345 6 
I 0.34 0.245 0.085 0.2015 0.1005 0.038 0.053 6 
I 0.365 0.275 0.135 0.24 0.108 0.0445 0.0735 7 
I 0.41 0.305 0.09 0.3535 0.157 0.0745 0.1 7 
I 0.46 0.345 0.105 0.449 0.196 0.0945 0.1265 7 
M 0.43 0.335 0.12 0.397 0.1985 0.0865 0.1035 7 
F 0.505 0.39 0.125 0.5445 0.246 0.15 0.1405 7 
I 0.335 0.245 0.09 0.2015 0.096 0.0405 0.048 7 
I 0.365 0.265 0.085 0.213 0.0945 0.049 0.06 7 
I 0.385 0.3 0.095 0.302 0.152 0.0615 0.0735 7 
I 0.425 0.31 0.09 0.301 0.1385 0.065 0.08 7 
I 0.505 0.38 0.12 0.594 0.2595 0.1435 0.18 7 
I 0.375 0.28 0.085 0.3155 0.187 0.046 0.067 7 
F 0.475 0.365 0.115 0.566 0.281 0.117 0.1335 7 
I 0.36 0.275 0.075 0.2205 0.0985 0.044 0.066 7 
I 0.39 0.285 0.1 0.281 0.1275 0.062 0.077 7 
I 0.435 0.335 0.1 0.3295 0.129 0.07 0.11 7 
M 0.39 0.28 0.125 0.564 0.3035 0.0955 0.143 7 
I 0.35 0.265 0.08 0.2 0.09 0.042 0.06 7 
I 0.435 0.33 0.11 0.38 0.1515 0.0945 0.11 7 
I 0.465 0.37 0.11 0.445 0.1635 0.096 0.166 7 
I 0.52 0.38 0.115 0.6645 0.3285 0.17 0.1425 7 
M 0.555 0.4 0.13 0.7075 0.332 0.1585 0.18 7 
I 0.28 0.2 0.065 0.0895 0.036 0.0185 0.03 7 
I 0.325 0.25 0.07 0.1745 0.0875 0.0355 0.04 7 
I 0.36 0.27 0.085 0.196 0.0905 0.034 0.053 7 
I 0.395 0.29 0.095 0.3 0.158 0.068 0.078 7 
I 0.425 0.315 0.095 0.3675 0.1865 0.0675 0.0985 7 
I 0.46 0.35 0.11 0.4675 0.2125 0.099 0.1375 7 
I 0.395 0.295 0.1 0.293 0.14 0.062 0.082 7 
I 0.415 0.305 0.12 0.336 0.165 0.076 0.0805 7 
M 0.46 0.345 0.11 0.4595 0.235 0.0885 0.116 7 
F 0.475 0.38 0.14 0.689 0.3165 0.1315 0.1955 7 
M 0.505 0.385 0.13 0.6435 0.3135 0.149 0.1515 7 
F 0.58 0.435 0.15 0.839 0.3485 0.207 0.192 7 
M 0.415 0.3 0.1 0.3355 0.1545 0.0685 0.095 7 
I 0.385 0.29 0.09 0.232 0.0855 0.0495 0.08 7 
F 0.375 0.29 0.08 0.282 0.1405 0.0725 0.08 7 
M 0.425 0.325 0.1 0.3295 0.1365 0.0725 0.11 7 
M 0.385 0.295 0.095 0.335 0.147 0.094 0.09 7 
I 0.4 0.31 0.1 0.127 0.106 0.071 0.085 7 
I 0.32 0.24 0.075 0.1735 0.076 0.0355 0.05 7 
M 0.27 0.195 0.07 0.106 0.0465 0.018 0.036 7 
M 0.285 0.21 0.075 0.1185 0.055 0.0285 0.04 7 
M 0.42 0.345 0.105 0.43 0.175 0.096 0.13 7 
I 0.33 0.26 0.08 0.19 0.0765 0.0385 0.065 7 
I 0.355 0.28 0.11 0.2235 0.0815 0.0525 0.08 7 
M 0.37 0.28 0.095 0.2225 0.0805 0.051 0.075 7 
F 0.475 0.38 0.135 0.486 0.1735 0.07 0.185 7 
F 0.385 0.305 0.105 0.3315 0.1365 0.0745 0.1 7 
I 0.415 0.325 0.1 0.385 0.167 0.08 0.125 7 
M 0.35 0.265 0.11 0.2965 0.1365 0.063 0.085 7 
I 0.31 0.24 0.09 0.1455 0.0605 0.0315 0.045 7 
I 0.3 0.22 0.09 0.1425 0.057 0.0335 0.043 7 
M 0.31 0.245 0.095 0.15 0.0525 0.034 0.048 7 
F 0.35 0.265 0.09 0.1855 0.0745 0.0415 0.06 7 
M 0.44 0.325 0.115 0.39 0.163 0.087 0.113 7 
I 0.375 0.3 0.075 0.144 0.059 0.03 0.044 7 
M 0.48 0.37 0.135 0.6315 0.3445 0.1015 0.161 7 
I 0.315 0.235 0.07 0.149 0.058 0.0325 0.047 7 
I 0.39 0.295 0.1 0.279 0.1155 0.059 0.08 7 
I 0.44 0.335 0.11 0.3885 0.175 0.0835 0.111 7 
I 0.44 0.355 0.12 0.495 0.231 0.11 0.125 7 
F 0.455 0.35 0.12 0.4555 0.1945 0.1045 0.1375 7 
I 0.465 0.355 0.11 0.474 0.23 0.1005 0.12 7 
I 0.475 0.385 0.11 0.5735 0.311 0.1025 0.136 7 
M 0.5 0.375 0.145 0.6215 0.274 0.166 0.1485 7 
I 0.505 0.385 0.12 0.6005 0.239 0.142 0.185 7 
M 0.525 0.415 0.135 0.7945 0.394 0.189 0.202 7 
F 0.555 0.425 0.14 0.963 0.44 0.224 0.24 7 
M 0.575 0.45 0.155 0.948 0.429 0.206 0.259 7 
M 0.59 0.465 0.14 1.046 0.4695 0.263 0.263 7 
I 0.43 0.32 0.1 0.3465 0.1635 0.08 0.09 7 
M 0.475 0.355 0.12 0.48 0.234 0.1015 0.135 8 
M 0.49 0.385 0.125 0.649 0.32 0.124 0.1695 8 
F 0.525 0.415 0.14 0.724 0.3475 0.173 0.175 8 
I 0.52 0.38 0.125 0.5545 0.288 0.1295 0.167 8 
F 0.56 0.44 0.155 0.6405 0.336 0.1765 0.245 8 
M 0.63 0.47 0.155 1.1325 0.589 0.211 0.287 8 
I 0.47 0.365 0.1 0.411 0.175 0.0855 0.135 8 
I 0.57 0.45 0.135 0.794 0.3815 0.1415 0.245 8 
M 0.515 0.425 0.145 0.9365 0.497 0.181 0.2185 8 
M 0.59 0.44 0.15 0.8725 0.387 0.215 0.245 8 
I 0.385 0.3 0.09 0.308 0.1525 0.056 0.0835 8 
I 0.475 0.36 0.125 0.4905 0.205 0.1305 0.125 8 
I 0.49 0.4 0.135 0.624 0.3035 0.1285 0.169 8 
I 0.515 0.39 0.125 0.5705 0.238 0.1265 0.185 8 
I 0.545 0.42 0.125 0.717 0.358 0.112 0.22 8 
F 0.6 0.46 0.155 0.9735 0.427 0.2045 0.3 8 
I 0.485 0.365 0.105 0.5205 0.195 0.123 0.182 8 
M 0.53 0.41 0.14 0.7545 0.3495 0.1715 0.2105 8 
I 0.43 0.34 0.1 0.3405 0.1395 0.0665 0.12 8 
I 0.495 0.38 0.135 0.5095 0.2065 0.1165 0.165 8 
I 0.52 0.41 0.11 0.5185 0.2165 0.0915 0.184 8 
I 0.325 0.24 0.07 0.152 0.0565 0.0305 0.054 8 
M 0.45 0.35 0.13 0.4655 0.2075 0.1045 0.135 8 
I 0.49 0.37 0.11 0.538 0.271 0.1035 0.139 8 
M 0.525 0.385 0.1 0.5115 0.246 0.1005 0.1455 8 
F 0.535 0.42 0.13 0.699 0.3125 0.1565 0.2035 8 
M 0.58 0.45 0.12 0.8685 0.418 0.1475 0.2605 8 
F 0.61 0.43 0.14 0.909 0.438 0.2 0.22 8 
M 0.65 0.5 0.14 1.238 0.6165 0.2355 0.32 8 
M 0.525 0.405 0.13 0.7185 0.3265 0.1975 0.175 8 
F 0.48 0.38 0.12 0.608 0.2705 0.1405 0.185 8 
M 0.47 0.375 0.115 0.4265 0.1685 0.0755 0.15 8 
M 0.415 0.31 0.09 0.3245 0.1305 0.0735 0.115 8 
M 0.42 0.34 0.115 0.4215 0.175 0.093 0.135 8 
F 0.43 0.325 0.12 0.445 0.165 0.0995 0.155 8 
I 0.46 0.335 0.11 0.444 0.225 0.0745 0.11 8 
M 0.52 0.38 0.135 0.5825 0.2505 0.1565 0.175 8 
I 0.485 0.415 0.14 0.5705 0.25 0.134 0.185 8 
M 0.475 0.36 0.12 0.578 0.2825 0.12 0.17 8 
I 0.315 0.24 0.07 0.137 0.0545 0.0315 0.04 8 
I 0.42 0.325 0.115 0.354 0.1625 0.064 0.105 8 
F 0.43 0.34 0.11 0.382 0.154 0.0955 0.109 8 
F 0.64 0.5 0.15 1.0705 0.371 0.2705 0.36 8 
M 0.44 0.325 0.08 0.413 0.144 0.1015 0.13 8 
F 0.37 0.275 0.08 0.227 0.093 0.0625 0.07 8 
F 0.47 0.355 0.18 0.441 0.1525 0.1165 0.135 8 
M 0.39 0.285 0.095 0.271 0.11 0.06 0.08 8 
I 0.355 0.26 0.09 0.1925 0.077 0.038 0.065 8 
I 0.42 0.31 0.1 0.2865 0.115 0.0735 0.085 8 
I 0.42 0.32 0.1 0.34 0.1745 0.05 0.0945 8 
F 0.465 0.35 0.135 0.6265 0.259 0.1445 0.175 8 
F 0.47 0.375 0.12 0.6015 0.2765 0.1455 0.135 8 
I 0.45 0.35 0.12 0.468 0.2005 0.1065 0.1325 8 
M 0.48 0.37 0.1 0.5135 0.243 0.1015 0.135 8 
M 0.525 0.425 0.125 0.812 0.4035 0.1705 0.195 8 
F 0.53 0.405 0.15 0.889 0.4055 0.2275 0.215 8 
F 0.57 0.435 0.14 0.8585 0.3905 0.196 0.2295 8 
F 0.585 0.45 0.16 0.9045 0.405 0.2215 0.2335 8 
F 0.6 0.46 0.145 0.9325 0.3985 0.2245 0.248 8 
M 0.61 0.48 0.15 1.1495 0.564 0.274 0.264 8 
M 0.615 0.47 0.155 1.2 0.5085 0.32 0.292 8 
F 0.625 0.49 0.175 1.1075 0.4485 0.2165 0.3595 8 
M 0.63 0.48 0.165 1.286 0.604 0.271 0.35 8 
M 0.69 0.54 0.185 1.71 0.7725 0.3855 0.4325 8 
I 0.415 0.315 0.1 0.3645 0.1765 0.0795 0.095 8 
I 0.485 0.375 0.13 0.5535 0.266 0.112 0.157 8 
M 0.49 0.38 0.11 0.554 0.2935 0.1005 0.15 8 
I 0.5 0.39 0.125 0.583 0.294 0.132 0.1605 8 
I 0.51 0.395 0.155 0.5395 0.2465 0.1085 0.167 8 
I 0.55 0.42 0.13 0.636 0.294 0.144 0.1755 8 
I 0.555 0.425 0.13 0.648 0.2835 0.133 0.2105 8 
F 0.575 0.48 0.15 0.897 0.4235 0.1905 0.248 8 
F 0.585 0.435 0.14 0.6955 0.3085 0.129 0.2245 8 
F 0.59 0.46 0.16 1.0115 0.445 0.2615 0.2565 8 
M 0.63 0.465 0.15 1.027 0.537 0.188 0.176 8 
I 0.375 0.29 0.14 0.3 0.14 0.0625 0.0825 8 
I 0.385 0.285 0.085 0.244 0.1215 0.0445 0.068 8 
I 0.405 0.31 0.11 0.91 0.416 0.2075 0.0995 8 
I 0.41 0.315 0.1 0.3 0.124 0.0575 0.1 8 
I 0.42 0.325 0.115 0.314 0.1295 0.0635 0.1 8 
M 0.45 0.325 0.115 0.4305 0.2235 0.0785 0.1155 8 
I 0.455 0.34 0.115 0.486 0.261 0.0655 0.1315 8 
I 0.485 0.38 0.125 0.5215 0.2215 0.118 0.16 8 
I 0.51 0.385 0.145 0.7665 0.3985 0.14 0.1805 8 
I 0.515 0.39 0.11 0.531 0.2415 0.098 0.1615 8 
I 0.525 0.4 0.13 0.6445 0.345 0.1285 0.2 8 
F 0.545 0.44 0.15 0.9475 0.366 0.239 0.275 8 
F 0.555 0.445 0.175 1.1465 0.551 0.244 0.2785 8 
F 0.585 0.455 0.13 0.8755 0.411 0.2065 0.225 8 
M 0.6 0.48 0.09 1.05 0.457 0.2685 0.28 8 
I 0.36 0.27 0.09 0.232 0.12 0.0435 0.056 8 
I 0.5 0.375 0.12 0.529 0.2235 0.123 0.16 8 
F 0.57 0.425 0.13 0.782 0.3695 0.1745 0.1965 8 
F 0.58 0.445 0.135 0.95 0.484 0.182 0.2325 8 
M 0.625 0.5 0.13 1.082 0.5785 0.2045 0.25 8 
F 0.645 0.49 0.16 1.144 0.5015 0.289 0.319 8 
I 0.4 0.315 0.09 0.3245 0.151 0.073 0.088 8 
F 0.465 0.35 0.11 0.4085 0.165 0.102 0.131 8 
I 0.475 0.375 0.11 0.494 0.211 0.109 0.1545 8 
I 0.5 0.37 0.12 0.5445 0.249 0.1065 0.152 8 
I 0.505 0.4 0.125 0.5605 0.2255 0.1435 0.17 8 
F 0.45 0.335 0.105 0.425 0.1865 0.091 0.115 9 
M 0.425 0.35 0.105 0.393 0.13 0.063 0.165 9 
F 0.49 0.375 0.15 0.5755 0.22 0.144 0.19 9 
F 0.485 0.365 0.12 0.5885 0.27 0.131 0.175 9 
M 0.57 0.455 0.15 0.952 0.3895 0.2155 0.2745 9 
F 0.575 0.46 0.16 1.103 0.538 0.221 0.249 9 
M 0.545 0.415 0.14 0.82 0.4615 0.127 0.218 9 
M 0.58 0.455 0.195 1.859 0.945 0.426 0.441 9 
M 0.61 0.47 0.165 1.052 0.498 0.242 0.267 9 
I 0.5 0.41 0.14 0.6615 0.2585 0.1625 0.196 9 
F 0.545 0.445 0.15 0.8 0.3535 0.163 0.207 9 
F 0.625 0.515 0.16 1.264 0.5715 0.326 0.321 9 
F 0.505 0.38 0.135 0.6855 0.361 0.1565 0.161 9 
F 0.545 0.41 0.14 0.7405 0.3565 0.1775 0.203 9 
F 0.58 0.46 0.175 1.165 0.65 0.2205 0.3055 9 
M 0.62 0.48 0.165 1.0725 0.4815 0.235 0.312 9 
I 0.515 0.36 0.125 0.4725 0.1815 0.125 0.138 9 
I 0.53 0.4 0.145 0.555 0.1935 0.1305 0.195 9 
I 0.54 0.42 0.14 0.6275 0.2505 0.1175 0.235 9 
F 0.565 0.44 0.15 0.863 0.435 0.149 0.27 9 
I 0.575 0.445 0.17 0.8015 0.3475 0.1465 0.25 9 
M 0.6 0.48 0.165 0.9165 0.4135 0.1965 0.2725 9 
I 0.61 0.465 0.125 0.9225 0.436 0.19 0.26 9 
F 0.62 0.48 0.175 1.0405 0.464 0.2225 0.3 9 
M 0.645 0.51 0.16 1.33 0.6665 0.309 0.317 9 
F 0.655 0.51 0.15 1.043 0.4795 0.223 0.305 9 
M 0.515 0.35 0.155 0.9225 0.4185 0.198 0.273 9 
F 0.655 0.52 0.2 1.5475 0.713 0.314 0.466 9 
I 0.52 0.395 0.125 0.5805 0.2445 0.146 0.165 9 
I 0.53 0.395 0.13 0.575 0.247 0.115 0.183 9 
I 0.54 0.395 0.135 0.6555 0.2705 0.155 0.192 9 
M 0.565 0.45 0.16 0.895 0.415 0.195 0.246 9 
M 0.575 0.45 0.155 0.9765 0.495 0.2145 0.235 9 
M 0.575 0.475 0.145 0.857 0.3665 0.173 0.269 9 
M 0.515 0.4 0.14 0.6335 0.288 0.145 0.168 9 
M 0.565 0.445 0.145 0.9255 0.4345 0.212 0.2475 9 
F 0.54 0.42 0.13 0.7505 0.368 0.1675 0.1845 9 
M 0.55 0.41 0.13 0.8705 0.4455 0.2115 0.213 9 
M 0.595 0.465 0.15 0.919 0.4335 0.1765 0.262 9 
M 0.645 0.495 0.15 1.2095 0.603 0.2225 0.339 9 
I 0.41 0.31 0.11 0.315 0.124 0.082 0.095 9 
I 0.455 0.355 0.08 0.452 0.2165 0.0995 0.125 9 
I 0.455 0.37 0.125 0.433 0.201 0.1265 0.145 9 
M 0.585 0.455 0.14 0.97 0.462 0.185 0.295 9 
F 0.56 0.425 0.125 0.932 0.361 0.213 0.335 9 
M 0.455 0.35 0.105 0.401 0.1575 0.083 0.135 9 
F 0.55 0.47 0.15 0.897 0.377 0.184 0.29 9 
M 0.445 0.34 0.12 0.4475 0.193 0.1035 0.13 9 
F 0.55 0.425 0.145 0.797 0.297 0.15 0.265 9 
F 0.505 0.4 0.165 0.729 0.2675 0.155 0.25 9 
F 0.47 0.365 0.12 0.543 0.2295 0.1495 0.15 9 
M 0.51 0.405 0.13 0.7175 0.3725 0.158 0.17 9 
I 0.405 0.315 0.105 0.347 0.1605 0.0785 0.1 9 
F 0.5 0.395 0.15 0.7145 0.3235 0.173 0.195 9 
F 0.38 0.3 0.09 0.3215 0.1545 0.075 0.095 9 
M 0.46 0.375 0.13 0.5735 0.2505 0.119 0.195 9 
F 0.515 0.42 0.135 0.6295 0.2815 0.127 0.215 9 
F 0.45 0.36 0.105 0.4715 0.2035 0.0935 0.149 9 
I 0.5 0.395 0.12 0.537 0.2165 0.1085 0.1785 9 
I 0.335 0.24 0.095 0.17 0.062 0.039 0.055 9 
F 0.345 0.255 0.1 0.197 0.071 0.051 0.06 9 
M 0.5 0.355 0.14 0.528 0.2125 0.149 0.14 9 
M 0.395 0.305 0.105 0.282 0.0975 0.065 0.096 9 
M 0.425 0.325 0.12 0.3755 0.142 0.1065 0.105 9 
M 0.4 0.305 0.13 0.2935 0.096 0.0675 0.105 9 
F 0.33 0.26 0.08 0.2 0.0625 0.05 0.07 9 
M 0.525 0.425 0.19 0.872 0.4625 0.1725 0.199 9 
F 0.565 0.44 0.15 0.983 0.4475 0.2355 0.2485 9 
F 0.6 0.475 0.135 1.4405 0.5885 0.191 0.3175 9 
F 0.69 0.55 0.18 1.659 0.8715 0.2655 0.4395 9 
M 0.465 0.34 0.105 0.486 0.231 0.1035 0.1225 9 
M 0.515 0.395 0.12 0.646 0.285 0.1365 0.172 9 
M 0.54 0.435 0.14 0.7345 0.33 0.1595 0.213 9 
F 0.595 0.47 0.155 1.1775 0.542 0.269 0.31 9 
M 0.6 0.46 0.15 1.247 0.5335 0.2735 0.29 9 
F 0.62 0.51 0.175 1.2705 0.5415 0.323 0.3225 9 
F 0.625 0.49 0.165 1.127 0.477 0.2365 0.3185 9 
M 0.645 0.49 0.16 1.251 0.5355 0.3345 0.3165 9 
F 0.65 0.5 0.185 1.4415 0.741 0.2955 0.341 9 
M 0.5 0.38 0.12 0.5765 0.273 0.135 0.145 9 
I 0.515 0.4 0.125 0.5925 0.265 0.1175 0.168 9 
F 0.545 0.4 0.14 0.778 0.368 0.215 0.18 9 
M 0.565 0.43 0.13 0.784 0.3495 0.1885 0.213 9 
F 0.57 0.43 0.16 0.811 0.3875 0.159 0.2285 9 
M 0.59 0.46 0.14 1.004 0.496 0.2165 0.26 9 
M 0.595 0.47 0.165 1.108 0.4915 0.2325 0.3345 9 
F 0.615 0.475 0.17 1.055 0.543 0.246 0.2345 9 
F 0.615 0.47 0.155 1.084 0.5885 0.209 0.246 9 
F 0.625 0.49 0.155 1.115 0.484 0.277 0.3095 9 
M 0.645 0.48 0.15 1.192 0.6055 0.2595 0.285 9 
M 0.65 0.515 0.125 1.1805 0.5235 0.283 0.3275 9 
F 0.65 0.49 0.155 1.122 0.545 0.228 0.3055 9 
M 0.725 0.55 0.2 1.51 0.8735 0.4265 0.5085 9 
I 0.505 0.385 0.125 0.596 0.245 0.097 0.21 9 
F 0.515 0.395 0.135 0.516 0.2015 0.132 0.162 9 
I 0.525 0.375 0.12 0.6315 0.3045 0.114 0.19 9 
I 0.55 0.465 0.15 0.936 0.481 0.174 0.2435 9 
F 0.575 0.435 0.155 0.8975 0.4115 0.2325 0.23 9 
I 0.585 0.42 0.145 0.6735 0.2895 0.1345 0.22 9 
M 0.6 0.45 0.145 0.877 0.4325 0.155 0.24 9 
F 0.62 0.465 0.14 1.1605 0.6005 0.2195 0.307 9 
M 0.65 0.52 0.155 1.368 0.6185 0.288 0.365 9 
F 0.66 0.505 0.19 1.4045 0.6255 0.3375 0.3745 9 
M 0.725 0.57 0.19 2.3305 1.253 0.541 0.52 9 
M 0.5 0.365 0.13 0.5945 0.309 0.1085 0.1535 9 
F 0.525 0.43 0.135 0.8435 0.4325 0.18 0.1815 9 
F 0.54 0.42 0.14 0.8035 0.38 0.1805 0.21 9 
M 0.58 0.445 0.16 0.984 0.49 0.201 0.27 9 
M 0.59 0.485 0.155 1.0785 0.4535 0.2435 0.31 9 
M 0.6 0.475 0.175 1.11 0.5105 0.256 0.285 9 
F 0.625 0.485 0.16 1.254 0.591 0.259 0.3485 9 
F 0.645 0.49 0.16 1.1665 0.4935 0.3155 0.299 9 
I 0.46 0.36 0.14 0.447 0.161 0.087 0.16 9 
I 0.5 0.39 0.13 0.5075 0.2115 0.104 0.1755 9 
I 0.51 0.4 0.145 0.5775 0.231 0.143 0.177 9 
F 0.55 0.435 0.14 0.745 0.347 0.174 0.2265 9 
I 0.575 0.455 0.16 0.9895 0.495 0.195 0.246 9 
F 0.58 0.45 0.17 0.9705 0.4615 0.232 0.248 9 
I 0.585 0.45 0.135 0.855 0.3795 0.187 0.26 9 
I 0.59 0.46 0.125 0.755 0.334 0.15 0.238 9 
I 0.6 0.445 0.135 0.9205 0.445 0.2035 0.253 9 
F 0.6 0.45 0.15 0.9625 0.4375 0.2225 0.2775 9 
M 0.605 0.49 0.18 1.167 0.457 0.29 0.3745 9 
F 0.615 0.515 0.135 1.1215 0.545 0.2305 0.29 9 
F 0.62 0.475 0.15 0.9545 0.455 0.1865 0.277 9 
M 0.63 0.515 0.165 1.352 0.488 0.349 0.45 20 
F 0.59 0.455 0.155 1.066 0.382 0.2275 0.415 20 
M 0.53 0.415 0.13 0.8425 0.275 0.1945 0.265 20 
M 0.65 0.515 0.175 1.4805 0.5295 0.272 0.525 20 
F 0.57 0.45 0.17 1.098 0.414 0.187 0.405 20 
I 0.53 0.415 0.145 0.944 0.3845 0.185 0.265 21 
M 0.49 0.39 0.15 0.573 0.225 0.124 0.17 21 
