F 0.585 0.45 0.17 0.8685 0.3325 0.1635 0.27 22 
F 0.45 0.38 0.165 0.8165 0.25 0.1915 0.265 23 
M 0.58 0.455 0.135 0.7955 0.405 0.167 0.204 10 
M 0.615 0.5 0.17 1.054 0.4845 0.228 0.295 10 
M 0.655 0.49 0.175 1.3585 0.6395 0.294 0.365 10 
M 0.67 0.5 0.19 1.519 0.616 0.388 0.415 10 
M 0.595 0.45 0.145 0.959 0.463 0.2065 0.2535 10 
I 0.575 0.45 0.13 0.8145 0.403 0.1715 0.213 10 
F 0.695 0.55 0.185 1.679 0.805 0.4015 0.3965 10 
I 0.515 0.415 0.135 0.7125 0.285 0.152 0.245 10 
I 0.55 0.435 0.14 0.7995 0.295 0.1905 0.238 10 
M 0.575 0.445 0.145 0.876 0.3795 0.1615 0.27 10 
M 0.595 0.455 0.15 0.886 0.4315 0.201 0.223 10 
F 0.61 0.46 0.145 1.1185 0.478 0.2945 0.2985 10 
F 0.64 0.48 0.145 1.1145 0.508 0.24 0.34 10 
F 0.65 0.51 0.185 1.375 0.531 0.384 0.3985 10 
M 0.685 0.535 0.155 1.3845 0.6615 0.2145 0.4075 10 
I 0.47 0.375 0.105 0.441 0.167 0.0865 0.145 10 
M 0.59 0.465 0.165 1.115 0.5165 0.273 0.275 10 
F 0.71 0.5 0.15 1.3165 0.6835 0.2815 0.28 10 
I 0.37 0.29 0.1 0.25 0.1025 0.0505 0.085 10 
F 0.52 0.425 0.15 0.813 0.385 0.2015 0.23 10 
M 0.33 0.25 0.09 0.197 0.085 0.041 0.0605 10 
F 0.625 0.49 0.155 1.33 0.6675 0.259 0.33 10 
F 0.73 0.57 0.165 2.0165 1.0685 0.418 0.435 10 
F 0.615 0.5 0.165 1.327 0.6 0.3015 0.355 10 
F 0.605 0.48 0.15 1.079 0.4505 0.2835 0.293 10 
M 0.585 0.465 0.165 0.885 0.4025 0.1625 0.274 10 
M 0.595 0.475 0.14 1.0305 0.4925 0.217 0.278 10 
F 0.62 0.48 0.165 1.0125 0.5325 0.4365 0.324 10 
M 0.625 0.49 0.165 1.205 0.5175 0.3105 0.3465 10 
F 0.63 0.475 0.155 1.0005 0.452 0.252 0.265 10 
M 0.64 0.485 0.15 1.098 0.5195 0.222 0.3175 10 
M 0.64 0.515 0.08 1.042 0.515 0.1755 0.175 10 
M 0.72 0.55 0.205 2.165 1.1055 0.525 0.404 10 
F 0.59 0.455 0.15 0.976 0.465 0.2055 0.2765 10 
M 0.6 0.45 0.16 1.142 0.539 0.225 0.307 10 
F 0.62 0.48 0.17 1.1045 0.535 0.25 0.287 10 
M 0.63 0.49 0.165 1.2005 0.575 0.273 0.294 10 
F 0.72 0.55 0.18 1.52 0.637 0.325 0.435 10 
M 0.735 0.57 0.21 2.2355 1.1705 0.463 0.5315 10 
I 0.54 0.415 0.11 0.619 0.2755 0.15 0.1765 10 
I 0.545 0.43 0.15 0.742 0.3525 0.158 0.208 10 
M 0.58 0.46 0.15 1.049 0.5205 0.1935 0.305 10 
I 0.59 0.475 0.145 0.9745 0.4675 0.207 0.259 10 
F 0.6 0.48 0.17 1.056 0.4575 0.2435 0.3135 10 
I 0.605 0.48 0.155 0.9995 0.425 0.1985 0.3 10 
M 0.615 0.455 0.15 0.9335 0.382 0.247 0.2615 10 
M 0.62 0.475 0.195 1.3585 0.5935 0.3365 0.3745 10 
F 0.625 0.49 0.145 0.92 0.437 0.1735 0.28 10 
F 0.63 0.48 0.165 1.2615 0.5505 0.277 0.3885 10 
F 0.63 0.485 0.185 1.167 0.548 0.2485 0.34 10 
M 0.635 0.485 0.18 1.1795 0.4785 0.2775 0.355 10 
F 0.66 0.525 0.18 1.5965 0.7765 0.397 0.3605 10 
M 0.67 0.54 0.175 1.482 0.739 0.2925 0.365 10 
M 0.685 0.505 0.19 1.533 0.667 0.4055 0.41 10 
F 0.535 0.4 0.15 1.224 0.618 0.275 0.2875 10 
M 0.555 0.405 0.19 1.406 0.6115 0.342 0.389 10 
F 0.62 0.5 0.17 1.148 0.5475 0.22 0.3315 10 
M 0.645 0.505 0.185 1.463 0.592 0.3905 0.416 10 
M 0.54 0.42 0.19 0.6855 0.293 0.163 0.38 10 
F 0.57 0.47 0.14 0.871 0.385 0.211 0.2315 10 
F 0.58 0.435 0.155 0.8785 0.425 0.1685 0.2425 10 
M 0.63 0.495 0.18 1.31 0.495 0.295 0.4695 10 
F 0.66 0.53 0.18 1.5175 0.7765 0.302 0.401 10 
M 0.685 0.51 0.165 1.545 0.686 0.3775 0.4055 10 
M 0.46 0.355 0.14 0.491 0.207 0.115 0.174 10 
M 0.58 0.43 0.125 0.9115 0.446 0.2075 0.121 10 
M 0.66 0.525 0.2 1.489 0.6065 0.3795 0.421 10 
M 0.465 0.405 0.135 0.7775 0.436 0.1715 0.1455 10 
F 0.525 0.4 0.135 0.714 0.318 0.138 0.208 10 
F 0.575 0.45 0.135 0.8285 0.362 0.1655 0.236 10 
F 0.63 0.495 0.19 1.1655 0.536 0.2115 0.1625 10 
F 0.685 0.53 0.17 1.5105 0.7385 0.3525 0.3725 10 
M 0.465 0.36 0.105 0.488 0.188 0.0845 0.19 10 
F 0.655 0.505 0.165 1.367 0.5835 0.3515 0.396 10 
M 0.535 0.44 0.165 0.875 0.279 0.18 0.3 10 
M 0.56 0.45 0.155 0.9125 0.3595 0.271 0.35 10 
M 0.645 0.505 0.165 1.307 0.4335 0.262 0.52 10 
F 0.505 0.405 0.16 0.6835 0.271 0.145 0.215 10 
F 0.6 0.48 0.165 1.1345 0.4535 0.27 0.335 10 
F 0.42 0.32 0.13 0.4135 0.1645 0.106 0.119 10 
F 0.4 0.335 0.115 0.4335 0.2105 0.1205 0.12 10 
I 0.41 0.3 0.115 0.2595 0.097 0.0515 0.08 10 
M 0.345 0.265 0.09 0.163 0.0615 0.037 0.0485 10 
F 0.545 0.435 0.15 0.6855 0.2905 0.145 0.225 10 
I 0.47 0.375 0.105 0.468 0.1665 0.108 0.17 10 
F 0.455 0.36 0.11 0.4385 0.206 0.098 0.125 10 
I 0.54 0.405 0.15 0.7585 0.307 0.2075 0.19 10 
M 0.33 0.235 0.09 0.163 0.0615 0.034 0.055 10 
F 0.475 0.375 0.125 0.588 0.237 0.1715 0.155 10 
M 0.56 0.44 0.16 1.1115 0.5035 0.2785 0.26 10 
M 0.575 0.435 0.13 1.0105 0.368 0.222 0.32 10 
M 0.53 0.43 0.135 0.879 0.28 0.2165 0.25 10 
F 0.595 0.475 0.165 1.148 0.444 0.214 0.37 10 
M 0.64 0.51 0.17 1.3715 0.567 0.307 0.409 10 
F 0.625 0.47 0.17 1.255 0.525 0.2415 0.405 10 
M 0.635 0.495 0.155 1.3635 0.583 0.2985 0.295 10 
M 0.66 0.525 0.18 1.478 0.5815 0.381 0.372 10 
F 0.715 0.585 0.23 2.0725 0.8655 0.4095 0.565 10 
M 0.535 0.42 0.16 0.7465 0.348 0.1515 0.2185 10 
M 0.59 0.46 0.145 0.929 0.38 0.24 0.255 10 
M 0.61 0.47 0.175 1.214 0.5315 0.2835 0.325 10 
F 0.62 0.51 0.18 1.233 0.592 0.274 0.322 10 
M 0.67 0.525 0.18 1.6615 0.8005 0.3645 0.43 10 
M 0.715 0.545 0.18 1.7405 0.871 0.347 0.449 10 
I 0.55 0.425 0.155 0.8725 0.412 0.187 0.2425 10 
M 0.57 0.47 0.155 1.186 0.6355 0.2315 0.277 10 
I 0.58 0.46 0.14 0.8295 0.3915 0.165 0.238 10 
F 0.6 0.475 0.17 1.088 0.4905 0.2475 0.31 10 
F 0.62 0.48 0.165 1.043 0.4835 0.221 0.31 10 
F 0.625 0.475 0.16 1.3335 0.605 0.2875 0.319 10 
M 0.635 0.495 0.17 1.3695 0.657 0.3055 0.365 10 
F 0.59 0.465 0.17 1.0425 0.4635 0.24 0.27 10 
M 0.655 0.505 0.165 1.27 0.6035 0.262 0.335 10 
F 0.67 0.525 0.195 1.42 0.573 0.368 0.3905 10 
M 0.715 0.525 0.2 1.89 0.95 0.436 0.4305 10 
I 0.605 0.485 0.15 1.238 0.6315 0.226 0.33 11 
M 0.65 0.525 0.175 1.5365 0.6865 0.3585 0.405 11 
M 0.655 0.51 0.215 1.7835 0.8885 0.4095 0.4195 11 
F 0.635 0.52 0.165 1.3405 0.5065 0.296 0.412 11 
M 0.59 0.49 0.135 1.008 0.422 0.2245 0.285 11 
F 0.44 0.345 0.105 0.4285 0.165 0.083 0.132 11 
M 0.5 0.39 0.13 0.709 0.275 0.168 0.18 11 
F 0.635 0.495 0.195 1.297 0.556 0.2985 0.37 11 
M 0.68 0.53 0.18 1.529 0.7635 0.3115 0.4025 11 
I 0.565 0.43 0.15 0.8215 0.332 0.1685 0.29 11 
F 0.655 0.515 0.155 1.309 0.524 0.346 0.385 11 
F 0.72 0.565 0.18 1.719 0.8465 0.407 0.3875 11 
F 0.58 0.44 0.125 0.7855 0.363 0.1955 0.195 11 
I 0.61 0.49 0.16 1.1545 0.5865 0.2385 0.2915 11 
M 0.635 0.52 0.175 1.292 0.6 0.269 0.367 11 
M 0.64 0.505 0.18 1.297 0.59 0.3125 0.363 11 
M 0.7 0.545 0.185 1.6135 0.75 0.4035 0.3685 11 
I 0.52 0.41 0.14 0.6625 0.2775 0.1555 0.196 11 
I 0.55 0.445 0.145 0.783 0.3045 0.157 0.265 11 
M 0.585 0.45 0.175 1.1275 0.4925 0.262 0.335 11 
F 0.6 0.45 0.14 0.869 0.3425 0.195 0.291 11 
F 0.61 0.495 0.16 1.089 0.469 0.198 0.384 11 
I 0.62 0.475 0.16 0.907 0.371 0.167 0.3075 11 
M 0.63 0.515 0.175 1.1955 0.492 0.247 0.37 11 
F 0.64 0.485 0.145 1.1335 0.5525 0.2505 0.3015 11 
M 0.65 0.505 0.17 1.5595 0.695 0.3515 0.395 11 
M 0.655 0.54 0.165 1.403 0.6955 0.2385 0.42 11 
F 0.655 0.455 0.17 1.2895 0.587 0.3165 0.3415 11 
M 0.675 0.52 0.145 1.3645 0.557 0.3405 0.385 11 
F 0.68 0.56 0.195 1.664 0.58 0.3855 0.545 11 
F 0.755 0.575 0.2 2.073 1.0135 0.4655 0.48 11 
M 0.51 0.395 0.125 0.5805 0.244 0.1335 0.188 11 
M 0.545 0.435 0.145 0.9385 0.3685 0.1245 0.345 11 
M 0.595 0.455 0.145 0.942 0.43 0.182 0.277 11 
M 0.645 0.5 0.18 1.461 0.5985 0.2425 0.439 11 
M 0.615 0.495 0.155 1.2865 0.435 0.293 0.3245 11 
M 0.67 0.515 0.165 1.1735 0.526 0.285 0.316 11 
M 0.535 0.42 0.125 0.764 0.312 0.1505 0.265 11 
I 0.335 0.26 0.09 0.1835 0.078 0.024 0.065 11 
F 0.47 0.375 0.105 0.513 0.232 0.142 0.13 11 
F 0.505 0.405 0.18 0.606 0.239 0.1235 0.18 11 
I 0.51 0.405 0.12 0.61 0.229 0.131 0.235 11 
M 0.5 0.385 0.135 0.551 0.2245 0.0715 0.206 11 
F 0.59 0.415 0.15 0.8805 0.3645 0.234 0.235 11 
M 0.45 0.335 0.14 0.478 0.1865 0.115 0.16 11 
F 0.62 0.485 0.175 1.271 0.531 0.3075 0.37 11 
M 0.5 0.4 0.145 0.6025 0.216 0.138 0.21 11 
M 0.57 0.455 0.15 0.96 0.387 0.2385 0.275 11 
M 0.595 0.5 0.165 1.06 0.402 0.28 0.275 11 
F 0.495 0.385 0.135 0.6625 0.3005 0.1635 0.185 11 
M 0.465 0.36 0.125 0.4365 0.169 0.1075 0.145 11 
M 0.55 0.45 0.17 0.81 0.317 0.157 0.22 11 
F 0.59 0.475 0.155 0.9715 0.371 0.235 0.28 11 
F 0.495 0.375 0.15 0.597 0.2615 0.135 0.178 11 
F 0.66 0.525 0.19 1.67 0.6525 0.4875 0.49 11 
M 0.4 0.31 0.11 0.314 0.138 0.057 0.1 11 
I 0.49 0.385 0.14 0.5425 0.198 0.127 0.175 11 
F 0.51 0.34 0.18 0.7005 0.312 0.165 0.2 11 
F 0.45 0.35 0.125 0.4435 0.185 0.09 0.145 11 
M 0.415 0.32 0.1 0.3005 0.1215 0.0575 0.104 11 
I 0.445 0.345 0.13 0.4075 0.1365 0.0645 0.18 11 
M 0.33 0.245 0.085 0.171 0.0655 0.0365 0.055 11 
M 0.6 0.475 0.15 1.089 0.5195 0.223 0.292 11 
F 0.63 0.475 0.15 1.172 0.536 0.254 0.316 11 
F 0.625 0.495 0.16 1.1115 0.4495 0.2825 0.345 11 
F 0.665 0.52 0.165 1.6885 0.7295 0.407 0.4265 11 
F 0.615 0.49 0.19 1.1345 0.4695 0.257 0.348 11 
F 0.64 0.5 0.165 1.1635 0.554 0.239 0.32 11 
M 0.655 0.52 0.18 1.492 0.7185 0.36 0.355 11 
F 0.7 0.575 0.2 1.7365 0.7755 0.3965 0.461 11 
M 0.71 0.57 0.195 1.348 0.8985 0.4435 0.4535 11 
I 0.58 0.47 0.15 0.907 0.444 0.1855 0.2445 11 
F 0.6 0.475 0.155 1.059 0.441 0.19 0.39 11 
M 0.625 0.49 0.165 1.1835 0.517 0.2375 0.39 11 
I 0.63 0.465 0.15 1.0315 0.4265 0.24 0.325 11 
M 0.65 0.515 0.18 1.463 0.658 0.3135 0.4115 11 
M 0.655 0.525 0.16 1.46 0.686 0.311 0.405 11 
M 0.66 0.515 0.2 1.6465 0.749 0.422 0.401 11 
F 0.61 0.49 0.17 1.3475 0.7045 0.25 0.3045 11 
M 0.63 0.515 0.17 1.385 0.6355 0.2955 0.38 11 
I 0.53 0.395 0.125 0.6235 0.2975 0.108 0.195 11 
F 0.585 0.42 0.155 1.034 0.437 0.2225 0.32 11 
M 0.605 0.49 0.165 1.1245 0.492 0.222 0.3555 11 
M 0.62 0.5 0.18 1.3915 0.726 0.2795 0.332 11 
I 0.62 0.47 0.155 0.966 0.447 0.171 0.284 11 
I 0.625 0.485 0.16 1.15 0.5255 0.257 0.3315 11 
M 0.65 0.52 0.17 1.3655 0.6155 0.2885 0.36 11 
M 0.65 0.525 0.19 1.3685 0.5975 0.296 0.4 11 
F 0.665 0.54 0.195 1.764 0.8505 0.3615 0.47 11 
M 0.67 0.54 0.195 1.217 0.532 0.2735 0.3315 11 
M 0.58 0.465 0.16 1.0345 0.315 0.26 0.3635 12 
F 0.73 0.575 0.185 1.8795 0.931 0.38 0.4825 12 
M 0.68 0.54 0.19 1.623 0.7165 0.354 0.4715 12 
F 0.5 0.405 0.15 0.5965 0.253 0.126 0.185 12 
M 0.45 0.36 0.16 0.567 0.174 0.1245 0.225 12 
M 0.505 0.4 0.155 0.8415 0.2715 0.1775 0.285 12 
F 0.48 0.39 0.125 0.6905 0.219 0.155 0.2 12 
M 0.64 0.585 0.195 1.647 0.7225 0.331 0.471 12 
M 0.645 0.5 0.175 1.5105 0.6735 0.3755 0.3775 12 
M 0.695 0.525 0.175 1.742 0.696 0.389 0.505 12 
M 0.765 0.585 0.18 2.398 1.128 0.512 0.5335 12 
F 0.74 0.575 0.22 2.012 0.8915 0.5265 0.471 12 
M 0.63 0.505 0.175 1.221 0.555 0.252 0.34 12 
M 0.65 0.51 0.175 1.446 0.6485 0.2705 0.45 12 
F 0.635 0.51 0.185 1.286 0.526 0.295 0.4105 12 
F 0.72 0.565 0.17 1.613 0.723 0.3255 0.4945 12 
F 0.61 0.47 0.195 1.2735 0.469 0.3315 0.398 12 
F 0.645 0.485 0.15 1.151 0.5935 0.2315 0.293 12 
F 0.65 0.565 0.2 1.6645 0.753 0.367 0.43 12 
F 0.67 0.525 0.19 1.527 0.5755 0.353 0.44 12 
F 0.68 0.505 0.17 1.3435 0.657 0.297 0.355 12 
M 0.735 0.59 0.205 2.087 0.909 0.474 0.625 12 
F 0.75 0.615 0.205 2.2635 0.821 0.423 0.726 12 
M 0.595 0.47 0.175 0.991 0.382 0.2395 0.5 12 
M 0.6 0.45 0.15 0.8665 0.3695 0.1955 0.255 12 
M 0.65 0.51 0.175 1.3165 0.6345 0.2605 0.364 12 
F 0.71 0.53 0.195 1.8745 0.6755 0.4065 0.6855 12 
F 0.49 0.38 0.13 0.539 0.229 0.1355 0.165 12 
F 0.61 0.47 0.16 1.017 0.426 0.2255 0.32 12 
M 0.565 0.45 0.14 1.0055 0.3785 0.244 0.265 12 
F 0.64 0.505 0.19 1.2765 0.4835 0.328 0.4 12 
F 0.61 0.48 0.19 1.2955 0.5215 0.3225 0.365 12 
M 0.48 0.38 0.13 0.6175 0.3 0.142 0.175 12 
F 0.575 0.48 0.15 0.8745 0.375 0.193 0.29 12 
F 0.645 0.52 0.19 1.3105 0.58 0.288 0.37 12 
F 0.655 0.5 0.14 1.1705 0.5405 0.3175 0.285 12 
M 0.46 0.355 0.11 0.415 0.215 0.082 0.13 12 
M 0.525 0.415 0.16 0.6445 0.26 0.1575 0.22 12 
M 0.55 0.46 0.13 0.7085 0.305 0.1455 0.205 12 
F 0.51 0.395 0.12 0.6175 0.262 0.122 0.193 12 
F 0.565 0.45 0.185 0.9285 0.302 0.1805 0.265 12 
F 0.48 0.38 0.135 0.507 0.1915 0.1365 0.155 12 
F 0.395 0.3 0.105 0.3375 0.1435 0.0755 0.098 12 
I 0.55 0.415 0.135 0.8095 0.2985 0.2015 0.28 12 
I 0.45 0.36 0.125 0.45 0.191 0.0865 0.145 12 
F 0.425 0.325 0.135 0.382 0.1465 0.079 0.14 12 
F 0.585 0.475 0.185 0.8575 0.3465 0.1785 0.275 12 
F 0.49 0.39 0.135 0.59 0.215 0.125 0.1845 12 
F 0.48 0.38 0.145 0.59 0.232 0.141 0.23 12 
F 0.435 0.35 0.11 0.384 0.143 0.1005 0.125 13 
M 0.515 0.42 0.14 0.769 0.2505 0.154 0.29 13 
F 0.49 0.4 0.145 0.6635 0.21 0.1295 0.2515 13 
F 0.675 0.555 0.205 1.925 0.713 0.358 0.4535 13 
F 0.69 0.545 0.205 1.933 0.7855 0.429 0.498 13 
M 0.67 0.51 0.18 1.68 0.926 0.2975 0.3935 13 
M 0.7 0.55 0.2 1.523 0.693 0.306 0.4405 13 
M 0.7 0.54 0.205 1.74 0.7885 0.373 0.4865 13 
F 0.605 0.495 0.17 1.0915 0.4365 0.2715 0.335 13 
F 0.66 0.525 0.16 1.277 0.4975 0.319 0.394 13 
M 0.69 0.515 0.18 1.8445 0.9815 0.4655 0.341 13 
M 0.535 0.405 0.175 1.2705 0.548 0.3265 0.337 13 
M 0.68 0.54 0.21 1.7885 0.8345 0.408 0.437 13 
M 0.615 0.49 0.17 1.145 0.4915 0.208 0.343 13 
M 0.71 0.56 0.175 1.724 0.566 0.4575 0.4625 13 
M 0.55 0.42 0.17 0.8465 0.336 0.2405 0.245 13 
F 0.645 0.5 0.18 1.2785 0.5345 0.2995 0.345 13 
F 0.64 0.475 0.19 1.151 0.4365 0.281 0.3805 13 
M 0.525 0.405 0.16 0.792 0.316 0.1455 0.28 13 
F 0.67 0.545 0.175 1.707 0.6995 0.387 0.575 13 
M 0.65 0.515 0.18 1.3315 0.5665 0.347 0.405 13 
F 0.555 0.42 0.14 0.868 0.33 0.243 0.21 13 
F 0.45 0.35 0.135 0.56 0.231 0.137 0.145 13 
M 0.485 0.41 0.15 0.696 0.2405 0.1625 0.265 13 
F 0.695 0.55 0.16 1.6365 0.694 0.3005 0.44 13 
F 0.56 0.435 0.125 0.8775 0.3345 0.2145 0.29 13 
F 0.625 0.475 0.13 0.8595 0.3195 0.1775 0.24 13 
F 0.58 0.475 0.165 1.0385 0.414 0.26 0.305 13 
F 0.665 0.57 0.185 1.522 0.6965 0.3025 0.405 13 
M 0.575 0.455 0.185 1.156 0.5525 0.243 0.295 13 
F 0.62 0.5 0.175 1.146 0.477 0.23 0.39 13 
F 0.62 0.485 0.165 1.166 0.483 0.238 0.355 13 
I 0.575 0.475 0.17 0.967 0.3775 0.284 0.275 13 
F 0.455 0.365 0.11 0.385 0.166 0.046 0.1345 13 
I 0.49 0.385 0.115 0.683 0.3265 0.1615 0.165 13 
I 0.61 0.48 0.165 1.097 0.4215 0.264 0.335 13 
M 0.65 0.495 0.18 1.793 0.8005 0.339 0.53 14 
F 0.635 0.51 0.175 1.2125 0.5735 0.261 0.36 14 
I 0.61 0.475 0.17 1.0385 0.4435 0.241 0.32 14 
I 0.565 0.435 0.155 0.782 0.2715 0.168 0.285 14 
F 0.465 0.38 0.135 0.579 0.208 0.1095 0.22 14 
M 0.445 0.35 0.14 0.5905 0.2025 0.158 0.19 14 
M 0.645 0.515 0.175 1.6115 0.6745 0.384 0.385 14 
M 0.605 0.49 0.145 1.3 0.517 0.3285 0.31 14 
F 0.54 0.415 0.175 0.8975 0.275 0.241 0.275 14 
M 0.5 0.385 0.145 0.7615 0.246 0.195 0.204 14 
F 0.695 0.53 0.2 2.0475 0.75 0.4195 0.6095 14 
M 0.73 0.585 0.225 2.2305 1.2395 0.422 0.563 14 
F 0.73 0.55 0.205 1.908 0.5415 0.3565 0.5965 14 
M 0.585 0.45 0.15 1.047 0.4315 0.276 0.315 14 
F 0.57 0.465 0.155 0.872 0.3245 0.239 0.285 14 
F 0.525 0.405 0.115 0.72 0.3105 0.1915 0.2 14 
I 0.43 0.34 0.125 0.384 0.1375 0.061 0.146 14 
F 0.57 0.495 0.16 1.0915 0.452 0.275 0.315 14 
F 0.64 0.505 0.19 1.2355 0.4435 0.3105 0.365 14 
M 0.665 0.535 0.155 1.383 0.596 0.2565 0.485 14 
M 0.65 0.525 0.19 1.4995 0.6265 0.4005 0.395 14 
F 0.655 0.51 0.16 1.092 0.396 0.2825 0.37 14 
F 0.595 0.485 0.145 1.2515 0.5035 0.2925 0.33 14 
M 0.52 0.4 0.12 0.823 0.298 0.1805 0.265 15 
F 0.47 0.36 0.145 0.537 0.1725 0.1375 0.195 15 
M 0.695 0.57 0.2 2.033 0.751 0.4255 0.685 15 
I 0.48 0.39 0.145 0.5825 0.2315 0.121 0.255 15 
F 0.6 0.47 0.2 1.031 0.392 0.2035 0.29 15 
M 0.65 0.545 0.16 1.2425 0.487 0.296 0.48 15 
I 0.555 0.455 0.17 0.8435 0.309 0.1905 0.3 15 
I 0.62 0.485 0.17 1.208 0.4805 0.3045 0.33 15 
I 0.52 0.415 0.16 0.595 0.2105 0.142 0.26 15 
M 0.49 0.39 0.135 0.592 0.242 0.096 0.1835 15 
M 0.495 0.4 0.14 0.7775 0.2015 0.18 0.25 15 
M 0.66 0.535 0.2 1.791 0.733 0.318 0.54 15 
M 0.65 0.52 0.195 1.676 0.693 0.44 0.47 15 
M 0.64 0.49 0.14 1.194 0.4445 0.238 0.375 15 
M 0.605 0.49 0.155 1.153 0.503 0.2505 0.295 15 
I 0.48 0.38 0.125 0.523 0.2105 0.1045 0.175 15 
F 0.69 0.54 0.185 1.5715 0.6935 0.318 0.47 15 
M 0.635 0.48 0.19 1.467 0.5825 0.303 0.42 15 
F 0.72 0.595 0.225 1.969 0.8045 0.423 0.66 16 
I 0.44 0.355 0.165 0.435 0.159 0.105 0.14 16 
F 0.66 0.515 0.18 1.523 0.54 0.3365 0.555 16 
F 0.515 0.4 0.17 0.796 0.258 0.1755 0.28 16 
M 0.51 0.415 0.14 0.8185 0.3025 0.2155 0.235 16 
M 0.63 0.51 0.19 1.4985 0.4125 0.3075 0.545 16 
M 0.64 0.525 0.2 1.3765 0.44 0.3075 0.47 16 
M 0.605 0.485 0.175 1.145 0.4325 0.27 0.405 16 
F 0.57 0.435 0.14 0.8085 0.3235 0.183 0.22 16 
M 0.44 0.35 0.14 0.451 0.171 0.0705 0.184 16 
F 0.535 0.425 0.155 0.7765 0.302 0.1565 0.25 16 
F 0.66 0.52 0.2 1.676 0.673 0.4805 0.45 17 
F 0.53 0.425 0.17 0.949 0.3485 0.2395 0.278 17 
M 0.73 0.595 0.23 2.8255 1.1465 0.419 0.897 17 
F 0.715 0.565 0.24 2.1995 0.7245 0.465 0.885 17 
M 0.63 0.51 0.23 1.539 0.5635 0.2815 0.57 17 
M 0.585 0.465 0.19 1.171 0.3905 0.2355 0.4 17 
M 0.575 0.435 0.15 0.805 0.293 0.1625 0.27 17 
M 0.655 0.485 0.195 1.62 0.6275 0.358 0.485 17 
F 0.71 0.565 0.195 1.7265 0.638 0.3365 0.565 17 
F 0.72 0.56 0.175 1.7265 0.637 0.3415 0.525 17 
M 0.7 0.53 0.19 1.3185 0.548 0.233 0.42 18 
F 0.66 0.525 0.205 1.3665 0.5005 0.291 0.41 18 
M 0.425 0.315 0.125 0.3525 0.1135 0.0565 0.13 18 
F 0.635 0.5 0.18 1.312 0.529 0.2485 0.485 18 
F 0.64 0.54 0.175 1.571 0.627 0.271 0.475 18 
F 0.545 0.405 0.175 0.98 0.2585 0.207 0.38 18 
M 0.635 0.51 0.155 1.156 0.428 0.289 0.315 18 
I 0.45 0.355 0.12 0.412 0.1145 0.0665 0.16 19 
M 0.59 0.475 0.16 0.9455 0.3815 0.184 0.27 19 
M 0.695 0.57 0.23 1.885 0.8665 0.435 0.5 19 
M 0.54 0.41 0.145 0.989 0.2815 0.213 0.355 19 
F 0.69 0.555 0.205 1.8165 0.7785 0.4395 0.515 19 
I 0.195 0.15 0.045 0.0375 0.018 0.006 0.011 3 
I 0.14 0.105 0.035 0.014 0.0055 0.0025 0.004 3 
I 0.245 0.18 0.065 0.071 0.03 0.013 0.0215 4 
I 0.16 0.11 0.025 0.0195 0.0075 0.005 0.006 4 
I 0.275 0.195 0.07 0.0875 0.0345 0.022 0.0255 4 
I 0.22 0.16 0.05 0.049 0.0215 0.01 0.015 4 
I 0.21 0.15 0.045 0.04 0.0135 0.008 0.0105 4 
I 0.255 0.195 0.055 0.0725 0.0285 0.017 0.021 4 
I 0.315 0.235 0.075 0.1285 0.051 0.028 0.0405 4 
I 0.255 0.185 0.065 0.074 0.0305 0.0165 0.02 4 
I 0.225 0.17 0.05 0.0515 0.019 0.012 0.017 4 
I 0.2 0.15 0.04 0.046 0.021 0.007 0.0065 4 
I 0.31 0.225 0.07 0.1055 0.435 0.015 0.04 5 
I 0.285 0.21 0.055 0.101 0.0415 0.017 0.0335 5 
I 0.27 0.195 0.065 0.1065 0.0475 0.0225 0.0285 5 
M 0.155 0.115 0.025 0.024 0.009 0.005 0.0075 5 
I 0.25 0.18 0.06 0.073 0.028 0.017 0.0225 5 
I 0.285 0.21 0.07 0.109 0.044 0.0265 0.033 5 
I 0.23 0.18 0.05 0.064 0.0215 0.0135 0.02 5 
I 0.28 0.22 0.08 0.1315 0.066 0.024 0.03 5 
I 0.275 0.205 0.07 0.1055 0.495 0.019 0.0315 5 
I 0.29 0.215 0.065 0.0985 0.0425 0.021 0.031 5 
I 0.36 0.26 0.08 0.1795 0.074 0.0315 0.06 5 
I 0.24 0.17 0.05 0.0545 0.0205 0.016 0.0155 5 
I 0.375 0.265 0.095 0.196 0.085 0.042 0.0585 5 
I 0.32 0.205 0.08 0.181 0.088 0.034 0.0495 5 
I 0.37 0.28 0.085 0.198 0.0805 0.0455 0.058 5 
I 0.23 0.17 0.05 0.057 0.026 0.013 0.016 5 
I 0.29 0.215 0.06 0.1115 0.053 0.0185 0.032 5 
I 0.37 0.275 0.1 0.2815 0.1505 0.0505 0.068 5 
I 0.18 0.135 0.08 0.033 0.0145 0.007 0.01 5 
I 0.2 0.145 0.025 0.0345 0.011 0.0075 0.01 5 
I 0.475 0.35 0.11 0.4565 0.206 0.099 0.13 6 
I 0.365 0.27 0.085 0.1875 0.081 0.042 0.058 6 
I 0.47 0.355 0.12 0.3685 0.126 0.0835 0.1365 6 
I 0.415 0.31 0.1 0.2805 0.114 0.0565 0.0975 6 
I 0.29 0.21 0.06 0.1195 0.056 0.0235 0.03 6 
I 0.36 0.27 0.085 0.2185 0.1065 0.038 0.062 6 
M 0.335 0.235 0.085 0.1545 0.066 0.0345 0.045 6 
I 0.27 0.19 0.08 0.081 0.0265 0.0195 0.03 6 
I 0.325 0.27 0.1 0.185 0.08 0.0435 0.065 6 
I 0.17 0.125 0.055 0.0235 0.009 0.0055 0.008 6 
I 0.31 0.24 0.105 0.2885 0.118 0.065 0.083 6 
I 0.31 0.225 0.075 0.155 0.065 0.037 0.0365 6 
I 0.38 0.285 0.085 0.237 0.115 0.0405 0.07 6 
I 0.44 0.325 0.1 0.4165 0.185 0.0865 0.11 6 
M 0.53 0.41 0.14 0.681 0.3095 0.1415 0.1835 6 
I 0.355 0.285 0.095 0.2275 0.0955 0.0475 0.0715 6 
I 0.345 0.255 0.095 0.183 0.075 0.0385 0.06 6 
I 0.405 0.3 0.09 0.2885 0.138 0.0635 0.0765 6 
I 0.325 0.24 0.075 0.1525 0.072 0.0645 0.043 6 
I 0.375 0.285 0.09 0.2545 0.119 0.0595 0.0675 6 
I 0.31 0.23 0.07 0.1245 0.0505 0.0265 0.038 6 
I 0.41 0.305 0.095 0.2625 0.1 0.0515 0.09 6 
I 0.32 0.215 0.095 0.305 0.14 0.067 0.0885 6 
I 0.43 0.33 0.1 0.449 0.254 0.0825 0.097 6 
I 0.375 0.26 0.08 0.2075 0.09 0.0415 0.07 6 
I 0.395 0.3 0.09 0.253 0.1155 0.05 0.075 6 
I 0.255 0.185 0.06 0.0925 0.039 0.021 0.025 6 
I 0.44 0.34 0.12 0.4995 0.2965 0.0945 0.1185 6 
F 0.335 0.22 0.07 0.17 0.076 0.0365 0.05 6 
M 0.35 0.265 0.09 0.2265 0.0995 0.0575 0.065 6 
F 0.47 0.36 0.11 0.4965 0.237 0.127 0.13 6 
F 0.385 0.3 0.1 0.2725 0.1115 0.057 0.08 6 
M 0.3 0.24 0.09 0.161 0.0725 0.039 0.05 6 
I 0.43 0.35 0.105 0.366 0.1705 0.0855 0.11 6 
I 0.39 0.3 0.1 0.3085 0.1385 0.0735 0.085 6 
I 0.31 0.235 0.09 0.127 0.048 0.031 0.04 6 
I 0.35 0.265 0.08 0.192 0.081 0.0465 0.053 6 
I 0.415 0.31 0.105 0.3595 0.167 0.083 0.0915 6 
I 0.28 0.21 0.065 0.111 0.0425 0.0285 0.03 6 
I 0.36 0.27 0.09 0.219 0.097 0.0405 0.065 6 
I 0.37 0.28 0.09 0.2565 0.1255 0.0645 0.0645 6 
I 0.38 0.275 0.095 0.2505 0.0945 0.0655 0.075 6 
I 0.355 0.265 0.085 0.2435 0.122 0.0525 0.06 6 
I 0.4 0.3 0.11 0.2985 0.1375 0.071 0.075 6 
I 0.465 0.345 0.105 0.4015 0.242 0.0345 0.109 6 
I 0.32 0.24 0.085 0.131 0.0615 0.0265 0.038 6 
I 0.335 0.26 0.085 0.192 0.097 0.03 0.054 6 
I 0.445 0.325 0.1 0.378 0.1795 0.1 0.089 7 
I 0.375 0.29 0.085 0.2385 0.118 0.045 0.0695 7 
I 0.365 0.27 0.085 0.2225 0.0935 0.0525 0.066 7 
I 0.46 0.35 0.11 0.4 0.176 0.083 0.1205 7 
I 0.41 0.335 0.105 0.3305 0.1405 0.064 0.105 7 
M 0.565 0.415 0.125 0.667 0.302 0.1545 0.185 7 
I 0.35 0.235 0.08 0.17 0.0725 0.0465 0.0495 7 
I 0.405 0.25 0.09 0.2875 0.128 0.063 0.0805 7 
F 0.4 0.305 0.16 0.368 0.173 0.0705 0.105 7 
M 0.425 0.33 0.08 0.361 0.134 0.0825 0.125 7 
I 0.275 0.2 0.075 0.086 0.0305 0.019 0.03 7 
I 0.505 0.39 0.185 0.6125 0.267 0.142 0.172 7 
I 0.34 0.265 0.07 0.185 0.0625 0.0395 0.07 7 
I 0.46 0.345 0.12 0.4155 0.198 0.0885 0.107 7 
I 0.44 0.34 0.1 0.407 0.209 0.0735 0.103 7 
I 0.465 0.355 0.105 0.442 0.2085 0.0975 0.1185 7 
I 0.495 0.38 0.12 0.512 0.233 0.1205 0.136 7 
M 0.545 0.42 0.145 0.778 0.3745 0.1545 0.205 7 
F 0.585 0.45 0.15 0.938 0.467 0.203 0.225 7 
M 0.615 0.45 0.15 1.198 0.707 0.2095 0.2505 7 
I 0.355 0.255 0.08 0.187 0.078 0.0505 0.058 7 
I 0.375 0.275 0.095 0.2295 0.095 0.0545 0.066 7 
I 0.4 0.305 0.1 0.3415 0.176 0.0625 0.0865 7 
I 0.405 0.305 0.1 0.268 0.1145 0.053 0.085 7 
I 0.415 0.335 0.1 0.358 0.169 0.067 0.105 7 
I 0.43 0.34 0.11 0.3645 0.159 0.0855 0.105 7 
I 0.475 0.355 0.115 0.5195 0.279 0.088 0.1325 7 
M 0.515 0.41 0.14 0.7355 0.3065 0.137 0.2 7 
I 0.32 0.235 0.09 0.183 0.098 0.0335 0.042 7 
I 0.39 0.29 0.09 0.2625 0.117 0.054 0.077 7 
I 0.46 0.365 0.115 0.511 0.2365 0.118 0.123 7 
I 0.52 0.395 0.145 0.77 0.424 0.142 0.1895 7 
I 0.335 0.26 0.09 0.1965 0.0875 0.041 0.056 7 
I 0.375 0.28 0.085 0.2145 0.0855 0.0485 0.072 7 
I 0.445 0.31 0.09 0.336 0.1555 0.09 0.0855 7 
M 0.63 0.51 0.17 1.1885 0.4915 0.3065 0.348 7 
I 0.5 0.37 0.115 0.5745 0.306 0.112 0.141 7 
I 0.39 0.3 0.1 0.2665 0.1105 0.059 0.084 7 
I 0.435 0.335 0.105 0.3535 0.156 0.05 0.1135 7 
I 0.495 0.33 0.1 0.44 0.177 0.095 0.15 7 
I 0.515 0.385 0.125 0.572 0.237 0.1435 0.165 7 
I 0.425 0.31 0.095 0.3075 0.139 0.0745 0.093 7 
I 0.375 0.285 0.08 0.226 0.0975 0.04 0.0725 7 
I 0.415 0.32 0.115 0.3045 0.1215 0.0735 0.094 7 
I 0.44 0.34 0.1 0.379 0.1725 0.0815 0.101 7 
F 0.55 0.425 0.14 0.952 0.4895 0.1945 0.2185 7 
M 0.54 0.41 0.13 0.56 0.2375 0.1065 0.175 7 
I 0.275 0.2 0.065 0.1165 0.0565 0.013 0.035 7 
F 0.37 0.295 0.1 0.2685 0.1165 0.056 0.0835 7 
M 0.55 0.405 0.15 0.9235 0.412 0.2135 0.24 7 
I 0.31 0.235 0.075 0.1515 0.056 0.0315 0.05 7 
F 0.435 0.35 0.105 0.4195 0.194 0.1005 0.13 7 
M 0.455 0.375 0.125 0.484 0.2155 0.102 0.165 7 
M 0.265 0.2 0.065 0.084 0.034 0.0105 0.03 7 
F 0.305 0.225 0.07 0.1485 0.0585 0.0335 0.045 7 
I 0.34 0.25 0.075 0.1765 0.0785 0.0405 0.05 7 
I 0.39 0.315 0.09 0.3095 0.147 0.05 0.09 7 
I 0.43 0.32 0.1 0.3855 0.192 0.0745 0.1 7 
M 0.56 0.45 0.14 0.9 0.472 0.182 0.218 7 
I 0.375 0.285 0.09 0.257 0.1045 0.062 0.075 7 
I 0.465 0.37 0.1 0.5055 0.234 0.11 0.14 7 
I 0.485 0.37 0.1 0.513 0.219 0.1075 0.13 7 
M 0.52 0.39 0.12 0.6435 0.2885 0.157 0.161 7 
F 0.525 0.44 0.125 0.7115 0.3205 0.159 0.1915 7 
I 0.4 0.29 0.1 0.258 0.104 0.059 0.0815 7 
I 0.44 0.33 0.11 0.38 0.197 0.079 0.09 7 
I 0.47 0.355 0.145 0.4485 0.156 0.102 0.123 7 
I 0.485 0.37 0.115 0.637 0.38 0.1335 0.128 7 
I 0.35 0.26 0.09 0.1765 0.072 0.0355 0.0575 7 
I 0.36 0.265 0.09 0.2055 0.096 0.037 0.0585 7 
I 0.38 0.285 0.09 0.2305 0.1005 0.039 0.0775 7 
I 0.505 0.355 0.125 0.601 0.25 0.1205 0.185 8 
I 0.475 0.38 0.12 0.441 0.1785 0.0885 0.1505 8 
M 0.525 0.4 0.14 0.7205 0.3685 0.145 0.1735 8 
I 0.425 0.325 0.11 0.317 0.135 0.048 0.09 8 
I 0.5 0.4 0.12 0.616 0.261 0.143 0.1935 8 
I 0.55 0.425 0.15 0.7665 0.339 0.176 0.21 8 
I 0.545 0.42 0.165 0.8935 0.4235 0.2195 0.228 8 
I 0.495 0.375 0.14 0.494 0.181 0.0975 0.191 8 
F 0.5 0.38 0.14 0.6355 0.277 0.143 0.1785 8 
F 0.4 0.3 0.115 0.3025 0.1335 0.0465 0.0935 8 
F 0.535 0.46 0.145 0.7875 0.3395 0.2005 0.2 8 
F 0.46 0.36 0.115 0.4755 0.2105 0.105 0.16 8 
I 0.495 0.385 0.125 0.585 0.2755 0.1235 0.165 8 
M 0.465 0.375 0.11 0.5 0.21 0.113 0.1505 8 
F 0.58 0.445 0.145 0.888 0.41 0.1815 0.2425 8 
F 0.6 0.46 0.15 1.235 0.6025 0.274 0.29 8 
I 0.49 0.375 0.125 0.5445 0.279 0.115 0.13 8 
I 0.51 0.385 0.15 0.625 0.3095 0.119 0.1725 8 
F 0.55 0.44 0.135 0.8435 0.434 0.1995 0.185 8 
M 0.58 0.455 0.13 0.852 0.41 0.1725 0.225 8 
F 0.595 0.465 0.15 1.1005 0.5415 0.166 0.265 8 
I 0.395 0.32 0.1 0.3075 0.149 0.0535 0.09 8 
I 0.41 0.325 0.11 0.326 0.1325 0.075 0.101 8 
I 0.46 0.345 0.105 0.415 0.187 0.087 0.11 8 
I 0.525 0.385 0.13 0.607 0.2355 0.125 0.195 8 
M 0.57 0.42 0.14 0.8745 0.416 0.165 0.25 8 
I 0.47 0.385 0.13 0.587 0.264 0.117 0.174 8 
M 0.505 0.365 0.115 0.521 0.25 0.096 0.15 8 
I 0.52 0.4 0.11 0.597 0.2935 0.1155 0.16 8 
I 0.53 0.38 0.125 0.616 0.292 0.113 0.185 8 
I 0.545 0.43 0.13 0.7595 0.358 0.153 0.2055 8 
I 0.55 0.425 0.13 0.664 0.2695 0.163 0.21 8 
F 0.575 0.425 0.15 0.8765 0.455 0.18 0.228 8 
M 0.58 0.465 0.15 0.9065 0.371 0.1965 0.29 8 
F 0.635 0.5 0.19 1.29 0.593 0.3045 0.352 8 
I 0.43 0.345 0.115 0.4295 0.212 0.108 0.109 8 
M 0.49 0.355 0.155 0.981 0.465 0.2015 0.2505 8 
F 0.525 0.41 0.135 0.7905 0.4065 0.198 0.177 8 
M 0.595 0.485 0.15 1.0835 0.5305 0.231 0.276 8 
I 0.375 0.285 0.09 0.237 0.106 0.0395 0.08 8 
I 0.435 0.325 0.105 0.335 0.136 0.065 0.115 8 
I 0.45 0.33 0.115 0.365 0.14 0.0825 0.1245 8 
I 0.46 0.37 0.11 0.3965 0.1485 0.0855 0.1455 8 
I 0.5 0.38 0.135 0.5285 0.226 0.123 0.209 8 
I 0.525 0.4 0.11 0.6275 0.3015 0.126 0.18 8 
M 0.535 0.41 0.12 0.6835 0.3125 0.1655 0.159 8 
I 0.575 0.43 0.13 0.7425 0.2895 0.2005 0.22 8 
I 0.59 0.47 0.145 0.974 0.453 0.236 0.289 8 
I 0.425 0.32 0.085 0.262 0.1235 0.067 0.0725 8 
F 0.55 0.43 0.15 0.655 0.2635 0.122 0.221 8 
M 0.6 0.465 0.18 1.193 0.5145 0.315 0.3055 8 
I 0.395 0.3 0.12 0.2995 0.1265 0.068 0.0895 8 
F 0.47 0.36 0.1 0.4705 0.1635 0.089 0.1385 8 
M 0.46 0.36 0.125 0.547 0.2165 0.1105 0.19 8 
M 0.38 0.3 0.1 0.2505 0.106 0.0535 0.0775 8 
F 0.51 0.385 0.135 0.632 0.282 0.145 0.17 8 
I 0.295 0.215 0.075 0.116 0.037 0.0295 0.04 8 
M 0.52 0.415 0.175 0.753 0.258 0.171 0.255 8 
I 0.345 0.285 0.1 0.2225 0.0865 0.058 0.075 8 
I 0.455 0.375 0.125 0.533 0.233 0.106 0.185 8 
I 0.39 0.3 0.105 0.259 0.0955 0.038 0.085 8 
I 0.475 0.365 0.14 0.4545 0.171 0.118 0.158 8 
I 0.375 0.285 0.1 0.239 0.105 0.0555 0.07 8 
I 0.295 0.21 0.08 0.1 0.038 0.026 0.031 8 
F 0.46 0.35 0.115 0.44 0.19 0.1025 0.13 8 
I 0.35 0.28 0.075 0.196 0.082 0.04 0.064 8 
F 0.58 0.48 0.18 1.2495 0.4945 0.27 0.371 8 
I 0.44 0.35 0.125 0.456 0.21 0.0955 0.131 8 
M 0.48 0.37 0.13 0.643 0.349 0.1155 0.135 8 
I 0.495 0.4 0.145 0.578 0.2545 0.1305 0.1645 8 
F 0.505 0.39 0.12 0.5725 0.2555 0.1325 0.146 8 
M 0.55 0.44 0.155 0.9155 0.3645 0.195 0.25 8 
F 0.555 0.42 0.11 0.931 0.4445 0.171 0.225 8 
F 0.61 0.47 0.16 1.0745 0.4925 0.236 0.29 8 
I 0.45 0.34 0.105 0.4385 0.21 0.0925 0.12 8 
I 0.475 0.42 0.16 0.7095 0.35 0.1505 0.1845 8 
I 0.51 0.405 0.13 0.599 0.3065 0.1155 0.1485 8 
F 0.53 0.42 0.14 0.627 0.2905 0.1165 0.183 8 
M 0.555 0.44 0.145 0.85 0.4165 0.1685 0.23 8 
M 0.56 0.415 0.13 0.7615 0.3695 0.17 0.1955 8 
M 0.6 0.41 0.145 0.939 0.4475 0.196 0.268 8 
I 0.425 0.325 0.11 0.405 0.1695 0.092 0.1065 8 
I 0.435 0.34 0.12 0.396 0.1775 0.081 0.125 8 
I 0.45 0.35 0.11 0.514 0.253 0.1045 0.14 8 
I 0.46 0.34 0.09 0.384 0.1795 0.068 0.11 8 
I 0.475 0.36 0.135 0.4355 0.196 0.0925 0.125 8 
M 0.505 0.39 0.115 0.5585 0.2575 0.119 0.1535 8 
I 0.525 0.39 0.105 0.567 0.2875 0.1075 0.16 8 
I 0.53 0.42 0.13 0.658 0.296 0.1245 0.198 8 
I 0.54 0.41 0.135 0.7025 0.31 0.177 0.2 8 
F 0.57 0.42 0.16 0.8875 0.4315 0.1915 0.223 8 
M 0.6 0.47 0.15 0.928 0.4225 0.183 0.275 8 
F 0.655 0.53 0.165 1.2835 0.583 0.1255 0.4 8 
I 0.37 0.285 0.095 0.226 0.1135 0.0515 0.0675 8 
I 0.455 0.37 0.11 0.514 0.2385 0.1235 0.126 8 
M 0.515 0.39 0.14 0.678 0.341 0.1325 0.119 8 
F 0.655 0.455 0.17 1.275 0.583 0.303 0.333 8 
I 0.39 0.29 0.09 0.2745 0.135 0.0455 0.078 8 
I 0.44 0.34 0.105 0.344 0.123 0.081 0.125 8 
I 0.465 0.355 0.12 0.4975 0.2375 0.099 0.14 8 
I 0.52 0.415 0.14 0.6385 0.2945 0.1405 0.171 8 
F 0.435 0.395 0.105 0.3635 0.136 0.098 0.13 9 
F 0.605 0.49 0.15 1.1345 0.5265 0.2645 0.295 9 
M 0.585 0.46 0.145 0.9335 0.478 0.1825 0.235 9 
I 0.53 0.425 0.13 0.7675 0.419 0.1205 0.21 9 
F 0.635 0.495 0.175 1.211 0.707 0.2725 0.323 9 
M 0.6 0.465 0.2 1.259 0.6405 0.1985 0.357 9 
I 0.525 0.39 0.12 0.664 0.3115 0.147 0.178 9 
I 0.57 0.435 0.17 0.848 0.4 0.166 0.25 9 
M 0.615 0.475 0.175 1.224 0.6035 0.261 0.311 9 
M 0.645 0.485 0.15 1.2215 0.5695 0.2735 0.33 9 
I 0.525 0.4 0.145 0.6095 0.248 0.159 0.175 9 
F 0.57 0.44 0.12 0.803 0.382 0.1525 0.234 9 
F 0.53 0.43 0.15 0.741 0.325 0.1855 0.196 9 
F 0.545 0.43 0.16 0.844 0.3945 0.1855 0.231 9 
F 0.62 0.49 0.16 1.056 0.493 0.244 0.2725 9 
I 0.475 0.36 0.11 0.4555 0.177 0.0965 0.145 9 
I 0.46 0.35 0.11 0.3945 0.1685 0.0865 0.125 9 
F 0.52 0.4 0.125 0.6865 0.295 0.1715 0.185 9 
M 0.44 0.375 0.13 0.487 0.226 0.0965 0.155 9 
M 0.475 0.355 0.125 0.4625 0.186 0.107 0.145 9 
M 0.54 0.42 0.12 0.8115 0.392 0.1455 0.2235 9 
F 0.6 0.485 0.165 1.1405 0.587 0.2175 0.288 9 
F 0.57 0.445 0.15 0.995 0.504 0.185 0.2505 9 
F 0.62 0.475 0.16 1.3245 0.6865 0.233 0.3275 9 
M 0.67 0.52 0.19 1.6385 0.8115 0.369 0.391 9 
F 0.545 0.43 0.14 0.832 0.4355 0.17 0.201 9 
M 0.57 0.45 0.135 1.02 0.546 0.204 0.25 9 
M 0.595 0.46 0.14 0.852 0.4215 0.2255 0.227 9 
M 0.645 0.515 0.16 1.1845 0.506 0.311 0.335 9 
M 0.65 0.52 0.175 1.2655 0.615 0.2775 0.336 9 
I 0.505 0.38 0.135 0.5385 0.2645 0.095 0.165 9 
F 0.58 0.425 0.15 0.844 0.3645 0.185 0.2705 9 
M 0.6 0.51 0.185 1.285 0.6095 0.2745 0.315 9 
F 0.675 0.525 0.17 1.711 0.8365 0.352 0.475 9 
M 0.52 0.4 0.105 0.872 0.4515 0.1615 0.1985 9 
F 0.54 0.415 0.15 0.8115 0.3875 0.1875 0.2035 9 
M 0.595 0.435 0.16 1.057 0.4255 0.224 0.31 9 
I 0.505 0.425 0.125 0.6115 0.245 0.1375 0.2 9 
I 0.56 0.435 0.13 0.777 0.354 0.173 0.222 9 
F 0.58 0.45 0.15 0.92 0.393 0.212 0.2895 9 
M 0.63 0.53 0.18 1.2795 0.618 0.256 0.315 9 
I 0.67 0.485 0.175 1.2565 0.5355 0.322 0.386 9 
M 0.67 0.525 0.195 1.4405 0.6595 0.2675 0.425 9 
F 0.51 0.37 0.21 1.183 0.508 0.292 0.343 9 
M 0.555 0.425 0.15 0.873 0.4625 0.1845 0.1965 9 
F 0.59 0.44 0.14 1.007 0.4775 0.2105 0.2925 9 
M 0.61 0.475 0.175 1.024 0.409 0.261 0.322 9 
F 0.635 0.51 0.17 1.2235 0.532 0.271 0.354 9 
I 0.44 0.32 0.105 0.3875 0.1755 0.074 0.12 9 
I 0.455 0.355 0.105 0.372 0.138 0.0765 0.135 9 
I 0.475 0.375 0.11 0.456 0.182 0.099 0.16 9 
I 0.535 0.42 0.145 0.6885 0.273 0.1515 0.237 9 
M 0.56 0.45 0.145 0.894 0.3885 0.2095 0.264 9 
M 0.575 0.47 0.15 0.9785 0.4505 0.196 0.276 9 
M 0.59 0.435 0.165 0.9765 0.4525 0.2395 0.235 9 
M 0.595 0.48 0.14 0.9125 0.4095 0.1825 0.289 9 
F 0.635 0.49 0.155 1.145 0.4775 0.3035 0.3155 9 
F 0.655 0.49 0.16 1.204 0.5455 0.2615 0.3225 9 
M 0.525 0.4 0.13 0.622 0.2655 0.147 0.184 9 
F 0.53 0.395 0.115 0.5685 0.249 0.1375 0.161 9 
F 0.525 0.4 0.13 0.6995 0.3115 0.131 0.223 9 
F 0.62 0.485 0.155 1.1945 0.5105 0.271 0.352 9 
F 0.485 0.39 0.1 0.5565 0.2215 0.1155 0.185 9 
F 0.625 0.48 0.2 1.3235 0.6075 0.3055 0.355 9 
M 0.425 0.335 0.1 0.4085 0.1755 0.092 0.135 9 
F 0.43 0.35 0.09 0.397 0.1575 0.089 0.12 9 
F 0.55 0.44 0.125 0.765 0.33 0.2125 0.245 9 
M 0.45 0.355 0.12 0.3955 0.147 0.0765 0.145 9 
F 0.49 0.38 0.155 0.578 0.2395 0.1255 0.18 9 
M 0.335 0.265 0.095 0.1975 0.0795 0.0375 0.07 9 
M 0.385 0.305 0.09 0.2775 0.109 0.0515 0.1 9 
I 0.42 0.325 0.125 0.3915 0.1575 0.1025 0.115 9 
F 0.435 0.35 0.125 0.459 0.197 0.1145 0.145 9 
M 0.505 0.385 0.11 0.655 0.3185 0.15 0.185 9 
M 0.53 0.405 0.13 0.738 0.2845 0.17 0.193 9 
F 0.45 0.325 0.135 0.438 0.1805 0.1165 0.11 9 
I 0.485 0.355 0.12 0.5085 0.21 0.122 0.135 9 
M 0.35 0.26 0.09 0.195 0.0745 0.041 0.0655 9 
M 0.41 0.315 0.095 0.306 0.121 0.0735 0.09 9 
M 0.365 0.285 0.085 0.2205 0.0855 0.0515 0.07 9 
I 0.35 0.265 0.11 0.209 0.066 0.059 0.075 9 
M 0.49 0.395 0.12 0.674 0.3325 0.1235 0.185 9 
M 0.58 0.46 0.15 1.0165 0.491 0.221 0.265 9 
F 0.49 0.4 0.115 0.569 0.256 0.1325 0.145 9 
M 0.6 0.475 0.155 1.1385 0.502 0.2295 0.31 9 
M 0.62 0.485 0.165 1.1325 0.5235 0.2505 0.2825 9 
F 0.64 0.48 0.195 1.1435 0.4915 0.2345 0.353 9 
F 0.555 0.43 0.135 0.812 0.4055 0.163 0.2215 9 
F 0.585 0.45 0.145 0.9835 0.4845 0.242 0.22 9 
M 0.625 0.47 0.175 1.179 0.605 0.258 0.271 9 
M 0.65 0.505 0.18 1.469 0.7115 0.3335 0.38 9 
F 0.66 0.5 0.175 1.3275 0.556 0.2805 0.4085 9 
I 0.4 0.265 0.1 0.2775 0.1245 0.0605 0.08 9 
I 0.475 0.355 0.125 0.4865 0.2155 0.1105 0.142 9 
I 0.5 0.365 0.125 0.528 0.229 0.103 0.1645 9 
I 0.53 0.405 0.13 0.6615 0.2945 0.1395 0.19 9 
I 0.535 0.41 0.13 0.6075 0.268 0.1225 0.1975 9 
I 0.57 0.42 0.13 0.7745 0.3535 0.1505 0.2365 9 
I 0.575 0.44 0.125 0.8515 0.4555 0.1715 0.1965 9 
M 0.58 0.47 0.165 1.041 0.54 0.166 0.279 9 
F 0.585 0.46 0.165 1.058 0.486 0.25 0.294 9 
F 0.6 0.485 0.145 0.776 0.3545 0.1585 0.239 9 
F 0.625 0.5 0.175 1.273 0.564 0.302 0.374 9 
F 0.65 0.475 0.165 1.3875 0.58 0.3485 0.3095 9 
F 0.555 0.405 0.12 0.913 0.4585 0.196 0.2065 9 
M 0.615 0.475 0.19 1.4335 0.7315 0.305 0.3285 9 
M 0.62 0.46 0.16 0.9505 0.4915 0.2 0.228 9 
F 0.64 0.5 0.17 1.2645 0.565 0.3375 0.315 9 
F 0.665 0.5 0.175 1.4355 0.643 0.345 0.37 9 
I 0.465 0.37 0.115 0.4075 0.1515 0.0935 0.1455 9 
I 0.475 0.335 0.1 0.4425 0.1895 0.086 0.135 9 
I 0.49 0.39 0.12 0.511 0.2205 0.103 0.1745 9 
I 0.53 0.425 0.13 0.781 0.3905 0.2005 0.215 9 
M 0.53 0.41 0.125 0.769 0.346 0.173 0.215 9 
M 0.545 0.41 0.14 0.737 0.349 0.15 0.212 9 
I 0.55 0.4 0.135 0.717 0.3315 0.1495 0.221 9 
I 0.575 0.45 0.145 0.872 0.4675 0.18 0.217 9 
I 0.585 0.46 0.14 0.7635 0.326 0.153 0.265 9 
F 0.61 0.495 0.165 1.0835 0.4525 0.273 0.317 9 
F 0.63 0.505 0.195 1.306 0.516 0.3305 0.375 9 
F 0.67 0.54 0.2 1.46 0.6435 0.328 0.4165 9 
F 0.675 0.53 0.195 1.4985 0.62 0.375 0.425 9 
M 0.43 0.31 0.13 0.6485 0.2735 0.163 0.184 9 
I 0.47 0.355 0.12 0.4915 0.1765 0.1125 0.1325 9 
M 0.495 0.375 0.155 0.976 0.45 0.2285 0.2475 9 
I 0.53 0.42 0.185 0.752 0.299 0.156 0.205 20 
M 0.615 0.525 0.155 1.1375 0.367 0.236 0.37 20 
M 0.655 0.525 0.185 1.259 0.487 0.2215 0.445 20 
F 0.61 0.485 0.21 1.3445 0.535 0.2205 0.515 20 
F 0.585 0.47 0.17 1.099 0.3975 0.2325 0.358 20 
F 0.625 0.42 0.165 1.0595 0.358 0.165 0.445 21 
M 0.67 0.55 0.17 1.247 0.472 0.2455 0.4 21 
