F 0.405 0.325 0.11 0.3555 0.151 0.063 0.117 9 
F 0.52 0.395 0.18 0.64 0.158 0.11 0.245 22 
F 0.48 0.4 0.125 0.759 0.2125 0.179 0.24 15 
I 0.45 0.36 0.13 0.478 0.191 0.127 0.137 7 
M 0.535 0.43 0.14 0.7165 0.2855 0.1595 0.2155 8 
F 0.575 0.47 0.165 0.869 0.435 0.197 0.238 9 
I 0.425 0.325 0.11 0.3335 0.173 0.045 0.1 7 
M 0.555 0.44 0.14 0.8705 0.407 0.156 0.255 9 
M 0.585 0.47 0.165 1.409 0.8 0.229 0.295 10 
F 0.56 0.435 0.15 0.8715 0.4755 0.1835 0.1835 9 
M 0.63 0.455 0.15 1.1315 0.481 0.2745 0.305 9 
I 0.35 0.26 0.075 0.18 0.09 0.0245 0.055 5 
M 0.48 0.355 0.16 0.464 0.221 0.106 0.239 8 
I 0.54 0.425 0.14 0.742 0.32 0.1395 0.25 9 
I 0.605 0.47 0.145 0.8025 0.379 0.2265 0.22 9 
M 0.63 0.505 0.17 1.0915 0.4615 0.266 0.3 9 
I 0.485 0.345 0.16 0.869 0.3085 0.185 0.319 9 
M 0.62 0.47 0.145 1.0865 0.511 0.2715 0.2565 10 
I 0.435 0.345 0.12 0.3215 0.13 0.056 0.1185 7 
I 0.535 0.455 0.14 1.0015 0.53 0.1765 0.244 9 
M 0.58 0.44 0.15 1.0465 0.518 0.2185 0.2795 10 
I 0.605 0.49 0.165 1.071 0.482 0.1935 0.352 10 
I 0.64 0.49 0.135 1.1 0.488 0.2505 0.2925 10 
F 0.66 0.535 0.205 1.4415 0.5925 0.2775 0.49 10 
F 0.72 0.575 0.18 1.6705 0.732 0.3605 0.501 12 
I 0.32 0.24 0.07 0.133 0.0585 0.0255 0.041 6 
I 0.375 0.275 0.085 0.22 0.109 0.05 0.0605 7 
I 0.435 0.325 0.12 0.346 0.159 0.084 0.095 7 
M 0.465 0.36 0.11 0.4955 0.2665 0.085 0.121 7 
M 0.535 0.42 0.125 0.738 0.355 0.1895 0.1795 8 
F 0.565 0.44 0.135 0.83 0.393 0.1735 0.238 9 
M 0.375 0.29 0.1 0.276 0.1175 0.0565 0.085 9 
I 0.18 0.13 0.045 0.0275 0.0125 0.01 0.009 3 
M 0.44 0.35 0.11 0.4585 0.2 0.0885 0.13 9 
F 0.415 0.325 0.115 0.3455 0.1405 0.0765 0.11 9 
F 0.56 0.445 0.18 0.903 0.3575 0.2045 0.295 9 
M 0.43 0.335 0.115 0.406 0.166 0.0935 0.135 8 
I 0.42 0.33 0.1 0.352 0.1635 0.089 0.1 9 
F 0.55 0.415 0.135 0.775 0.302 0.179 0.26 23 
F 0.665 0.535 0.19 1.496 0.5775 0.2815 0.475 17 
M 0.59 0.46 0.155 0.906 0.327 0.1485 0.335 15 
F 0.8 0.63 0.195 2.526 0.933 0.59 0.62 23 
M 0.61 0.49 0.15 1.103 0.425 0.2025 0.36 23 
M 0.64 0.52 0.2 1.407 0.566 0.304 0.455 17 
M 0.585 0.455 0.125 1.027 0.391 0.212 0.25 17 
M 0.57 0.475 0.195 1.0295 0.4635 0.1905 0.305 18 
M 0.18 0.125 0.05 0.023 0.0085 0.0055 0.01 3 
I 0.415 0.325 0.115 0.3285 0.1405 0.051 0.106 12 
M 0.42 0.34 0.125 0.4495 0.165 0.1125 0.144 11 
I 0.635 0.505 0.19 1.3315 0.5805 0.252 0.435 17 
F 0.53 0.43 0.17 0.775 0.35 0.152 0.235 17 
I 0.655 0.515 0.145 1.25 0.5265 0.283 0.315 15 
F 0.465 0.35 0.13 0.494 0.1945 0.103 0.155 18 
I 0.635 0.5 0.18 1.319 0.5485 0.292 0.49 16 
M 0.515 0.4 0.16 0.8175 0.2515 0.156 0.3 23 
F 0.37 0.285 0.105 0.27 0.1125 0.0585 0.0835 9 
I 0.25 0.185 0.065 0.071 0.027 0.0185 0.0225 5 
M 0.515 0.405 0.14 0.8505 0.312 0.146 0.315 17 
M 0.565 0.44 0.175 1.122 0.393 0.2 0.375 20 
F 0.615 0.47 0.175 1.2985 0.5135 0.343 0.32 14 
F 0.5 0.44 0.155 0.742 0.2025 0.2005 0.2115 14 
M 0.46 0.36 0.135 0.6105 0.1955 0.107 0.235 14 
F 0.52 0.4 0.13 0.6245 0.215 0.2065 0.17 15 
I 0.415 0.315 0.09 0.3625 0.175 0.0835 0.093 6 
I 0.47 0.37 0.11 0.5555 0.25 0.115 0.163 8 
M 0.59 0.455 0.16 1.09 0.5 0.2215 0.292 9 
F 0.655 0.545 0.165 1.6225 0.6555 0.299 0.513 12 
F 0.675 0.55 0.175 1.689 0.694 0.371 0.474 13 
I 0.28 0.21 0.055 0.106 0.0415 0.0265 0.031 5 
I 0.415 0.325 0.1 0.3335 0.1445 0.0715 0.095 7 
I 0.5 0.38 0.11 0.494 0.218 0.09 0.1325 7 
F 0.595 0.465 0.15 1.0765 0.491 0.22 0.287 9 
F 0.63 0.495 0.145 1.147 0.5455 0.266 0.2885 9 
F 0.7 0.575 0.205 1.7975 0.7295 0.3935 0.5165 13 
I 0.29 0.21 0.06 0.1045 0.0415 0.022 0.035 5 
I 0.46 0.345 0.11 0.3755 0.1525 0.058 0.125 7 
M 0.505 0.4 0.135 0.723 0.377 0.149 0.178 7 
M 0.545 0.42 0.12 0.7865 0.403 0.185 0.17 7 
M 0.59 0.47 0.15 0.861 0.413 0.164 0.249 8 
M 0.62 0.49 0.155 1.1 0.505 0.2475 0.31 9 
F 0.645 0.52 0.18 1.285 0.5775 0.352 0.317 9 
F 0.665 0.505 0.165 1.349 0.5985 0.3175 0.36 9 
F 0.675 0.55 0.19 1.551 0.7105 0.3685 0.412 13 
I 0.25 0.175 0.06 0.0635 0.0275 0.008 0.02 4 
I 0.37 0.275 0.09 0.2065 0.096 0.0395 0.058 7 
I 0.385 0.3 0.125 0.343 0.1705 0.0735 0.081 7 
I 0.405 0.305 0.1 0.271 0.0965 0.061 0.091 7 
I 0.42 0.315 0.11 0.4025 0.1855 0.083 0.1015 8 
I 0.45 0.335 0.095 0.3505 0.1615 0.0625 0.1185 7 
I 0.485 0.365 0.14 0.4475 0.1895 0.0925 0.2305 8 
I 0.55 0.42 0.155 0.912 0.495 0.1805 0.205 9 
M 0.59 0.47 0.145 0.9235 0.4545 0.173 0.254 9 
M 0.625 0.5 0.14 1.096 0.5445 0.2165 0.295 10 
M 0.63 0.47 0.15 1.1355 0.539 0.2325 0.3115 12 
M 0.64 0.495 0.17 1.139 0.5395 0.282 0.285 10 
I 0.33 0.225 0.075 0.187 0.0945 0.0395 0.0425 7 
I 0.45 0.335 0.105 0.362 0.1575 0.0795 0.1095 7 
M 0.535 0.405 0.14 0.818 0.402 0.1715 0.189 7 
M 0.59 0.47 0.155 1.1735 0.6245 0.233 0.2595 9 
M 0.605 0.475 0.19 1.1255 0.59 0.247 0.26 10 
M 0.625 0.475 0.175 1.3405 0.656 0.283 0.337 10 
M 0.63 0.485 0.16 1.243 0.623 0.275 0.3 10 
M 0.665 0.515 0.19 1.6385 0.831 0.3575 0.371 11 
I 0.325 0.25 0.075 0.1585 0.075 0.0305 0.0455 6 
I 0.37 0.27 0.09 0.1855 0.07 0.0425 0.065 7 
I 0.435 0.335 0.095 0.298 0.109 0.058 0.115 7 
I 0.51 0.4 0.125 0.5935 0.239 0.13 0.204 8 
M 0.52 0.465 0.15 0.9505 0.456 0.199 0.255 8 
F 0.535 0.445 0.125 0.8725 0.417 0.199 0.24 8 
I 0.55 0.435 0.165 0.804 0.34 0.194 0.244 8 
M 0.575 0.45 0.165 0.9655 0.498 0.19 0.23 8 
M 0.59 0.5 0.15 1.142 0.485 0.265 0.345 9 
M 0.595 0.46 0.17 1.1295 0.57 0.2555 0.265 10 
M 0.6 0.45 0.195 1.34 0.617 0.3255 0.3605 10 
F 0.615 0.495 0.165 1.198 0.5415 0.2865 0.3185 10 
M 0.625 0.515 0.165 1.217 0.667 0.2065 0.3115 10 
M 0.625 0.49 0.12 0.8765 0.456 0.18 0.233 10 
M 0.645 0.495 0.19 1.539 0.6115 0.408 0.445 12 
F 0.655 0.515 0.2 1.494 0.7255 0.309 0.405 12 
F 0.665 0.51 0.175 1.3805 0.675 0.2985 0.325 10 
M 0.67 0.525 0.17 1.4005 0.715 0.3025 0.387 9 
M 0.72 0.58 0.19 2.0885 0.9955 0.478 0.5305 13 
M 0.745 0.575 0.2 1.884 0.954 0.336 0.495 12 
M 0.485 0.365 0.155 1.029 0.4235 0.2285 0.313 8 
F 0.505 0.38 0.13 0.693 0.391 0.1195 0.1515 8 
I 0.535 0.4 0.135 0.775 0.368 0.208 0.2055 8 
M 0.56 0.425 0.135 0.9415 0.509 0.2015 0.1975 9 
I 0.595 0.43 0.165 0.9845 0.4525 0.207 0.2725 8 
F 0.625 0.49 0.11 1.136 0.5265 0.1915 0.2925 9 
M 0.64 0.485 0.16 1.006 0.456 0.2245 0.2835 9 
F 0.655 0.505 0.175 1.2905 0.6205 0.2965 0.326 10 
I 0.39 0.28 0.09 0.215 0.0845 0.034 0.079 8 
I 0.42 0.32 0.11 0.309 0.115 0.0645 0.0945 6 
I 0.45 0.34 0.125 0.4045 0.171 0.07 0.1345 8 
I 0.47 0.375 0.125 0.5225 0.2265 0.104 0.162 8 
I 0.52 0.395 0.115 0.6445 0.3155 0.1245 0.186 11 
I 0.55 0.405 0.15 0.6755 0.3015 0.1465 0.21 10 
I 0.565 0.44 0.135 0.768 0.3305 0.1385 0.2475 9 
I 0.575 0.445 0.16 0.9175 0.45 0.1935 0.24 9 
M 0.59 0.405 0.15 0.853 0.326 0.2615 0.245 9 
F 0.595 0.46 0.16 0.921 0.4005 0.2025 0.2875 9 
F 0.625 0.515 0.155 1.1635 0.4875 0.259 0.355 11 
F 0.635 0.505 0.165 1.251 0.577 0.227 0.3825 11 
F 0.64 0.5 0.15 1.2015 0.559 0.231 0.3355 9 
M 0.665 0.525 0.155 1.3575 0.5325 0.3045 0.4485 10 
F 0.68 0.52 0.185 1.494 0.615 0.3935 0.406 11 
F 0.695 0.535 0.2 1.5855 0.667 0.334 0.471 11 
M 0.455 0.35 0.11 0.458 0.2 0.111 0.1305 8 
M 0.495 0.38 0.12 0.474 0.197 0.1065 0.1545 10 
F 0.52 0.43 0.15 0.728 0.302 0.1575 0.235 11 
M 0.53 0.415 0.12 0.706 0.3355 0.1635 0.1345 9 
M 0.575 0.48 0.15 0.9465 0.4355 0.2605 0.2505 9 
I 0.3 0.22 0.065 0.1235 0.059 0.026 0.0315 5 
I 0.38 0.29 0.085 0.2285 0.088 0.0465 0.075 7 
I 0.41 0.325 0.105 0.361 0.1605 0.0665 0.103 8 
I 0.425 0.325 0.105 0.3975 0.1815 0.081 0.1175 7 
M 0.51 0.415 0.145 0.751 0.3295 0.1835 0.203 8 
M 0.575 0.45 0.135 0.9215 0.354 0.209 0.2365 9 
F 0.63 0.49 0.17 1.2155 0.4625 0.2045 0.3105 10 
M 0.675 0.505 0.16 1.532 0.74 0.357 0.3815 11 
M 0.46 0.35 0.125 0.5165 0.1885 0.1145 0.185 9 
M 0.51 0.4 0.14 0.6905 0.259 0.151 0.23 10 
M 0.55 0.425 0.16 0.97 0.2885 0.139 0.48 20 
I 0.215 0.165 0.055 0.059 0.0265 0.0125 0.0185 5 
F 0.665 0.5 0.175 1.742 0.595 0.3025 0.725 21 
M 0.505 0.395 0.125 0.635 0.29 0.1555 0.175 9 
M 0.55 0.435 0.11 0.806 0.3415 0.203 0.215 9 
F 0.545 0.41 0.115 0.6765 0.29 0.158 0.22 9 
M 0.605 0.47 0.115 1.114 0.3925 0.291 0.31 15 
I 0.27 0.195 0.07 0.102 0.045 0.0135 0.034 8 
M 0.565 0.44 0.115 0.9185 0.404 0.1785 0.29 11 
M 0.565 0.435 0.185 1.032 0.354 0.2045 0.31 20 
I 0.325 0.245 0.075 0.1495 0.0605 0.033 0.045 5 
F 0.62 0.485 0.22 1.511 0.5095 0.284 0.51 17 
F 0.585 0.46 0.17 1.0835 0.3745 0.326 0.325 14 
M 0.675 0.525 0.175 1.402 0.483 0.3205 0.465 16 
I 0.44 0.35 0.12 0.375 0.1425 0.0965 0.115 9 
M 0.41 0.325 0.12 0.3745 0.158 0.081 0.125 12 
F 0.59 0.485 0.205 1.2315 0.4525 0.238 0.42 13 
M 0.555 0.435 0.135 0.858 0.377 0.1585 0.29 15 
M 0.55 0.435 0.16 0.906 0.342 0.219 0.295 13 
F 0.61 0.495 0.19 1.213 0.464 0.306 0.365 15 
I 0.3 0.23 0.075 0.15 0.0605 0.042 0.045 5 
M 0.64 0.505 0.165 1.4435 0.6145 0.3035 0.39 18 
M 0.565 0.45 0.115 0.9085 0.398 0.197 0.29 17 
M 0.48 0.38 0.135 0.528 0.2 0.1395 0.16 14 
M 0.41 0.31 0.125 0.3595 0.1415 0.0885 0.115 11 
F 0.475 0.375 0.14 0.501 0.192 0.1175 0.175 13 
F 0.5 0.405 0.14 0.6735 0.265 0.124 0.25 18 
M 0.485 0.385 0.125 0.4775 0.2 0.0785 0.17 12 
F 0.465 0.39 0.14 0.5555 0.213 0.1075 0.215 15 
F 0.655 0.53 0.19 1.428 0.493 0.318 0.565 18 
M 0.565 0.44 0.155 0.868 0.348 0.217 0.26 11 
F 0.605 0.475 0.145 1.0185 0.4695 0.225 0.27 15 
M 0.535 0.42 0.16 0.72 0.275 0.164 0.225 15 
F 0.63 0.5 0.16 1.22 0.4905 0.3 0.345 14 
M 0.59 0.45 0.12 0.7485 0.3345 0.1315 0.22 14 
F 0.605 0.485 0.165 1.0735 0.437 0.205 0.33 14 
M 0.645 0.5 0.19 1.229 0.524 0.278 0.395 17 
F 0.615 0.5 0.205 1.1055 0.4445 0.227 0.39 16 
F 0.71 0.575 0.175 1.555 0.6465 0.3705 0.52 15 
I 0.6 0.445 0.175 1.057 0.383 0.216 0.355 16 
M 0.275 0.2 0.08 0.099 0.037 0.024 0.03 5 
F 0.505 0.41 0.15 0.6345 0.243 0.1335 0.215 17 
I 0.45 0.355 0.115 0.4385 0.184 0.108 0.1125 11 
M 0.165 0.125 0.04 0.0245 0.0095 0.0045 0.008 4 
F 0.705 0.555 0.2 1.4685 0.4715 0.3235 0.52 19 
I 0.375 0.28 0.1 0.2565 0.1165 0.0585 0.0725 12 
F 0.385 0.305 0.125 0.314 0.146 0.0555 0.08 10 
F 0.685 0.525 0.175 1.71 0.5415 0.309 0.58 16 
I 0.54 0.435 0.145 0.97 0.4285 0.22 0.264 17 
M 0.43 0.33 0.095 0.34 0.1315 0.085 0.112 14 
I 0.495 0.38 0.145 0.515 0.175 0.098 0.212 13 
I 0.47 0.4 0.16 0.51 0.1615 0.073 0.198 14 
F 0.51 0.38 0.13 0.584 0.224 0.1355 0.185 13 
F 0.52 0.405 0.145 0.829 0.3535 0.1685 0.205 15 
I 0.435 0.34 0.11 0.407 0.1685 0.073 0.13 10 
M 0.285 0.215 0.075 0.106 0.0415 0.023 0.035 5 
I 0.58 0.445 0.17 1.178 0.3935 0.2165 0.315 20 
F 0.58 0.44 0.175 1.073 0.4005 0.2345 0.335 19 
I 0.44 0.31 0.115 0.3625 0.134 0.082 0.12 11 
M 0.28 0.21 0.065 0.0905 0.035 0.02 0.03 5 
I 0.61 0.46 0.17 1.278 0.41 0.257 0.37 17 
M 0.455 0.345 0.125 0.44 0.169 0.1065 0.135 12 
I 0.44 0.33 0.135 0.522 0.17 0.0905 0.195 16 
M 0.54 0.405 0.155 0.9715 0.3225 0.194 0.29 19 
F 0.46 0.33 0.15 0.5325 0.2085 0.1805 0.125 10 
I 0.255 0.19 0.07 0.0815 0.028 0.016 0.031 5 
I 0.19 0.13 0.045 0.0265 0.009 0.005 0.009 5 
M 0.545 0.435 0.165 0.9955 0.3245 0.2665 0.325 19 
M 0.495 0.4 0.12 0.6605 0.2605 0.161 0.19 15 
M 0.5 0.375 0.13 0.721 0.3055 0.1725 0.22 14 
F 0.475 0.35 0.115 0.487 0.194 0.1455 0.125 13 
M 0.515 0.4 0.125 0.955 0.341 0.2535 0.26 13 
M 0.545 0.41 0.145 0.873 0.3035 0.196 0.31 18 
M 0.565 0.465 0.15 1.1285 0.377 0.3525 0.33 16 
M 0.545 0.42 0.125 0.9745 0.353 0.174 0.305 13 
M 0.62 0.48 0.16 1.0765 0.412 0.253 0.3 13 
F 0.605 0.45 0.165 1.2225 0.357 0.202 0.385 13 
M 0.605 0.475 0.16 1.616 0.5495 0.332 0.34 18 
F 0.475 0.375 0.15 0.559 0.1955 0.1215 0.1945 12 
M 0.48 0.395 0.15 0.6815 0.2145 0.1405 0.2495 18 
M 0.455 0.345 0.15 0.5795 0.1685 0.125 0.215 13 
I 0.395 0.31 0.095 0.313 0.131 0.072 0.093 7 
F 0.56 0.465 0.16 1.0315 0.432 0.2025 0.337 9 
M 0.61 0.47 0.155 1.0325 0.497 0.2175 0.2785 9 
F 0.65 0.545 0.185 1.5055 0.6565 0.341 0.43 10 
M 0.71 0.55 0.2 1.9045 0.882 0.44 0.5 13 
M 0.74 0.605 0.2 2.4925 1.1455 0.575 0.5235 13 
I 0.325 0.24 0.075 0.152 0.065 0.0305 0.045 6 
I 0.365 0.27 0.105 0.2155 0.0915 0.0475 0.063 6 
I 0.43 0.335 0.105 0.378 0.188 0.0785 0.09 6 
F 0.465 0.355 0.115 0.4705 0.1955 0.118 0.126 7 
I 0.5 0.385 0.11 0.596 0.3015 0.104 0.151 8 
M 0.52 0.395 0.125 0.8115 0.4035 0.166 0.2 7 
F 0.555 0.44 0.145 0.8815 0.43 0.1975 0.2155 8 
F 0.575 0.46 0.165 1.065 0.4985 0.2145 0.2815 8 
F 0.61 0.48 0.16 1.234 0.598 0.238 0.315 12 
M 0.615 0.505 0.19 1.403 0.6715 0.2925 0.365 8 
M 0.625 0.485 0.17 1.437 0.5855 0.293 0.475 11 
M 0.64 0.5 0.17 1.4545 0.642 0.3575 0.354 9 
M 0.72 0.565 0.2 1.787 0.718 0.385 0.529 11 
I 0.165 0.12 0.05 0.021 0.0075 0.0045 0.014 3 
I 0.21 0.15 0.055 0.0455 0.02 0.0065 0.013 4 
I 0.4 0.315 0.085 0.2675 0.116 0.0585 0.0765 6 
I 0.435 0.335 0.11 0.411 0.2025 0.0945 0.1 7 
I 0.47 0.355 0.115 0.4155 0.167 0.084 0.139 7 
F 0.505 0.475 0.16 1.1155 0.509 0.239 0.3065 8 
I 0.52 0.38 0.13 0.5345 0.2375 0.122 0.1535 8 
M 0.55 0.44 0.16 0.985 0.4645 0.201 0.27 8 
M 0.555 0.44 0.15 0.838 0.4155 0.146 0.23 8 
M 0.575 0.44 0.145 0.87 0.3945 0.2195 0.225 8 
F 0.595 0.47 0.165 1.0155 0.491 0.1905 0.289 9 
M 0.6 0.475 0.16 1.164 0.5045 0.2635 0.335 12 
M 0.625 0.495 0.18 1.0815 0.4715 0.254 0.3135 10 
F 0.64 0.475 0.175 1.1545 0.4865 0.341 0.288 9 
F 0.655 0.54 0.175 1.5585 0.7285 0.402 0.385 11 
F 0.69 0.525 0.19 1.492 0.6425 0.3905 0.42 12 
F 0.7 0.56 0.175 1.6605 0.8605 0.3275 0.398 11 
F 0.72 0.545 0.185 1.7185 0.7925 0.401 0.468 11 
I 0.215 0.15 0.055 0.041 0.015 0.009 0.0125 3 
I 0.24 0.185 0.06 0.0655 0.0295 0.0005 0.02 4 
I 0.26 0.205 0.07 0.097 0.0415 0.019 0.0305 4 
I 0.33 0.23 0.085 0.1695 0.079 0.026 0.0505 6 
I 0.35 0.265 0.085 0.1735 0.0775 0.034 0.056 6 
I 0.36 0.265 0.075 0.1785 0.0785 0.035 0.054 6 
I 0.365 0.275 0.09 0.2345 0.108 0.051 0.0625 7 
I 0.4 0.31 0.115 0.314 0.1545 0.0595 0.087 6 
I 0.4 0.315 0.09 0.33 0.151 0.068 0.08 6 
I 0.43 0.325 0.105 0.309 0.119 0.08 0.098 6 
M 0.435 0.335 0.11 0.4385 0.2075 0.0715 0.1315 7 
I 0.445 0.355 0.095 0.3615 0.1415 0.0785 0.12 8 
I 0.455 0.435 0.11 0.4265 0.195 0.09 0.1205 8 
I 0.48 0.355 0.125 0.494 0.2385 0.0835 0.15 9 
F 0.495 0.37 0.12 0.594 0.28 0.11 0.1375 7 
I 0.515 0.4 0.135 0.636 0.3055 0.1215 0.1855 9 
M 0.535 0.415 0.135 0.78 0.3165 0.169 0.2365 8 
F 0.565 0.45 0.175 1.2365 0.5305 0.2455 0.308 10 
I 0.575 0.455 0.155 0.8725 0.349 0.2095 0.285 8 
M 0.575 0.45 0.155 0.886 0.3605 0.211 0.2575 9 
F 0.585 0.465 0.165 0.9355 0.4035 0.2275 0.259 9 
F 0.6 0.47 0.17 1.0805 0.4995 0.2245 0.3205 9 
M 0.6 0.475 0.23 1.157 0.522 0.2235 0.36 11 
M 0.625 0.48 0.16 1.1415 0.5795 0.2145 0.29 9 
M 0.625 0.485 0.16 1.2135 0.631 0.2235 0.302 9 
M 0.65 0.515 0.185 1.3745 0.75 0.1805 0.369 12 
F 0.66 0.5 0.155 1.3765 0.6485 0.288 0.335 12 
M 0.685 0.53 0.17 1.56 0.647 0.383 0.465 11 
M 0.715 0.52 0.18 1.6 0.708 0.3525 0.445 12 
M 0.735 0.555 0.22 2.333 1.2395 0.3645 0.6195 12 
I 0.175 0.125 0.04 0.028 0.0095 0.008 0.009 4 
I 0.395 0.3 0.09 0.2855 0.1385 0.0625 0.077 5 
I 0.42 0.325 0.11 0.325 0.1245 0.0755 0.1025 7 
I 0.495 0.375 0.115 0.5755 0.31 0.1145 0.1395 8 
F 0.51 0.375 0.11 0.5805 0.2865 0.118 0.148 7 
M 0.545 0.43 0.155 0.8035 0.409 0.144 0.228 7 
M 0.6 0.46 0.18 1.14 0.423 0.2575 0.365 10 
M 0.615 0.475 0.155 1.0735 0.4375 0.2585 0.31 11 
M 0.615 0.495 0.2 1.304 0.5795 0.3115 0.371 14 
F 0.64 0.5 0.17 1.12 0.4955 0.2645 0.32 12 
M 0.66 0.53 0.175 1.583 0.7395 0.3505 0.405 10 
M 0.69 0.53 0.19 1.5955 0.678 0.331 0.48 10 
F 0.735 0.565 0.225 2.037 0.87 0.5145 0.5675 13 
I 0.27 0.205 0.05 0.084 0.03 0.0185 0.029 6 
I 0.295 0.22 0.085 0.1285 0.0585 0.027 0.0365 5 
I 0.3 0.225 0.075 0.1345 0.057 0.028 0.044 5 
I 0.3 0.22 0.065 0.1195 0.052 0.0155 0.035 5 
I 0.36 0.265 0.085 0.1895 0.0725 0.0515 0.055 6 
I 0.37 0.275 0.095 0.257 0.1015 0.055 0.0825 6 
I 0.435 0.325 0.1 0.342 0.1335 0.0835 0.105 6 
I 0.44 0.32 0.095 0.3275 0.1495 0.059 0.1 8 
I 0.445 0.345 0.12 0.4035 0.169 0.0825 0.13 7 
I 0.47 0.345 0.12 0.3685 0.1525 0.0615 0.125 8 
I 0.475 0.365 0.105 0.4175 0.1645 0.099 0.127 7 
I 0.475 0.35 0.125 0.4225 0.1905 0.079 0.1355 9 
I 0.515 0.405 0.13 0.573 0.213 0.134 0.195 9 
F 0.525 0.425 0.14 0.8735 0.4205 0.182 0.2225 10 
I 0.53 0.42 0.14 0.6765 0.256 0.1855 0.208 9 
M 0.535 0.405 0.14 0.7315 0.336 0.156 0.19 7 
I 0.535 0.45 0.155 0.8075 0.3655 0.148 0.2595 10 
F 0.545 0.41 0.125 0.654 0.2945 0.1315 0.205 10 
I 0.55 0.45 0.14 0.753 0.3445 0.1325 0.24 8 
I 0.555 0.43 0.15 0.783 0.345 0.1755 0.247 9 
I 0.575 0.44 0.15 0.983 0.486 0.215 0.239 8 
F 0.585 0.465 0.145 0.9855 0.4325 0.2145 0.2845 10 
M 0.59 0.465 0.135 0.9895 0.4235 0.199 0.28 8 
I 0.595 0.47 0.135 0.9365 0.434 0.184 0.287 10 
F 0.595 0.44 0.135 0.964 0.5005 0.1715 0.2575 10 
F 0.595 0.46 0.155 1.0455 0.4565 0.24 0.3085 10 
F 0.595 0.45 0.165 1.081 0.49 0.2525 0.279 12 
M 0.6 0.47 0.16 1.012 0.441 0.2015 0.305 10 
F 0.6 0.5 0.16 1.122 0.5095 0.256 0.309 10 
F 0.605 0.49 0.15 1.1345 0.4305 0.2525 0.35 10 
M 0.61 0.45 0.19 1.0805 0.517 0.2495 0.2935 10 
M 0.62 0.525 0.155 1.085 0.454 0.1965 0.35 10 
M 0.62 0.48 0.165 1.0855 0.481 0.2575 0.305 10 
F 0.625 0.485 0.135 1.3025 0.61 0.2675 0.3605 14 
I 0.63 0.49 0.17 1.217 0.5515 0.212 0.31 11 
M 0.64 0.5 0.175 1.273 0.5065 0.2925 0.405 13 
M 0.645 0.51 0.19 1.4865 0.6445 0.296 0.425 12 
M 0.65 0.495 0.17 1.276 0.6215 0.2305 0.399 11 
M 0.65 0.495 0.16 1.2075 0.55 0.2695 0.32 10 
F 0.65 0.52 0.195 1.281 0.5985 0.246 0.3825 10 
M 0.65 0.525 0.205 1.4275 0.69 0.306 0.4355 13 
M 0.65 0.51 0.175 1.155 0.4955 0.2025 0.385 12 
F 0.65 0.51 0.175 1.35 0.575 0.3155 0.3885 10 
F 0.66 0.53 0.17 1.431 0.622 0.309 0.398 10 
M 0.66 0.51 0.18 1.261 0.5 0.2335 0.339 10 
F 0.67 0.51 0.155 1.278 0.5605 0.3045 0.358 11 
M 0.675 0.51 0.17 1.527 0.809 0.318 0.341 11 
M 0.685 0.55 0.19 1.885 0.89 0.41 0.4895 10 
M 0.685 0.535 0.175 1.432 0.637 0.247 0.46 11 
M 0.705 0.55 0.21 1.4385 0.655 0.3255 0.462 11 
F 0.705 0.53 0.17 1.564 0.612 0.394 0.44 10 
F 0.725 0.56 0.185 1.792 0.873 0.367 0.435 11 
M 0.78 0.6 0.21 2.548 1.1945 0.5745 0.6745 11 
I 0.35 0.25 0.1 0.4015 0.1725 0.063 0.1255 7 
I 0.36 0.25 0.115 0.465 0.21 0.1055 0.128 7 
I 0.38 0.28 0.095 0.2885 0.165 0.0435 0.067 7 
F 0.38 0.32 0.115 0.6475 0.323 0.1325 0.164 7 
I 0.465 0.36 0.105 0.452 0.22 0.159 0.1035 9 
F 0.485 0.365 0.15 0.9145 0.4145 0.199 0.273 7 
I 0.5 0.395 0.145 0.7865 0.332 0.1815 0.2455 8 
M 0.505 0.4 0.15 0.775 0.3445 0.157 0.185 7 
I 0.51 0.375 0.15 0.8415 0.3845 0.156 0.255 10 
M 0.51 0.38 0.135 0.681 0.3435 0.142 0.17 9 
M 0.515 0.37 0.115 0.6145 0.3415 0.155 0.146 9 
F 0.575 0.42 0.19 1.764 0.914 0.377 0.4095 10 
M 0.605 0.455 0.16 1.1215 0.533 0.273 0.271 10 
M 0.615 0.505 0.165 1.167 0.4895 0.2955 0.345 10 
M 0.625 0.48 0.18 1.223 0.565 0.2975 0.3375 10 
M 0.625 0.47 0.15 1.124 0.556 0.2315 0.287 9 
F 0.635 0.505 0.17 1.2635 0.512 0.322 0.355 9 
F 0.65 0.5 0.17 1.4045 0.694 0.318 0.3235 11 
F 0.67 0.525 0.195 1.37 0.6065 0.2955 0.407 12 
F 0.695 0.525 0.205 1.8185 0.819 0.4025 0.4525 13 
F 0.705 0.555 0.195 1.7525 0.7105 0.4215 0.516 12 
I 0.275 0.205 0.065 0.101 0.041 0.021 0.034 5 
I 0.285 0.205 0.07 0.106 0.039 0.0285 0.034 5 
I 0.36 0.265 0.085 0.1865 0.0675 0.037 0.0615 7 
I 0.385 0.29 0.1 0.2575 0.1 0.061 0.086 6 
I 0.4 0.315 0.1 0.3225 0.143 0.0735 0.091 6 
I 0.435 0.375 0.11 0.4155 0.17 0.076 0.145 8 
I 0.45 0.335 0.115 0.3935 0.195 0.071 0.11 7 
I 0.475 0.355 0.135 0.4775 0.2145 0.09 0.1435 8 
I 0.475 0.36 0.11 0.452 0.191 0.099 0.13 8 
I 0.485 0.37 0.14 0.5065 0.2425 0.088 0.1465 8 
I 0.51 0.395 0.105 0.5525 0.234 0.127 0.165 8 
I 0.515 0.39 0.12 0.565 0.235 0.135 0.179 9 
I 0.52 0.41 0.14 0.699 0.3395 0.129 0.1945 10 
I 0.525 0.4 0.14 0.6055 0.2605 0.108 0.21 9 
M 0.53 0.425 0.155 0.7905 0.307 0.171 0.2595 9 
M 0.53 0.425 0.13 0.702 0.2975 0.1395 0.22 9 
M 0.53 0.42 0.135 0.675 0.294 0.156 0.1825 10 
I 0.53 0.395 0.115 0.475 0.2025 0.101 0.148 8 
I 0.53 0.41 0.15 0.612 0.2435 0.1525 0.1895 11 
I 0.535 0.4 0.145 0.705 0.3065 0.1365 0.22 10 
I 0.535 0.45 0.135 0.728 0.2845 0.1845 0.265 9 
F 0.555 0.44 0.14 0.846 0.346 0.1715 0.2735 10 
M 0.555 0.46 0.16 0.86 0.3345 0.1935 0.275 10 
M 0.56 0.465 0.145 0.8875 0.3345 0.22 0.2695 9 
F 0.56 0.43 0.145 0.898 0.3895 0.2325 0.245 9 
I 0.575 0.45 0.145 0.795 0.364 0.1505 0.26 10 
M 0.575 0.465 0.12 1.0535 0.516 0.2185 0.235 9 
I 0.58 0.42 0.14 0.701 0.3285 0.102 0.2255 9 
M 0.58 0.45 0.155 0.8275 0.321 0.1975 0.2445 8 
F 0.585 0.42 0.155 0.9845 0.442 0.2155 0.2875 13 
M 0.585 0.47 0.145 0.9565 0.4025 0.2365 0.265 9 
I 0.59 0.45 0.125 0.86 0.437 0.1515 0.245 9 
M 0.595 0.48 0.185 1.1785 0.526 0.2975 0.314 10 
M 0.615 0.48 0.185 1.2205 0.4985 0.315 0.33 10 
M 0.615 0.455 0.13 0.9685 0.49 0.182 0.2655 10 
F 0.62 0.5 0.175 1.107 0.4895 0.24 0.343 11 
I 0.62 0.48 0.18 1.1305 0.5285 0.2655 0.306 12 
M 0.62 0.48 0.155 1.2555 0.527 0.374 0.3175 11 
M 0.625 0.495 0.155 1.177 0.5055 0.278 0.345 9 
M 0.625 0.5 0.185 1.2425 0.5995 0.248 0.335 10 
M 0.63 0.49 0.16 1.09 0.407 0.224 0.354 12 
F 0.63 0.475 0.15 1.072 0.433 0.2975 0.315 8 
F 0.645 0.51 0.155 1.129 0.5015 0.24 0.342 10 
F 0.65 0.495 0.175 1.227 0.528 0.258 0.37 11 
F 0.655 0.52 0.175 1.472 0.6275 0.27 0.45 13 
F 0.665 0.525 0.18 1.5785 0.678 0.229 0.456 14 
M 0.67 0.52 0.175 1.4755 0.6275 0.379 0.374 10 
M 0.675 0.54 0.175 1.5545 0.6645 0.278 0.512 12 
F 0.675 0.54 0.21 1.593 0.686 0.318 0.45 11 
M 0.695 0.58 0.2 1.8995 0.675 0.478 0.5295 13 
F 0.705 0.56 0.17 1.4575 0.607 0.318 0.44 11 
M 0.74 0.58 0.205 2.381 0.8155 0.4695 0.488 12 
I 0.205 0.155 0.045 0.0495 0.0235 0.011 0.014 3 
I 0.305 0.23 0.075 0.1455 0.0595 0.0305 0.05 6 
I 0.32 0.23 0.06 0.129 0.0615 0.0275 0.0355 7 
I 0.355 0.27 0.1 0.2255 0.11 0.042 0.064 7 
M 0.425 0.305 0.11 0.359 0.173 0.0875 0.0975 9 
I 0.425 0.31 0.095 0.3505 0.1645 0.071 0.1 8 
F 0.45 0.365 0.115 0.5885 0.318 0.121 0.1325 8 
M 0.515 0.385 0.13 0.623 0.2855 0.1285 0.175 10 
F 0.52 0.375 0.135 0.5375 0.221 0.117 0.17 8 
I 0.525 0.4 0.125 0.5655 0.2435 0.119 0.175 8 
M 0.555 0.445 0.13 0.8625 0.4225 0.155 0.24 9 
F 0.61 0.49 0.17 1.137 0.4605 0.2825 0.344 12 
I 0.35 0.26 0.095 0.221 0.0985 0.043 0.07 8 
I 0.38 0.275 0.095 0.2425 0.106 0.0485 0.21 6 
I 0.46 0.34 0.1 0.386 0.1805 0.0875 0.0965 8 
M 0.465 0.355 0.12 0.5315 0.2725 0.097 0.1395 8 
M 0.565 0.445 0.14 0.836 0.406 0.1605 0.2245 9 
M 0.595 0.46 0.155 1.03 0.4275 0.207 0.3305 10 
F 0.605 0.48 0.175 1.1685 0.4815 0.2305 0.356 9 
M 0.62 0.46 0.17 1.127 0.535 0.2635 0.296 7 
M 0.625 0.47 0.17 1.1665 0.4605 0.2565 0.3945 11 
M 0.68 0.54 0.195 1.7825 0.5565 0.3235 0.4285 11 
M 0.68 0.52 0.175 1.543 0.7525 0.351 0.374 11 
F 0.71 0.555 0.17 1.47 0.5375 0.38 0.431 12 
M 0.5 0.385 0.12 0.6335 0.2305 0.125 0.235 14 
F 0.46 0.365 0.115 0.4485 0.165 0.083 0.17 14 
M 0.535 0.41 0.15 0.8105 0.345 0.187 0.24 11 
M 0.335 0.26 0.075 0.22 0.0855 0.04 0.085 6 
F 0.425 0.35 0.1 0.4425 0.175 0.0755 0.175 7 
M 0.41 0.325 0.1 0.3555 0.146 0.072 0.105 9 
I 0.17 0.105 0.035 0.034 0.012 0.0085 0.005 4 
I 0.335 0.25 0.095 0.185 0.0795 0.0495 0.055 8 
M 0.52 0.425 0.125 0.79 0.372 0.205 0.19 8 
F 0.615 0.475 0.145 0.9525 0.3915 0.195 0.32 9 
M 0.575 0.45 0.16 0.955 0.44 0.1685 0.27 16 
M 0.57 0.45 0.155 0.91 0.326 0.1895 0.355 14 
M 0.455 0.35 0.105 0.416 0.1625 0.097 0.145 11 
I 0.37 0.275 0.085 0.2045 0.096 0.056 0.08 6 
M 0.445 0.37 0.125 0.515 0.2495 0.087 0.159 9 
F 0.675 0.535 0.22 1.604 0.6175 0.4255 0.453 14 
M 0.385 0.3 0.115 0.3435 0.1645 0.085 0.1025 6 
F 0.375 0.295 0.11 0.3005 0.1255 0.0575 0.1035 7 
M 0.56 0.44 0.13 0.8255 0.2425 0.202 0.285 10 
M 0.55 0.41 0.15 0.785 0.282 0.186 0.275 12 
F 0.57 0.465 0.155 0.9685 0.446 0.261 0.255 9 
F 0.485 0.4 0.155 0.731 0.236 0.183 0.255 11 
M 0.41 0.335 0.115 0.4405 0.19 0.085 0.135 8 
I 0.335 0.255 0.085 0.1785 0.071 0.0405 0.055 9 
M 0.655 0.515 0.2 1.373 0.443 0.3375 0.49 16 
F 0.565 0.45 0.165 0.9765 0.322 0.244 0.37 12 
F 0.57 0.44 0.19 1.018 0.447 0.207 0.265 9 
F 0.55 0.465 0.15 1.082 0.3575 0.194 0.19 14 
F 0.63 0.475 0.175 1.423 0.4155 0.3385 0.49 14 
F 0.655 0.5 0.18 1.4155 0.508 0.314 0.445 18 
I 0.32 0.235 0.065 0.1385 0.058 0.0225 0.05 5 
M 0.525 0.395 0.165 0.782 0.285 0.1405 0.285 19 
F 0.525 0.43 0.165 0.717 0.289 0.1745 0.195 10 
F 0.5 0.39 0.13 0.6355 0.2505 0.1635 0.195 15 
F 0.44 0.34 0.135 0.3975 0.1505 0.0945 0.135 8 
F 0.49 0.385 0.16 0.656 0.2455 0.171 0.205 9 
M 0.545 0.44 0.165 0.744 0.2875 0.204 0.25 15 
F 0.45 0.36 0.11 0.447 0.203 0.082 0.13 12 
F 0.515 0.4 0.115 0.578 0.191 0.1445 0.17 9 
I 0.33 0.25 0.075 0.1405 0.056 0.035 0.05 5 
F 0.525 0.41 0.15 0.708 0.274 0.151 0.25 12 
M 0.295 0.225 0.09 0.1385 0.048 0.046 0.05 9 
F 0.645 0.5 0.225 1.626 0.587 0.4055 0.41 15 
M 0.45 0.355 0.115 0.478 0.18 0.1185 0.155 10 
F 0.61 0.49 0.17 1.1775 0.5655 0.2385 0.295 15 
I 0.38 0.3 0.1 0.286 0.1305 0.056 0.09 7 
F 0.565 0.455 0.13 1.058 0.439 0.2645 0.3 10 
F 0.67 0.545 0.16 1.5415 0.5985 0.2565 0.495 15 
M 0.54 0.425 0.12 0.817 0.2945 0.153 0.195 10 
I 0.29 0.225 0.075 0.152 0.071 0.059 0.045 9 
I 0.41 0.33 0.105 0.335 0.1525 0.074 0.11 7 
F 0.46 0.375 0.12 0.4915 0.2205 0.088 0.17 7 
F 0.56 0.44 0.155 0.9705 0.4315 0.263 0.255 9 
F 0.575 0.45 0.1 0.9315 0.431 0.222 0.235 12 
M 0.62 0.5 0.2 1.221 0.4605 0.263 0.43 12 
M 0.515 0.4 0.14 0.7365 0.2955 0.184 0.185 16 
F 0.56 0.46 0.18 0.97 0.342 0.196 0.355 12 
F 0.5 0.4 0.15 0.8085 0.273 0.112 0.295 13 
I 0.435 0.355 0.125 0.4075 0.1535 0.074 0.165 9 
M 0.495 0.38 0.135 0.6295 0.263 0.1425 0.215 12 
F 0.595 0.5 0.18 1.053 0.4405 0.192 0.39 13 
M 0.76 0.575 0.19 1.829 0.7035 0.386 0.56 14 
F 0.615 0.5 0.165 1.1765 0.488 0.244 0.345 17 
F 0.565 0.46 0.15 0.8765 0.3455 0.1925 0.275 10 
M 0.445 0.345 0.14 0.476 0.2055 0.1015 0.1085 15 
F 0.525 0.43 0.125 0.813 0.3315 0.166 0.1775 12 
I 0.16 0.12 0.02 0.018 0.0075 0.0045 0.005 4 
M 0.635 0.48 0.235 1.064 0.413 0.228 0.36 16 
M 0.575 0.47 0.165 0.853 0.292 0.179 0.35 16 
M 0.38 0.27 0.095 0.219 0.0835 0.0515 0.07 6 
M 0.245 0.18 0.065 0.0635 0.0245 0.0135 0.02 4 
I 0.48 0.39 0.15 0.6275 0.276 0.134 0.185 13 
I 0.455 0.365 0.135 0.441 0.1515 0.1165 0.145 9 
F 0.455 0.375 0.125 0.458 0.1985 0.111 0.12 10 
M 0.455 0.355 0.135 0.4745 0.1865 0.0935 0.168 13 
I 0.355 0.27 0.1 0.216 0.083 0.037 0.075 10 
I 0.52 0.405 0.14 0.6765 0.2865 0.146 0.205 15 
I 0.54 0.4 0.145 0.757 0.315 0.181 0.215 11 
I 0.52 0.39 0.14 0.7325 0.2415 0.144 0.26 19 
I 0.56 0.445 0.165 1.0285 0.4535 0.253 0.275 11 
F 0.52 0.41 0.16 0.712 0.2845 0.153 0.225 10 
I 0.615 0.46 0.19 1.066 0.4335 0.226 0.33 13 
F 0.645 0.49 0.19 1.3065 0.479 0.3565 0.345 18 
I 0.565 0.43 0.135 0.8545 0.321 0.1775 0.275 11 
M 0.295 0.23 0.085 0.125 0.042 0.0285 0.043 8 
M 0.375 0.28 0.095 0.2225 0.0875 0.043 0.08 10 
I 0.525 0.4 0.14 0.6955 0.2405 0.16 0.253 10 
M 0.395 0.28 0.08 0.266 0.0995 0.066 0.09 12 
F 0.5 0.4 0.165 0.7105 0.27 0.1455 0.225 20 
F 0.47 0.35 0.115 0.487 0.1955 0.127 0.155 8 
I 0.58 0.42 0.16 0.728 0.2725 0.19 0.19 14 
I 0.5 0.38 0.155 0.6675 0.2745 0.156 0.18 12 
I 0.725 0.55 0.22 2.0495 0.7735 0.4405 0.655 10 
F 0.65 0.515 0.215 1.498 0.564 0.323 0.425 16 
F 0.67 0.535 0.185 1.597 0.6275 0.35 0.47 21 
F 0.49 0.37 0.115 0.541 0.171 0.1175 0.185 11 
I 0.235 0.18 0.06 0.058 0.022 0.0145 0.018 6 
I 0.235 0.175 0.08 0.0645 0.0215 0.0175 0.0215 5 
M 0.52 0.41 0.115 0.77 0.263 0.157 0.26 11 
F 0.475 0.4 0.115 0.541 0.186 0.1025 0.21 13 
M 0.53 0.425 0.11 0.739 0.237 0.161 0.295 13 
F 0.35 0.275 0.065 0.205 0.0745 0.0465 0.07 10 
M 0.555 0.42 0.145 0.8695 0.3075 0.2575 0.25 14 
M 0.505 0.39 0.105 0.6555 0.2595 0.18 0.19 11 
F 0.54 0.44 0.16 1.0905 0.391 0.2295 0.355 15 
F 0.525 0.4 0.115 0.6295 0.2555 0.144 0.18 11 
M 0.55 0.45 0.175 1.0985 0.3765 0.215 0.4 14 
M 0.55 0.44 0.16 0.991 0.348 0.168 0.375 20 
I 0.235 0.175 0.065 0.0615 0.0205 0.02 0.019 6 
M 0.525 0.41 0.165 0.8005 0.2635 0.1985 0.25 13 
M 0.475 0.365 0.14 0.6175 0.202 0.1445 0.19 16 
F 0.53 0.4 0.165 0.772 0.2855 0.1975 0.23 12 
F 0.525 0.415 0.15 0.7155 0.2355 0.171 0.27 13 
F 0.53 0.425 0.13 0.717 0.2115 0.166 0.255 13 
F 0.465 0.39 0.11 0.6355 0.1815 0.157 0.225 13 
I 0.315 0.235 0.08 0.18 0.08 0.045 0.047 5 
I 0.465 0.355 0.12 0.5805 0.255 0.0915 0.184 8 
M 0.485 0.385 0.105 0.556 0.296 0.104 0.133 7 
I 0.49 0.385 0.12 0.591 0.271 0.1125 0.1775 9 
F 0.515 0.395 0.14 0.686 0.281 0.1255 0.22 12 
F 0.555 0.44 0.155 1.016 0.4935 0.1855 0.263 10 
F 0.61 0.5 0.18 1.438 0.5185 0.3735 0.3345 9 
F 0.68 0.55 0.19 1.807 0.8225 0.3655 0.515 11 
M 0.69 0.55 0.195 1.777 0.769 0.38 0.4305 11 
F 0.72 0.575 0.195 2.1505 1.0745 0.382 0.585 10 
I 0.27 0.205 0.075 0.118 0.059 0.031 0.0305 4 
I 0.295 0.22 0.07 0.1365 0.0575 0.0295 0.035 6 
I 0.295 0.22 0.065 0.1295 0.052 0.028 0.035 6 
I 0.375 0.29 0.095 0.2875 0.123 0.0605 0.08 6 
I 0.38 0.3 0.09 0.277 0.1655 0.0625 0.082 6 
I 0.4 0.295 0.095 0.252 0.1105 0.0575 0.066 6 
M 0.415 0.315 0.12 0.4015 0.199 0.087 0.097 8 
I 0.415 0.33 0.1 0.3905 0.1925 0.0755 0.1025 7 
I 0.42 0.32 0.115 0.409 0.2055 0.0935 0.105 8 
I 0.44 0.33 0.135 0.4095 0.163 0.1005 0.119 6 
I 0.45 0.35 0.135 0.494 0.2205 0.0945 0.1405 7 
I 0.475 0.35 0.12 0.4905 0.2035 0.13 0.135 7 
M 0.485 0.39 0.12 0.599 0.251 0.1345 0.169 8 
M 0.495 0.375 0.115 0.6245 0.282 0.143 0.155 6 
F 0.525 0.41 0.115 0.7745 0.416 0.163 0.18 7 
M 0.565 0.455 0.15 0.9795 0.444 0.205 0.275 8 
I 0.58 0.435 0.15 0.8915 0.363 0.1925 0.2515 6 
F 0.585 0.45 0.125 0.874 0.3545 0.2075 0.225 6 
M 0.6 0.465 0.155 1.262 0.6245 0.2455 0.33 10 
F 0.645 0.525 0.17 1.37 0.6135 0.283 0.34 10 
F 0.655 0.545 0.185 1.759 0.6865 0.313 0.547 11 
M 0.665 0.515 0.165 1.3855 0.621 0.302 0.3445 8 
F 0.67 0.52 0.195 1.8065 0.758 0.3735 0.5055 11 
M 0.67 0.51 0.2 1.5945 0.6705 0.3845 0.4505 10 
M 0.685 0.51 0.18 1.4545 0.6315 0.3105 0.3725 9 
M 0.7 0.6 0.23 2.003 0.8105 0.4045 0.5755 10 
M 0.72 0.6 0.235 2.2385 0.984 0.411 0.621 12 
I 0.185 0.135 0.045 0.032 0.011 0.0065 0.01 4 
I 0.245 0.175 0.055 0.0785 0.04 0.018 0.02 5 
I 0.315 0.23 0 0.134 0.0575 0.0285 0.3505 6 
I 0.36 0.27 0.09 0.2075 0.098 0.039 0.062 6 
I 0.375 0.28 0.08 0.2235 0.115 0.043 0.055 6 
I 0.415 0.31 0.095 0.34 0.181 0.057 0.083 6 
I 0.48 0.35 0.105 0.635 0.352 0.127 0.135 6 
I 0.485 0.375 0.125 0.562 0.2505 0.1345 0.1525 8 
I 0.51 0.39 0.125 0.597 0.293 0.1265 0.1555 8 
M 0.52 0.395 0.125 0.5815 0.2565 0.1265 0.17 10 
M 0.585 0.465 0.15 0.98 0.4315 0.2545 0.247 9 
F 0.585 0.46 0.15 1.0035 0.503 0.2105 0.2515 11 
M 0.585 0.455 0.155 1.133 0.5515 0.223 0.305 12 
M 0.61 0.475 0.15 1.142 0.62 0.237 0.245 9 
M 0.615 0.53 0.17 1.12 0.5775 0.2095 0.286 9 
F 0.62 0.465 0.14 1.011 0.479 0.2385 0.255 8 
M 0.625 0.505 0.175 1.131 0.5425 0.2265 0.323 8 
M 0.625 0.48 0.175 1.065 0.4865 0.259 0.285 10 
F 0.64 0.525 0.175 1.382 0.646 0.3115 0.37 9 
M 0.66 0.505 0.19 1.4385 0.6775 0.285 0.178 11 
M 0.66 0.485 0.155 1.2275 0.61 0.274 0.3 8 
M 0.66 0.515 0.155 1.4415 0.7055 0.3555 0.335 10 
F 0.68 0.55 0.175 1.473 0.713 0.282 0.4295 11 
F 0.69 0.58 0.195 1.658 0.708 0.3615 0.4715 10 
M 0.72 0.545 0.195 1.7475 0.8215 0.383 0.4705 11 
I 0.275 0.2 0.07 0.096 0.037 0.0225 0.03 6 
I 0.33 0.245 0.065 0.1445 0.058 0.032 0.0505 6 
I 0.33 0.26 0.085 0.1965 0.0915 0.0425 0.055 7 
I 0.365 0.28 0.09 0.196 0.0865 0.036 0.0605 7 
I 0.42 0.31 0.1 0.2805 0.1125 0.0615 0.0925 8 
I 0.435 0.325 0.1 0.366 0.174 0.0725 0.109 7 
I 0.44 0.325 0.11 0.4965 0.258 0.1195 0.1075 8 
I 0.485 0.365 0.09 0.651 0.3165 0.132 0.18 8 
I 0.495 0.385 0.125 0.5125 0.2075 0.1155 0.172 10 
M 0.51 0.405 0.125 0.6925 0.327 0.155 0.1805 7 
I 0.52 0.41 0.14 0.5995 0.242 0.1375 0.182 11 
I 0.54 0.42 0.14 0.74 0.3595 0.159 0.1985 8 
I 0.54 0.415 0.155 0.702 0.322 0.167 0.19 10 
I 0.55 0.445 0.125 0.672 0.288 0.1365 0.21 11 
I 0.56 0.44 0.155 0.811 0.3685 0.178 0.235 11 
F 0.575 0.45 0.12 0.9585 0.447 0.169 0.275 12 
I 0.575 0.45 0.15 0.858 0.449 0.166 0.215 10 
F 0.575 0.46 0.165 0.9575 0.4815 0.1945 0.236 10 
F 0.58 0.46 0.135 0.926 0.4025 0.208 0.275 8 
F 0.58 0.425 0.155 0.873 0.3615 0.249 0.239 10 
M 0.59 0.45 0.16 0.998 0.445 0.214 0.301 9 
M 0.6 0.46 0.155 0.6655 0.285 0.149 0.269 11 
M 0.62 0.485 0.145 1.003 0.4655 0.2195 0.28 11 
F 0.625 0.495 0.16 1.234 0.6335 0.192 0.35 13 
M 0.625 0.495 0.155 1.025 0.46 0.1945 0.34 9 
M 0.625 0.495 0.175 1.2935 0.5805 0.317 0.355 9 
M 0.625 0.5 0.175 1.0565 0.4615 0.258 0.305 10 
M 0.625 0.47 0.145 1.7855 0.675 0.247 0.3245 13 
F 0.635 0.5 0.18 1.2565 0.539 0.292 0.35 10 
F 0.645 0.5 0.15 1.159 0.4675 0.3355 0.31 9 
M 0.645 0.51 0.165 1.403 0.5755 0.2515 0.4545 11 
F 0.69 0.535 0.185 1.826 0.797 0.409 0.499 11 
M 0.515 0.39 0.12 0.6125 0.302 0.1365 0.1415 8 
I 0.545 0.405 0.13 0.658 0.327 0.1445 0.174 8 
M 0.62 0.465 0.145 0.911 0.375 0.2145 0.278 10 
M 0.63 0.49 0.15 1.1955 0.5845 0.257 0.3 9 
F 0.63 0.515 0.16 1.336 0.553 0.3205 0.35 11 
F 0.64 0.49 0.18 1.36 0.653 0.347 0.305 9 
I 0.37 0.275 0.08 0.2325 0.093 0.056 0.072 6 
I 0.395 0.31 0.085 0.317 0.153 0.0505 0.0935 7 
I 0.4 0.3 0.115 0.318 0.1335 0.0725 0.0935 6 
I 0.41 0.305 0.1 0.2645 0.1 0.0655 0.085 7 
I 0.48 0.335 0.125 0.524 0.246 0.1095 0.145 7 
I 0.485 0.375 0.11 0.464 0.2015 0.09 0.149 8 
I 0.5 0.36 0.12 0.439 0.1875 0.1055 0.1305 8 
I 0.515 0.395 0.125 0.5805 0.2365 0.1075 0.19 9 
I 0.52 0.4 0.14 0.622 0.278 0.1455 0.169 8 
M 0.545 0.45 0.15 0.7805 0.3795 0.1625 0.216 8 
I 0.55 0.435 0.125 0.741 0.348 0.1585 0.206 9 
M 0.55 0.43 0.18 0.8265 0.4405 0.159 0.225 10 
M 0.55 0.385 0.13 0.7275 0.343 0.1625 0.19 8 
I 0.555 0.43 0.125 0.7005 0.3395 0.1355 0.2095 8 
M 0.56 0.45 0.145 0.9355 0.425 0.1645 0.2725 11 
M 0.57 0.445 0.16 1.0145 0.516 0.164 0.3 10 
F 0.575 0.48 0.17 1.1 0.506 0.2485 0.31 10 
M 0.585 0.51 0.16 1.218 0.639 0.241 0.3 11 
M 0.59 0.45 0.155 0.874 0.369 0.2135 0.24 8 
I 0.595 0.475 0.155 0.984 0.4865 0.184 0.2755 10 
M 0.6 0.47 0.13 1.0105 0.423 0.219 0.298 9 
M 0.615 0.475 0.205 1.337 0.5995 0.2815 0.37 11 
M 0.625 0.5 0.18 1.3705 0.645 0.303 0.3705 12 
F 0.625 0.49 0.19 1.7015 0.7465 0.4105 0.3855 11 
M 0.63 0.485 0.18 1.2435 0.5175 0.308 0.37 11 
M 0.63 0.53 0.175 1.4135 0.667 0.2945 0.3555 13 
F 0.635 0.485 0.155 1.073 0.467 0.1975 0.35 11 
F 0.635 0.5 0.175 1.477 0.684 0.3005 0.39 12 
M 0.635 0.5 0.18 1.2915 0.594 0.2695 0.37 9 
F 0.65 0.495 0.16 1.3105 0.577 0.3315 0.355 9 
M 0.67 0.525 0.18 1.4915 0.728 0.343 0.381 9 
F 0.675 0.52 0.175 1.494 0.7365 0.3055 0.37 9 
F 0.675 0.51 0.15 1.1965 0.475 0.304 0.386 11 
M 0.68 0.545 0.185 1.672 0.7075 0.364 0.48 11 
F 0.71 0.545 0.175 1.907 0.8725 0.4565 0.475 11 
F 0.72 0.59 0.205 1.7495 0.7755 0.4225 0.48 11 
I 0.42 0.305 0.1 0.3415 0.1645 0.0775 0.086 7 
I 0.48 0.35 0.1 0.519 0.2365 0.1275 0.126 7 
M 0.48 0.365 0.13 0.5305 0.2405 0.127 0.139 8 
M 0.51 0.41 0.155 1.2825 0.569 0.291 0.3795 9 
I 0.515 0.4 0.14 0.7165 0.3495 0.1595 0.1785 8 
F 0.56 0.42 0.18 1.6645 0.7755 0.35 0.4525 9 
F 0.57 0.45 0.15 0.9645 0.531 0.189 0.209 9 
M 0.625 0.48 0.16 1.2415 0.6575 0.2625 0.2785 9 
F 0.64 0.505 0.175 1.3185 0.6185 0.302 0.3315 9 
M 0.65 0.525 0.185 1.3455 0.586 0.278 0.3865 9 
I 0.3 0.215 0.05 0.1185 0.048 0.0225 0.042 4 
M 0.35 0.265 0.09 0.197 0.073 0.0365 0.077 7 
I 0.455 0.35 0.13 0.4725 0.215 0.0745 0.15 9 
I 0.46 0.365 0.11 0.4495 0.1755 0.102 0.15 8 
I 0.49 0.375 0.115 0.557 0.2275 0.1335 0.1765 8 
I 0.5 0.385 0.12 0.516 0.197 0.1305 0.165 8 
I 0.54 0.415 0.135 0.709 0.3195 0.174 0.185 9 
M 0.55 0.42 0.145 0.7385 0.321 0.1485 0.252 11 
I 0.55 0.445 0.11 0.7935 0.378 0.142 0.26 10 
M 0.555 0.435 0.145 0.9205 0.404 0.2275 0.255 8 
I 0.57 0.425 0.14 0.7655 0.331 0.14 0.24 10 
M 0.58 0.45 0.14 0.824 0.3465 0.1765 0.263 10 
I 0.58 0.425 0.145 0.83 0.379 0.1605 0.2575 11 
I 0.585 0.47 0.17 0.985 0.3695 0.2395 0.315 10 
M 0.585 0.45 0.15 0.997 0.4055 0.283 0.251 11 
F 0.595 0.455 0.14 0.914 0.3895 0.2225 0.271 9 
F 0.6 0.5 0.17 1.13 0.4405 0.267 0.335 11 
F 0.615 0.495 0.155 1.0805 0.52 0.19 0.32 9 
M 0.63 0.505 0.155 1.105 0.492 0.226 0.325 11 
M 0.63 0.49 0.155 1.229 0.535 0.29 0.335 11 
F 0.635 0.495 0.175 1.2355 0.5205 0.3085 0.347 10 
F 0.645 0.535 0.19 1.2395 0.468 0.2385 0.424 10 
F 0.65 0.505 0.165 1.357 0.5725 0.281 0.43 11 
M 0.655 0.525 0.18 1.402 0.624 0.2935 0.365 13 
F 0.655 0.5 0.22 1.359 0.642 0.3255 0.405 13 
M 0.67 0.535 0.19 1.669 0.7465 0.2935 0.508 11 
M 0.67 0.525 0.2 1.7405 0.6205 0.297 0.657 11 
M 0.695 0.53 0.21 1.51 0.664 0.4095 0.385 10 
M 0.695 0.55 0.195 1.6645 0.727 0.36 0.445 11 
M 0.77 0.605 0.175 2.0505 0.8005 0.526 0.355 11 
I 0.28 0.215 0.07 0.124 0.063 0.0215 0.03 6 
I 0.33 0.23 0.08 0.14 0.0565 0.0365 0.046 7 
I 0.35 0.25 0.075 0.1695 0.0835 0.0355 0.041 6 
I 0.37 0.28 0.09 0.218 0.0995 0.0545 0.0615 7 
I 0.43 0.315 0.115 0.384 0.1885 0.0715 0.11 8 
I 0.435 0.33 0.095 0.393 0.219 0.075 0.0885 6 
I 0.44 0.35 0.11 0.3805 0.1575 0.0895 0.115 6 
M 0.475 0.37 0.11 0.4895 0.2185 0.107 0.146 8 
M 0.475 0.36 0.14 0.5135 0.241 0.1045 0.155 8 
I 0.48 0.355 0.11 0.4495 0.201 0.089 0.14 8 
F 0.56 0.44 0.135 0.8025 0.35 0.1615 0.259 9 
F 0.585 0.475 0.165 1.053 0.458 0.217 0.3 11 
F 0.585 0.455 0.17 0.9945 0.4255 0.263 0.2845 11 
M 0.385 0.255 0.1 0.3175 0.137 0.068 0.092 8 
I 0.39 0.31 0.085 0.344 0.181 0.0695 0.079 7 
I 0.39 0.29 0.1 0.2845 0.1255 0.0635 0.081 7 
I 0.405 0.3 0.085 0.3035 0.15 0.0505 0.088 7 
I 0.475 0.365 0.115 0.499 0.232 0.0885 0.156 10 
M 0.5 0.38 0.125 0.577 0.269 0.1265 0.1535 9 
F 0.515 0.4 0.125 0.615 0.2865 0.123 0.1765 8 
M 0.52 0.385 0.165 0.791 0.375 0.18 0.1815 10 
M 0.55 0.43 0.13 0.8395 0.3155 0.1955 0.2405 10 
M 0.56 0.43 0.155 0.8675 0.4 0.172 0.229 8 
F 0.565 0.45 0.165 0.887 0.37 0.239 0.249 11 
M 0.59 0.44 0.135 0.966 0.439 0.2145 0.2605 10 
M 0.6 0.475 0.205 1.176 0.5255 0.2875 0.308 9 
F 0.625 0.485 0.15 1.0945 0.531 0.261 0.296 10 
M 0.71 0.555 0.195 1.9485 0.9455 0.3765 0.495 12 
